0 0 14.310172155662265
0 1 13.591546528696819
0 2 16.21962213881195
0 3 15.718695285940226
0 4 13.418191907154053
0 5 13.935563313012324
0 6 12.070329345683932
0 7 12.218040163322271
0 8 15.708560380872353
0 9 17.103128150332935
0 10 14.725250052813905
0 11 14.896556476399713
0 12 13.387214564935011
0 13 14.523970767760334
0 14 15.661943547855255
0 15 13.39301721121302
0 16 14.205561384874482
0 17 15.22027441275595
0 18 14.269098614042822
0 19 15.3134152435555
0 20 13.276790672223715
0 21 13.797808742766726
0 22 13.440860791370037
0 23 12.34952834195239
0 24 12.91005432721147
0 25 12.372872806891582
0 26 13.477807850215894
0 27 12.730854549690239
0 28 12.322901230631356
0 29 12.29842706245689
1 0 13.591546528696819
1 1 16.339558719415237
1 2 15.800996703946558
1 3 12.89827378516208
1 4 14.079458503648626
1 5 14.296816580926535
1 6 14.975184104379391
1 7 14.39795159758251
1 8 15.431700396154874
1 9 15.047683815454853
1 10 15.203116946054301
1 11 13.608725796259375
1 12 13.34471019017293
1 13 16.941848535024853
1 14 15.852803859036696
1 15 16.749486579377635
1 16 16.30643737983564
1 17 13.610516126137593
1 18 13.734225949040344
1 19 15.791029581604802
1 20 13.234595666259123
1 21 13.073273681671782
1 22 15.667891906283081
1 23 15.340730188468902
1 24 13.474039020487963
1 25 14.085808721230878
1 26 13.639793739603176
1 27 12.919212558034928
1 28 12.425006828449947
1 29 10.968103552887086
2 0 16.21962213881195
2 1 15.800996703946558
2 2 13.794086187553827
2 3 13.72885390591139
2 4 12.331197062323943
2 5 13.811297291168934
2 6 17.259691640038916
2 7 15.927148900996496
2 8 14.87271398964395
2 9 14.126386722574727
2 10 13.939418533330889
2 11 12.747180723184323
2 12 16.053177709142297
2 13 15.42902728052223
2 14 14.434769373345421
2 15 14.164119668711804
2 16 16.68605171588286
2 17 14.299600797036495
2 18 14.068326569825931
2 19 16.019088351566776
2 20 14.016159740260147
2 21 14.826278011490762
2 22 14.872884751793686
2 23 14.778272353541338
2 24 14.235486044955522
2 25 11.672781930006886
2 26 14.042999121971135
2 27 12.88710391695143
2 28 11.552977979490212
2 29 12.425006828449947
3 0 15.718695285940226
3 1 12.89827378516208
3 2 13.72885390591139
3 3 14.538869936300724
3 4 14.838289559292416
3 5 14.883854368341558
3 6 15.56719613461024
3 7 15.34718566510522
3 8 14.970105676926055
3 9 15.685491870915445
3 10 15.186334283768668
3 11 15.525705694200632
3 12 13.943960313748073
3 13 14.937087492971488
3 14 14.333848766208625
3 15 16.07291023224023
3 16 13.991969372093234
3 17 13.42521226656949
3 18 15.134187459807952
3 19 14.24521429316178
3 20 14.276530650501195
3 21 13.570566290631016
3 22 15.067011944607822
3 23 13.392289234466183
3 24 14.93751225173971
3 25 12.923517860617372
3 26 12.681178310691326
3 27 13.276384219226614
3 28 12.88710391695143
3 29 12.919212558034928
4 0 13.418191907154053
4 1 14.079458503648626
4 2 12.331197062323943
4 3 14.838289559292416
4 4 15.95172834144912
4 5 15.602803193231829
4 6 14.372619318050472
4 7 15.039010647365076
4 8 15.51071806770274
4 9 18.407493609008164
4 10 16.210127624669482
4 11 14.813520365107987
4 12 15.09459668171171
4 13 15.849233553128586
4 14 17.813307786885755
4 15 12.689435657255578
4 16 15.653128618808266
4 17 15.722416029365506
4 18 15.272959809203389
4 19 14.506482707130205
4 20 16.225697094046463
4 21 14.361253875376295
4 22 12.870469625242968
4 23 13.117144766160823
4 24 12.512237385947063
4 25 15.7043286819575
4 26 14.55245192811516
4 27 12.681178310691326
4 28 14.042999121971135
4 29 13.639793739603176
5 0 13.935563313012324
5 1 14.296816580926535
5 2 13.811297291168934
5 3 14.883854368341558
5 4 15.602803193231829
5 5 15.54197108597086
5 6 18.179064851216364
5 7 13.896824843665142
5 8 15.294322707233809
5 9 18.539169952731807
5 10 15.842548763414205
5 11 16.306930079489895
5 12 16.533090327344723
5 13 17.348043380426567
5 14 16.934795851941146
5 15 16.98205345535446
5 16 14.362878473123498
5 17 16.35521313664066
5 18 15.102913580712114
5 19 15.099445295084852
5 20 15.373024335918906
5 21 16.20980192558711
5 22 17.170892011170626
5 23 12.974884644615907
5 24 13.652869930157944
5 25 12.682068396512296
5 26 15.7043286819575
5 27 12.923517860617372
5 28 11.672781930006886
5 29 14.085808721230878
6 0 12.070329345683932
6 1 14.975184104379391
6 2 17.259691640038916
6 3 15.56719613461024
6 4 14.372619318050472
6 5 18.179064851216364
6 6 15.91809867320447
6 7 17.055728643514662
6 8 16.066094084541053
6 9 18.34866656289401
6 10 15.853188424565726
6 11 14.987529733827952
6 12 18.931514042408548
6 13 18.457448331884937
6 14 18.103145938264554
6 15 16.33942692710123
6 16 14.646831589929214
6 17 14.288730306920804
6 18 14.28802427572882
6 19 14.344389428618607
6 20 14.654754610885927
6 21 16.069080510258857
6 22 15.467432962448664
6 23 16.17790862207399
6 24 14.150319399328556
6 25 13.652869930157944
6 26 12.512237385947063
6 27 14.93751225173971
6 28 14.235486044955522
6 29 13.474039020487963
7 0 12.218040163322271
7 1 14.39795159758251
7 2 15.927148900996496
7 3 15.34718566510522
7 4 15.039010647365076
7 5 13.896824843665142
7 6 17.055728643514662
7 7 20.48008216796696
7 8 19.55671451172498
7 9 17.698528285630683
7 10 18.34960114999802
7 11 16.940288953034898
7 12 18.731315328997578
7 13 15.934410499453078
7 14 14.086019557086207
7 15 16.63804540240549
7 16 17.286226634614334
7 17 16.044053120944238
7 18 14.691252079471639
7 19 13.450866261891484
7 20 15.317898956542832
7 21 14.314216851587895
7 22 15.519080515815343
7 23 16.369946542189176
7 24 16.17790862207399
7 25 12.974884644615907
7 26 13.117144766160823
7 27 13.392289234466183
7 28 14.778272353541338
7 29 15.340730188468902
8 0 15.708560380872353
8 1 15.431700396154874
8 2 14.87271398964395
8 3 14.970105676926055
8 4 15.51071806770274
8 5 15.294322707233809
8 6 16.066094084541053
8 7 19.55671451172498
8 8 18.470505413757675
8 9 20.428007619842198
8 10 20.612364188339217
8 11 21.466280961321495
8 12 21.749032888812142
8 13 19.99846042143909
8 14 14.852254509866581
8 15 16.276837152128692
8 16 14.272419474879085
8 17 16.505550846960567
8 18 15.545817364181389
8 19 13.020593642744423
8 20 13.421169505230978
8 21 16.374109314542036
8 22 13.126463094049909
8 23 15.519080515815343
8 24 15.467432962448664
8 25 17.170892011170626
8 26 12.870469625242968
8 27 15.067011944607822
8 28 14.872884751793686
8 29 15.667891906283081
9 0 17.103128150332935
9 1 15.047683815454853
9 2 14.126386722574727
9 3 15.685491870915445
9 4 18.407493609008164
9 5 18.539169952731807
9 6 18.34866656289401
9 7 17.698528285630683
9 8 20.428007619842198
9 9 21.29956256312512
9 10 20.86758223968962
9 11 25.965258878001194
9 12 19.371064521997233
9 13 18.955119182748945
9 14 18.28591637329967
9 15 16.79467215691488
9 16 17.201687511841673
9 17 13.709130804476098
9 18 14.77024345678436
9 19 15.802059855730866
9 20 14.550393445113817
9 21 14.267292074319526
9 22 16.374109314542036
9 23 14.314216851587895
9 24 16.069080510258857
9 25 16.20980192558711
9 26 14.361253875376295
9 27 13.570566290631016
9 28 14.826278011490762
9 29 13.073273681671782
10 0 14.725250052813905
10 1 15.203116946054301
10 2 13.939418533330889
10 3 15.186334283768668
10 4 16.210127624669482
10 5 15.842548763414205
10 6 15.853188424565726
10 7 18.34960114999802
10 8 20.612364188339217
10 9 20.86758223968962
10 10 7.63368206117192
10 11 22.077401320251248
10 12 21.657391947459626
10 13 19.91205128503028
10 14 19.70621595002263
10 15 19.55941067036801
10 16 14.721591236854435
10 17 15.95073163600496
10 18 17.249269047556222
10 19 15.085570949871336
10 20 14.678706546458221
10 21 14.550393445113817
10 22 13.421169505230978
10 23 15.317898956542832
10 24 14.654754610885927
10 25 15.373024335918906
10 26 16.225697094046463
10 27 14.276530650501195
10 28 14.016159740260147
10 29 13.234595666259123
11 0 14.896556476399713
11 1 13.608725796259375
11 2 12.747180723184323
11 3 15.525705694200632
11 4 14.813520365107987
11 5 16.306930079489895
11 6 14.987529733827952
11 7 16.940288953034898
11 8 21.466280961321495
11 9 25.965258878001194
11 10 22.077401320251248
11 11 23.82206786430629
11 12 20.04835531452302
11 13 20.080461708428498
11 14 19.81963722120182
11 15 16.02248983521872
11 16 13.920446530868578
11 17 17.149922611777253
11 18 13.802181889109457
11 19 13.959241442624325
11 20 15.085570949871336
11 21 15.802059855730866
11 22 13.020593642744423
11 23 13.450866261891484
11 24 14.344389428618607
11 25 15.099445295084852
11 26 14.506482707130205
11 27 14.24521429316178
11 28 16.019088351566776
11 29 15.791029581604802
12 0 13.387214564935011
12 1 13.34471019017293
12 2 16.053177709142297
12 3 13.943960313748073
12 4 15.09459668171171
12 5 16.533090327344723
12 6 18.931514042408548
12 7 18.731315328997578
12 8 21.749032888812142
12 9 19.371064521997233
12 10 21.657391947459626
12 11 20.04835531452302
12 12 18.572786323963683
12 13 16.589143563962008
12 14 17.166622876823272
12 15 19.281144816523163
12 16 15.504944379857648
12 17 15.856423912134076
12 18 18.44338153176699
12 19 13.802181889109457
12 20 17.249269047556222
12 21 14.77024345678436
12 22 15.545817364181389
12 23 14.691252079471639
12 24 14.28802427572882
12 25 15.102913580712114
12 26 15.272959809203389
12 27 15.134187459807952
12 28 14.068326569825931
12 29 13.734225949040344
13 0 14.523970767760334
13 1 16.941848535024853
13 2 15.42902728052223
13 3 14.937087492971488
13 4 15.849233553128586
13 5 17.348043380426567
13 6 18.457448331884937
13 7 15.934410499453078
13 8 19.99846042143909
13 9 18.955119182748945
13 10 19.91205128503028
13 11 20.080461708428498
13 12 16.589143563962008
13 13 20.747367863683166
13 14 15.443133973713268
13 15 17.600335792541767
13 16 15.553709451162993
13 17 16.865752526673848
13 18 15.856423912134076
13 19 17.149922611777253
13 20 15.95073163600496
13 21 13.709130804476098
13 22 16.505550846960567
13 23 16.044053120944238
13 24 14.288730306920804
13 25 16.35521313664066
13 26 15.722416029365506
13 27 13.42521226656949
13 28 14.299600797036495
13 29 13.610516126137593
14 0 15.661943547855255
14 1 15.852803859036696
14 2 14.434769373345421
14 3 14.333848766208625
14 4 17.813307786885755
14 5 16.934795851941146
14 6 18.103145938264554
14 7 14.086019557086207
14 8 14.852254509866581
14 9 18.28591637329967
14 10 19.70621595002263
14 11 19.81963722120182
14 12 17.166622876823272
14 13 15.443133973713268
14 14 19.753076815983444
14 15 17.11244640651595
14 16 16.842240576222025
14 17 15.553709451162993
14 18 15.504944379857648
14 19 13.920446530868578
14 20 14.721591236854435
14 21 17.201687511841673
14 22 14.272419474879085
14 23 17.286226634614334
14 24 14.646831589929214
14 25 14.362878473123498
14 26 15.653128618808266
14 27 13.991969372093234
14 28 16.68605171588286
14 29 16.30643737983564
15 0 13.39301721121302
15 1 16.749486579377635
15 2 14.164119668711804
15 3 16.07291023224023
15 4 12.689435657255578
15 5 16.98205345535446
15 6 16.33942692710123
15 7 16.63804540240549
15 8 16.276837152128692
15 9 16.79467215691488
15 10 19.55941067036801
15 11 16.02248983521872
15 12 19.281144816523163
15 13 17.600335792541767
15 14 17.11244640651595
15 15 18.262761307291782
15 16 17.11244640651595
15 17 17.600335792541767
15 18 19.281144816523163
15 19 16.02248983521872
15 20 19.55941067036801
15 21 16.79467215691488
15 22 16.276837152128692
15 23 16.63804540240549
15 24 16.33942692710123
15 25 16.98205345535446
15 26 12.689435657255578
15 27 16.07291023224023
15 28 14.164119668711804
15 29 16.749486579377635
16 0 14.205561384874482
16 1 16.30643737983564
16 2 16.68605171588286
16 3 13.991969372093234
16 4 15.653128618808266
16 5 14.362878473123498
16 6 14.646831589929214
16 7 17.286226634614334
16 8 14.272419474879085
16 9 17.201687511841673
16 10 14.721591236854435
16 11 13.920446530868578
16 12 15.504944379857648
16 13 15.553709451162993
16 14 16.842240576222025
16 15 17.11244640651595
16 16 19.753076815983444
16 17 15.443133973713268
16 18 17.166622876823272
16 19 19.81963722120182
16 20 19.70621595002263
16 21 18.28591637329967
16 22 14.852254509866581
16 23 14.086019557086207
16 24 18.103145938264554
16 25 16.934795851941146
16 26 17.813307786885755
16 27 14.333848766208625
16 28 14.434769373345421
16 29 15.852803859036696
17 0 15.22027441275595
17 1 13.610516126137593
17 2 14.299600797036495
17 3 13.42521226656949
17 4 15.722416029365506
17 5 16.35521313664066
17 6 14.288730306920804
17 7 16.044053120944238
17 8 16.505550846960567
17 9 13.709130804476098
17 10 15.95073163600496
17 11 17.149922611777253
17 12 15.856423912134076
17 13 16.865752526673848
17 14 15.553709451162993
17 15 17.600335792541767
17 16 15.443133973713268
17 17 20.747367863683166
17 18 16.589143563962008
17 19 20.080461708428498
17 20 19.91205128503028
17 21 18.955119182748945
17 22 19.99846042143909
17 23 15.934410499453078
17 24 18.457448331884937
17 25 17.348043380426567
17 26 15.849233553128586
17 27 14.937087492971488
17 28 15.42902728052223
17 29 16.941848535024853
18 0 14.269098614042822
18 1 13.734225949040344
18 2 14.068326569825931
18 3 15.134187459807952
18 4 15.272959809203389
18 5 15.102913580712114
18 6 14.28802427572882
18 7 14.691252079471639
18 8 15.545817364181389
18 9 14.77024345678436
18 10 17.249269047556222
18 11 13.802181889109457
18 12 18.44338153176699
18 13 15.856423912134076
18 14 15.504944379857648
18 15 19.281144816523163
18 16 17.166622876823272
18 17 16.589143563962008
18 18 18.572786323963683
18 19 20.04835531452302
18 20 21.657391947459626
18 21 19.371064521997233
18 22 21.749032888812142
18 23 18.731315328997578
18 24 18.931514042408548
18 25 16.533090327344723
18 26 15.09459668171171
18 27 13.943960313748073
18 28 16.053177709142297
18 29 13.34471019017293
19 0 15.3134152435555
19 1 15.791029581604802
19 2 16.019088351566776
19 3 14.24521429316178
19 4 14.506482707130205
19 5 15.099445295084852
19 6 14.344389428618607
19 7 13.450866261891484
19 8 13.020593642744423
19 9 15.802059855730866
19 10 15.085570949871336
19 11 13.959241442624325
19 12 13.802181889109457
19 13 17.149922611777253
19 14 13.920446530868578
19 15 16.02248983521872
19 16 19.81963722120182
19 17 20.080461708428498
19 18 20.04835531452302
19 19 23.82206786430629
19 20 22.077401320251248
19 21 25.965258878001194
19 22 21.466280961321495
19 23 16.940288953034898
19 24 14.987529733827952
19 25 16.306930079489895
19 26 14.813520365107987
19 27 15.525705694200632
19 28 12.747180723184323
19 29 13.608725796259375
20 0 13.276790672223715
20 1 13.234595666259123
20 2 14.016159740260147
20 3 14.276530650501195
20 4 16.225697094046463
20 5 15.373024335918906
20 6 14.654754610885927
20 7 15.317898956542832
20 8 13.421169505230978
20 9 14.550393445113817
20 10 14.678706546458221
20 11 15.085570949871336
20 12 17.249269047556222
20 13 15.95073163600496
20 14 14.721591236854435
20 15 19.55941067036801
20 16 19.70621595002263
20 17 19.91205128503028
20 18 21.657391947459626
20 19 22.077401320251248
20 20 7.63368206117192
20 21 20.86758223968962
20 22 20.612364188339217
20 23 18.34960114999802
20 24 15.853188424565726
20 25 15.842548763414205
20 26 16.210127624669482
20 27 15.186334283768668
20 28 13.939418533330889
20 29 15.203116946054301
21 0 13.797808742766726
21 1 13.073273681671782
21 2 14.826278011490762
21 3 13.570566290631016
21 4 14.361253875376295
21 5 16.20980192558711
21 6 16.069080510258857
21 7 14.314216851587895
21 8 16.374109314542036
21 9 14.267292074319526
21 10 14.550393445113817
21 11 15.802059855730866
21 12 14.77024345678436
21 13 13.709130804476098
21 14 17.201687511841673
21 15 16.79467215691488
21 16 18.28591637329967
21 17 18.955119182748945
21 18 19.371064521997233
21 19 25.965258878001194
21 20 20.86758223968962
21 21 21.29956256312512
21 22 20.428007619842198
21 23 17.698528285630683
21 24 18.34866656289401
21 25 18.539169952731807
21 26 18.407493609008164
21 27 15.685491870915445
21 28 14.126386722574727
21 29 15.047683815454853
22 0 13.440860791370037
22 1 15.667891906283081
22 2 14.872884751793686
22 3 15.067011944607822
22 4 12.870469625242968
22 5 17.170892011170626
22 6 15.467432962448664
22 7 15.519080515815343
22 8 13.126463094049909
22 9 16.374109314542036
22 10 13.421169505230978
22 11 13.020593642744423
22 12 15.545817364181389
22 13 16.505550846960567
22 14 14.272419474879085
22 15 16.276837152128692
22 16 14.852254509866581
22 17 19.99846042143909
22 18 21.749032888812142
22 19 21.466280961321495
22 20 20.612364188339217
22 21 20.428007619842198
22 22 18.470505413757675
22 23 19.55671451172498
22 24 16.066094084541053
22 25 15.294322707233809
22 26 15.51071806770274
22 27 14.970105676926055
22 28 14.87271398964395
22 29 15.431700396154874
23 0 12.34952834195239
23 1 15.340730188468902
23 2 14.778272353541338
23 3 13.392289234466183
23 4 13.117144766160823
23 5 12.974884644615907
23 6 16.17790862207399
23 7 16.369946542189176
23 8 15.519080515815343
23 9 14.314216851587895
23 10 15.317898956542832
23 11 13.450866261891484
23 12 14.691252079471639
23 13 16.044053120944238
23 14 17.286226634614334
23 15 16.63804540240549
23 16 14.086019557086207
23 17 15.934410499453078
23 18 18.731315328997578
23 19 16.940288953034898
23 20 18.34960114999802
23 21 17.698528285630683
23 22 19.55671451172498
23 23 20.48008216796696
23 24 17.055728643514662
23 25 13.896824843665142
23 26 15.039010647365076
23 27 15.34718566510522
23 28 15.927148900996496
23 29 14.39795159758251
24 0 12.91005432721147
24 1 13.474039020487963
24 2 14.235486044955522
24 3 14.93751225173971
24 4 12.512237385947063
24 5 13.652869930157944
24 6 14.150319399328556
24 7 16.17790862207399
24 8 15.467432962448664
24 9 16.069080510258857
24 10 14.654754610885927
24 11 14.344389428618607
24 12 14.28802427572882
24 13 14.288730306920804
24 14 14.646831589929214
24 15 16.33942692710123
24 16 18.103145938264554
24 17 18.457448331884937
24 18 18.931514042408548
24 19 14.987529733827952
24 20 15.853188424565726
24 21 18.34866656289401
24 22 16.066094084541053
24 23 17.055728643514662
24 24 15.91809867320447
24 25 18.179064851216364
24 26 14.372619318050472
24 27 15.56719613461024
24 28 17.259691640038916
24 29 14.975184104379391
25 0 12.372872806891582
25 1 14.085808721230878
25 2 11.672781930006886
25 3 12.923517860617372
25 4 15.7043286819575
25 5 12.682068396512296
25 6 13.652869930157944
25 7 12.974884644615907
25 8 17.170892011170626
25 9 16.20980192558711
25 10 15.373024335918906
25 11 15.099445295084852
25 12 15.102913580712114
25 13 16.35521313664066
25 14 14.362878473123498
25 15 16.98205345535446
25 16 16.934795851941146
25 17 17.348043380426567
25 18 16.533090327344723
25 19 16.306930079489895
25 20 15.842548763414205
25 21 18.539169952731807
25 22 15.294322707233809
25 23 13.896824843665142
25 24 18.179064851216364
25 25 15.54197108597086
25 26 15.602803193231829
25 27 14.883854368341558
25 28 13.811297291168934
25 29 14.296816580926535
26 0 13.477807850215894
26 1 13.639793739603176
26 2 14.042999121971135
26 3 12.681178310691326
26 4 14.55245192811516
26 5 15.7043286819575
26 6 12.512237385947063
26 7 13.117144766160823
26 8 12.870469625242968
26 9 14.361253875376295
26 10 16.225697094046463
26 11 14.506482707130205
26 12 15.272959809203389
26 13 15.722416029365506
26 14 15.653128618808266
26 15 12.689435657255578
26 16 17.813307786885755
26 17 15.849233553128586
26 18 15.09459668171171
26 19 14.813520365107987
26 20 16.210127624669482
26 21 18.407493609008164
26 22 15.51071806770274
26 23 15.039010647365076
26 24 14.372619318050472
26 25 15.602803193231829
26 26 15.95172834144912
26 27 14.838289559292416
26 28 12.331197062323943
26 29 14.079458503648626
27 0 12.730854549690239
27 1 12.919212558034928
27 2 12.88710391695143
27 3 13.276384219226614
27 4 12.681178310691326
27 5 12.923517860617372
27 6 14.93751225173971
27 7 13.392289234466183
27 8 15.067011944607822
27 9 13.570566290631016
27 10 14.276530650501195
27 11 14.24521429316178
27 12 15.134187459807952
27 13 13.42521226656949
27 14 13.991969372093234
27 15 16.07291023224023
27 16 14.333848766208625
27 17 14.937087492971488
27 18 13.943960313748073
27 19 15.525705694200632
27 20 15.186334283768668
27 21 15.685491870915445
27 22 14.970105676926055
27 23 15.34718566510522
27 24 15.56719613461024
27 25 14.883854368341558
27 26 14.838289559292416
27 27 14.538869936300724
27 28 13.72885390591139
27 29 12.89827378516208
28 0 12.322901230631356
28 1 12.425006828449947
28 2 11.552977979490212
28 3 12.88710391695143
28 4 14.042999121971135
28 5 11.672781930006886
28 6 14.235486044955522
28 7 14.778272353541338
28 8 14.872884751793686
28 9 14.826278011490762
28 10 14.016159740260147
28 11 16.019088351566776
28 12 14.068326569825931
28 13 14.299600797036495
28 14 16.68605171588286
28 15 14.164119668711804
28 16 14.434769373345421
28 17 15.42902728052223
28 18 16.053177709142297
28 19 12.747180723184323
28 20 13.939418533330889
28 21 14.126386722574727
28 22 14.87271398964395
28 23 15.927148900996496
28 24 17.259691640038916
28 25 13.811297291168934
28 26 12.331197062323943
28 27 13.72885390591139
28 28 13.794086187553827
28 29 15.800996703946558
29 0 12.29842706245689
29 1 10.968103552887086
29 2 12.425006828449947
29 3 12.919212558034928
29 4 13.639793739603176
29 5 14.085808721230878
29 6 13.474039020487963
29 7 15.340730188468902
29 8 15.667891906283081
29 9 13.073273681671782
29 10 13.234595666259123
29 11 15.791029581604802
29 12 13.734225949040344
29 13 13.610516126137593
29 14 16.30643737983564
29 15 16.749486579377635
29 16 15.852803859036696
29 17 16.941848535024853
29 18 13.34471019017293
29 19 13.608725796259375
29 20 15.203116946054301
29 21 15.047683815454853
29 22 15.431700396154874
29 23 14.39795159758251
29 24 14.975184104379391
29 25 14.296816580926535
29 26 14.079458503648626
29 27 12.89827378516208
29 28 15.800996703946558
29 29 16.339558719415237
