0 0 2.7293023995437014
0 1 3.128809053567408
0 2 2.88227636041485
0 3 2.9973518520291282
0 4 3.3312230540674808
0 5 3.281462920801067
0 6 3.4648693635926042
0 7 3.5829273896662355
0 8 3.089149147856686
0 9 3.2505440427058807
0 10 3.7396431692225454
0 11 3.045844639171055
0 12 3.379171181284369
0 13 3.0495169939425613
0 14 2.7578079423266795
0 15 3.472422301244808
0 16 3.3402265959029185
0 17 3.2293156207969074
0 18 3.070056656135251
0 19 2.726411574733189
0 20 3.1471532882957605
0 21 3.240521102366928
0 22 3.0918141077362034
0 23 3.789813311649483
0 24 3.518485074791489
0 25 3.043891134054225
0 26 2.8658765173606096
0 27 2.7341569428466705
0 28 3.052294091898307
0 29 2.99571882886491
1 0 3.128809053567408
1 1 2.9933467027089065
1 2 2.963743098347195
1 3 2.948237597234642
1 4 3.4942034014219097
1 5 3.883882482724627
1 6 3.1364018671268035
1 7 3.050229492551783
1 8 3.666226957471577
1 9 3.34926682717756
1 10 3.7067979212921354
1 11 3.504880567951194
1 12 4.141311304929402
1 13 3.319157119207721
1 14 3.6247995687534647
1 15 3.3706397141162423
1 16 3.097792853161388
1 17 3.4026290315343983
1 18 3.770305044049095
1 19 3.296515310292029
1 20 3.2157449265655145
1 21 3.308252857709226
1 22 2.973300534031552
1 23 2.649838240050576
1 24 3.2046475194972137
1 25 3.075332725207152
1 26 3.0274089844233827
1 27 2.6542960487021663
1 28 2.985917596331373
1 29 3.1380962942982493
2 0 2.88227636041485
2 1 2.963743098347195
2 2 3.342151357286715
2 3 3.6057523601199857
2 4 3.2122380031141273
2 5 3.800278342695855
2 6 3.1569942303615486
2 7 3.535950045588025
2 8 3.3895850240336225
2 9 3.463043457663122
2 10 4.020645498178033
2 11 4.246847188852555
2 12 2.933216840635797
2 13 3.5842546250984864
2 14 3.6635023728523994
2 15 3.5453934783821133
2 16 3.2143655815846146
2 17 2.9985123048133593
2 18 3.167091222602755
2 19 3.4836177468540552
2 20 3.478540554094278
2 21 3.1124188866107247
2 22 2.811286648047024
2 23 3.286154949363146
2 24 3.4963254389851217
2 25 3.644631057804426
2 26 2.9528319224980506
2 27 2.8370556036839116
2 28 2.9927129127721988
2 29 2.985917596331373
3 0 2.9973518520291282
3 1 2.948237597234642
3 2 3.6057523601199857
3 3 3.1099187029520263
3 4 3.3830255245217744
3 5 3.5915196935399663
3 6 3.6730096501593157
3 7 3.647736882720661
3 8 4.753053266001313
3 9 4.087380747827223
3 10 4.439082329101611
3 11 4.0677528510543
3 12 4.424095308279735
3 13 4.846750479062688
3 14 3.4149330290781688
3 15 3.4517522522885624
3 16 4.095958473045452
3 17 3.6022578309293944
3 18 3.5607307831394923
3 19 3.384958831134759
3 20 3.3103758907992584
3 21 3.286289172260959
3 22 3.3498707736396325
3 23 3.4091377783963446
3 24 2.961097756973655
3 25 3.439457868327638
3 26 3.436042911623141
3 27 3.11242755824335
3 28 2.8370556036839116
3 29 2.6542960487021663
4 0 3.3312230540674808
4 1 3.4942034014219097
4 2 3.2122380031141273
4 3 3.3830255245217744
4 4 3.8385219576462277
4 5 3.6855967747514637
4 6 4.644700763429761
4 7 4.0123575197454215
4 8 4.635961108643003
4 9 4.1093041976502365
4 10 4.639623619744041
4 11 4.76442244644878
4 12 4.46700037342824
4 13 3.9193626613127455
4 14 4.09867691769826
4 15 4.549127038643941
4 16 3.3229734906876867
4 17 3.480702376126981
4 18 3.1491762163668517
4 19 3.4274271828935996
4 20 2.9739938175029463
4 21 3.0746605808873264
4 22 3.109086660462959
4 23 3.3639675651112895
4 24 3.416641252526286
4 25 2.8801051266697284
4 26 2.713982218818495
4 27 3.436042911623141
4 28 2.9528319224980506
4 29 3.0274089844233827
5 0 3.281462920801067
5 1 3.883882482724627
5 2 3.800278342695855
5 3 3.5915196935399663
5 4 3.6855967747514637
5 5 4.132119548679212
5 6 3.7672825165488275
5 7 5.1437489451008425
5 8 4.948706833669912
5 9 4.151323662936184
5 10 5.973572798440298
5 11 4.9534741969927945
5 12 4.898864761236167
5 13 4.015750782506149
5 14 4.2609838112966845
5 15 3.855872084292684
5 16 4.081681902943268
5 17 3.6905432240146947
5 18 3.8547552685654756
5 19 3.905630191800239
5 20 3.5899259646413446
5 21 3.133493309035426
5 22 2.837562662862942
5 23 3.313959217793138
5 24 3.2607660813342485
5 25 3.4043559017880183
5 26 2.8801051266697284
5 27 3.439457868327638
5 28 3.644631057804426
5 29 3.075332725207152
6 0 3.4648693635926042
6 1 3.1364018671268035
6 2 3.1569942303615486
6 3 3.6730096501593157
6 4 4.644700763429761
6 5 3.7672825165488275
6 6 5.932524649857671
6 7 4.871734615269344
6 8 5.501505808878934
6 9 4.848746905357813
6 10 7.172589464817063
6 11 5.947432434058711
6 12 5.657748089942136
6 13 4.661018929108455
6 14 4.191652553679128
6 15 4.451446438473091
6 16 4.067063015284773
6 17 4.350392139326232
6 18 4.111343618944246
6 19 3.5839040254377377
6 20 3.6658668267123984
6 21 3.389571670132728
6 22 2.7113196344859927
6 23 3.2591210094469156
6 24 3.209789659173806
6 25 3.2607660813342485
6 26 3.416641252526286
6 27 2.961097756973655
6 28 3.4963254389851217
6 29 3.2046475194972137
7 0 3.5829273896662355
7 1 3.050229492551783
7 2 3.535950045588025
7 3 3.647736882720661
7 4 4.0123575197454215
7 5 5.1437489451008425
7 6 4.871734615269344
7 7 4.930390151547601
7 8 6.005947105845485
7 9 5.20976578888797
7 10 6.6757128044362775
7 11 5.832704919704679
7 12 5.0111096163658475
7 13 6.571282518248826
7 14 5.417699829648541
7 15 5.2914137756544
7 16 4.269325548223193
7 17 3.9077061072848505
7 18 4.987551054236131
7 19 4.234286803899239
7 20 3.7352714131729874
7 21 3.4327128915684475
7 22 3.2046511773455832
7 23 3.0015872011506177
7 24 3.2591210094469156
7 25 3.313959217793138
7 26 3.3639675651112895
7 27 3.4091377783963446
7 28 3.286154949363146
7 29 2.649838240050576
8 0 3.089149147856686
8 1 3.666226957471577
8 2 3.3895850240336225
8 3 4.753053266001313
8 4 4.635961108643003
8 5 4.948706833669912
8 6 5.501505808878934
8 7 6.005947105845485
8 8 7.191223034884754
8 9 6.882027393278515
8 10 7.695009029992241
8 11 7.704934021797578
8 12 6.066157852639999
8 13 5.212159129162507
8 14 5.696042865814523
8 15 4.944333019685413
8 16 5.018219283314858
8 17 3.9907999446511995
8 18 3.5821608520515835
8 19 5.2987691920370965
8 20 4.3070233720824955
8 21 3.071240022500331
8 22 3.716843329681241
8 23 3.2046511773455832
8 24 2.7113196344859927
8 25 2.837562662862942
8 26 3.109086660462959
8 27 3.3498707736396325
8 28 2.811286648047024
8 29 2.973300534031552
9 0 3.2505440427058807
9 1 3.34926682717756
9 2 3.463043457663122
9 3 4.087380747827223
9 4 4.1093041976502365
9 5 4.151323662936184
9 6 4.848746905357813
9 7 5.20976578888797
9 8 6.882027393278515
9 9 10.384200700974967
9 10 9.994242257502744
9 11 8.594883155606778
9 12 8.594704897921245
9 13 7.165720765984936
9 14 5.551592764350761
9 15 5.682337602339593
9 16 4.445302401121651
9 17 5.1738568543069166
9 18 4.533619185273641
9 19 3.473151778002958
9 20 4.386385356474628
9 21 4.148083066052159
9 22 3.071240022500331
9 23 3.4327128915684475
9 24 3.389571670132728
9 25 3.133493309035426
9 26 3.0746605808873264
9 27 3.286289172260959
9 28 3.1124188866107247
9 29 3.308252857709226
10 0 3.7396431692225454
10 1 3.7067979212921354
10 2 4.020645498178033
10 3 4.439082329101611
10 4 4.639623619744041
10 5 5.973572798440298
10 6 7.172589464817063
10 7 6.6757128044362775
10 8 7.695009029992241
10 9 9.994242257502744
10 10 24.223680630350298
10 11 11.49475449526272
10 12 6.841067172029308
10 13 6.325352263725601
10 14 4.6105651020096685
10 15 4.498383158729172
10 16 5.620971199526239
10 17 4.623796992255297
10 18 4.271656334328028
10 19 4.327460156547515
10 20 3.647395661285991
10 21 4.386385356474628
10 22 4.3070233720824955
10 23 3.7352714131729874
10 24 3.6658668267123984
10 25 3.5899259646413446
10 26 2.9739938175029463
10 27 3.3103758907992584
10 28 3.478540554094278
10 29 3.2157449265655145
11 0 3.045844639171055
11 1 3.504880567951194
11 2 4.246847188852555
11 3 4.0677528510543
11 4 4.76442244644878
11 5 4.9534741969927945
11 6 5.947432434058711
11 7 5.832704919704679
11 8 7.704934021797578
11 9 8.594883155606778
11 10 11.49475449526272
11 11 8.553418657790617
11 12 8.460913496027818
11 13 6.260436914468553
11 14 4.763784549069
11 15 5.5361499401384755
11 16 5.448939727720469
11 17 4.888871272530636
11 18 4.841199235923665
11 19 4.783835649426488
11 20 4.327460156547515
11 21 3.473151778002958
11 22 5.2987691920370965
11 23 4.234286803899239
11 24 3.5839040254377377
11 25 3.905630191800239
11 26 3.4274271828935996
11 27 3.384958831134759
11 28 3.4836177468540552
11 29 3.296515310292029
12 0 3.379171181284369
12 1 4.141311304929402
12 2 2.933216840635797
12 3 4.424095308279735
12 4 4.46700037342824
12 5 4.898864761236167
12 6 5.657748089942136
12 7 5.0111096163658475
12 8 6.066157852639999
12 9 8.594704897921245
12 10 6.841067172029308
12 11 8.460913496027818
12 12 6.668552484178098
12 13 6.2511921602670615
12 14 5.606687394227955
12 15 5.643147864583767
12 16 5.246902764203467
12 17 4.656506212484718
12 18 4.818253652762656
12 19 4.841199235923665
12 20 4.271656334328028
12 21 4.533619185273641
12 22 3.5821608520515835
12 23 4.987551054236131
12 24 4.111343618944246
12 25 3.8547552685654756
12 26 3.1491762163668517
12 27 3.5607307831394923
12 28 3.167091222602755
12 29 3.770305044049095
13 0 3.0495169939425613
13 1 3.319157119207721
13 2 3.5842546250984864
13 3 4.846750479062688
13 4 3.9193626613127455
13 5 4.015750782506149
13 6 4.661018929108455
13 7 6.571282518248826
13 8 5.212159129162507
13 9 7.165720765984936
13 10 6.325352263725601
13 11 6.260436914468553
13 12 6.2511921602670615
13 13 5.253645818287756
13 14 6.704580115416979
13 15 5.376068688351825
13 16 5.201522928822344
13 17 4.862820627576174
13 18 4.656506212484718
13 19 4.888871272530636
13 20 4.623796992255297
13 21 5.1738568543069166
13 22 3.9907999446511995
13 23 3.9077061072848505
13 24 4.350392139326232
13 25 3.6905432240146947
13 26 3.480702376126981
13 27 3.6022578309293944
13 28 2.9985123048133593
13 29 3.4026290315343983
14 0 2.7578079423266795
14 1 3.6247995687534647
14 2 3.6635023728523994
14 3 3.4149330290781688
14 4 4.09867691769826
14 5 4.2609838112966845
14 6 4.191652553679128
14 7 5.417699829648541
14 8 5.696042865814523
14 9 5.551592764350761
14 10 4.6105651020096685
14 11 4.763784549069
14 12 5.606687394227955
14 13 6.704580115416979
14 14 5.312026570428849
14 15 4.78906955622094
14 16 4.976747833820417
14 17 5.201522928822344
14 18 5.246902764203467
14 19 5.448939727720469
14 20 5.620971199526239
14 21 4.445302401121651
14 22 5.018219283314858
14 23 4.269325548223193
14 24 4.067063015284773
14 25 4.081681902943268
14 26 3.3229734906876867
14 27 4.095958473045452
14 28 3.2143655815846146
14 29 3.097792853161388
15 0 3.472422301244808
15 1 3.3706397141162423
15 2 3.5453934783821133
15 3 3.4517522522885624
15 4 4.549127038643941
15 5 3.855872084292684
15 6 4.451446438473091
15 7 5.2914137756544
15 8 4.944333019685413
15 9 5.682337602339593
15 10 4.498383158729172
15 11 5.5361499401384755
15 12 5.643147864583767
15 13 5.376068688351825
15 14 4.78906955622094
15 15 4.660808875298423
15 16 4.78906955622094
15 17 5.376068688351825
15 18 5.643147864583767
15 19 5.5361499401384755
15 20 4.498383158729172
15 21 5.682337602339593
15 22 4.944333019685413
15 23 5.2914137756544
15 24 4.451446438473091
15 25 3.855872084292684
15 26 4.549127038643941
15 27 3.4517522522885624
15 28 3.5453934783821133
15 29 3.3706397141162423
16 0 3.3402265959029185
16 1 3.097792853161388
16 2 3.2143655815846146
16 3 4.095958473045452
16 4 3.3229734906876867
16 5 4.081681902943268
16 6 4.067063015284773
16 7 4.269325548223193
16 8 5.018219283314858
16 9 4.445302401121651
16 10 5.620971199526239
16 11 5.448939727720469
16 12 5.246902764203467
16 13 5.201522928822344
16 14 4.976747833820417
16 15 4.78906955622094
16 16 5.312026570428849
16 17 6.704580115416979
16 18 5.606687394227955
16 19 4.763784549069
16 20 4.6105651020096685
16 21 5.551592764350761
16 22 5.696042865814523
16 23 5.417699829648541
16 24 4.191652553679128
16 25 4.2609838112966845
16 26 4.09867691769826
16 27 3.4149330290781688
16 28 3.6635023728523994
16 29 3.6247995687534647
17 0 3.2293156207969074
17 1 3.4026290315343983
17 2 2.9985123048133593
17 3 3.6022578309293944
17 4 3.480702376126981
17 5 3.6905432240146947
17 6 4.350392139326232
17 7 3.9077061072848505
17 8 3.9907999446511995
17 9 5.1738568543069166
17 10 4.623796992255297
17 11 4.888871272530636
17 12 4.656506212484718
17 13 4.862820627576174
17 14 5.201522928822344
17 15 5.376068688351825
17 16 6.704580115416979
17 17 5.253645818287756
17 18 6.2511921602670615
17 19 6.260436914468553
17 20 6.325352263725601
17 21 7.165720765984936
17 22 5.212159129162507
17 23 6.571282518248826
17 24 4.661018929108455
17 25 4.015750782506149
17 26 3.9193626613127455
17 27 4.846750479062688
17 28 3.5842546250984864
17 29 3.319157119207721
18 0 3.070056656135251
18 1 3.770305044049095
18 2 3.167091222602755
18 3 3.5607307831394923
18 4 3.1491762163668517
18 5 3.8547552685654756
18 6 4.111343618944246
18 7 4.987551054236131
18 8 3.5821608520515835
18 9 4.533619185273641
18 10 4.271656334328028
18 11 4.841199235923665
18 12 4.818253652762656
18 13 4.656506212484718
18 14 5.246902764203467
18 15 5.643147864583767
18 16 5.606687394227955
18 17 6.2511921602670615
18 18 6.668552484178098
18 19 8.460913496027818
18 20 6.841067172029308
18 21 8.594704897921245
18 22 6.066157852639999
18 23 5.0111096163658475
18 24 5.657748089942136
18 25 4.898864761236167
18 26 4.46700037342824
18 27 4.424095308279735
18 28 2.933216840635797
18 29 4.141311304929402
19 0 2.726411574733189
19 1 3.296515310292029
19 2 3.4836177468540552
19 3 3.384958831134759
19 4 3.4274271828935996
19 5 3.905630191800239
19 6 3.5839040254377377
19 7 4.234286803899239
19 8 5.2987691920370965
19 9 3.473151778002958
19 10 4.327460156547515
19 11 4.783835649426488
19 12 4.841199235923665
19 13 4.888871272530636
19 14 5.448939727720469
19 15 5.5361499401384755
19 16 4.763784549069
19 17 6.260436914468553
19 18 8.460913496027818
19 19 8.553418657790617
19 20 11.49475449526272
19 21 8.594883155606778
19 22 7.704934021797578
19 23 5.832704919704679
19 24 5.947432434058711
19 25 4.9534741969927945
19 26 4.76442244644878
19 27 4.0677528510543
19 28 4.246847188852555
19 29 3.504880567951194
20 0 3.1471532882957605
20 1 3.2157449265655145
20 2 3.478540554094278
20 3 3.3103758907992584
20 4 2.9739938175029463
20 5 3.5899259646413446
20 6 3.6658668267123984
20 7 3.7352714131729874
20 8 4.3070233720824955
20 9 4.386385356474628
20 10 3.647395661285991
20 11 4.327460156547515
20 12 4.271656334328028
20 13 4.623796992255297
20 14 5.620971199526239
20 15 4.498383158729172
20 16 4.6105651020096685
20 17 6.325352263725601
20 18 6.841067172029308
20 19 11.49475449526272
20 20 24.223680630350298
20 21 9.994242257502744
20 22 7.695009029992241
20 23 6.6757128044362775
20 24 7.172589464817063
20 25 5.973572798440298
20 26 4.639623619744041
20 27 4.439082329101611
20 28 4.020645498178033
20 29 3.7067979212921354
21 0 3.240521102366928
21 1 3.308252857709226
21 2 3.1124188866107247
21 3 3.286289172260959
21 4 3.0746605808873264
21 5 3.133493309035426
21 6 3.389571670132728
21 7 3.4327128915684475
21 8 3.071240022500331
21 9 4.148083066052159
21 10 4.386385356474628
21 11 3.473151778002958
21 12 4.533619185273641
21 13 5.1738568543069166
21 14 4.445302401121651
21 15 5.682337602339593
21 16 5.551592764350761
21 17 7.165720765984936
21 18 8.594704897921245
21 19 8.594883155606778
21 20 9.994242257502744
21 21 10.384200700974967
21 22 6.882027393278515
21 23 5.20976578888797
21 24 4.848746905357813
21 25 4.151323662936184
21 26 4.1093041976502365
21 27 4.087380747827223
21 28 3.463043457663122
21 29 3.34926682717756
22 0 3.0918141077362034
22 1 2.973300534031552
22 2 2.811286648047024
22 3 3.3498707736396325
22 4 3.109086660462959
22 5 2.837562662862942
22 6 2.7113196344859927
22 7 3.2046511773455832
22 8 3.716843329681241
22 9 3.071240022500331
22 10 4.3070233720824955
22 11 5.2987691920370965
22 12 3.5821608520515835
22 13 3.9907999446511995
22 14 5.018219283314858
22 15 4.944333019685413
22 16 5.696042865814523
22 17 5.212159129162507
22 18 6.066157852639999
22 19 7.704934021797578
22 20 7.695009029992241
22 21 6.882027393278515
22 22 7.191223034884754
22 23 6.005947105845485
22 24 5.501505808878934
22 25 4.948706833669912
22 26 4.635961108643003
22 27 4.753053266001313
22 28 3.3895850240336225
22 29 3.666226957471577
23 0 3.789813311649483
23 1 2.649838240050576
23 2 3.286154949363146
23 3 3.4091377783963446
23 4 3.3639675651112895
23 5 3.313959217793138
23 6 3.2591210094469156
23 7 3.0015872011506177
23 8 3.2046511773455832
23 9 3.4327128915684475
23 10 3.7352714131729874
23 11 4.234286803899239
23 12 4.987551054236131
23 13 3.9077061072848505
23 14 4.269325548223193
23 15 5.2914137756544
23 16 5.417699829648541
23 17 6.571282518248826
23 18 5.0111096163658475
23 19 5.832704919704679
23 20 6.6757128044362775
23 21 5.20976578888797
23 22 6.005947105845485
23 23 4.930390151547601
23 24 4.871734615269344
23 25 5.1437489451008425
23 26 4.0123575197454215
23 27 3.647736882720661
23 28 3.535950045588025
23 29 3.050229492551783
24 0 3.518485074791489
24 1 3.2046475194972137
24 2 3.4963254389851217
24 3 2.961097756973655
24 4 3.416641252526286
24 5 3.2607660813342485
24 6 3.209789659173806
24 7 3.2591210094469156
24 8 2.7113196344859927
24 9 3.389571670132728
24 10 3.6658668267123984
24 11 3.5839040254377377
24 12 4.111343618944246
24 13 4.350392139326232
24 14 4.067063015284773
24 15 4.451446438473091
24 16 4.191652553679128
24 17 4.661018929108455
24 18 5.657748089942136
24 19 5.947432434058711
24 20 7.172589464817063
24 21 4.848746905357813
24 22 5.501505808878934
24 23 4.871734615269344
24 24 5.932524649857671
24 25 3.7672825165488275
24 26 4.644700763429761
24 27 3.6730096501593157
24 28 3.1569942303615486
24 29 3.1364018671268035
25 0 3.043891134054225
25 1 3.075332725207152
25 2 3.644631057804426
25 3 3.439457868327638
25 4 2.8801051266697284
25 5 3.4043559017880183
25 6 3.2607660813342485
25 7 3.313959217793138
25 8 2.837562662862942
25 9 3.133493309035426
25 10 3.5899259646413446
25 11 3.905630191800239
25 12 3.8547552685654756
25 13 3.6905432240146947
25 14 4.081681902943268
25 15 3.855872084292684
25 16 4.2609838112966845
25 17 4.015750782506149
25 18 4.898864761236167
25 19 4.9534741969927945
25 20 5.973572798440298
25 21 4.151323662936184
25 22 4.948706833669912
25 23 5.1437489451008425
25 24 3.7672825165488275
25 25 4.132119548679212
25 26 3.6855967747514637
25 27 3.5915196935399663
25 28 3.800278342695855
25 29 3.883882482724627
26 0 2.8658765173606096
26 1 3.0274089844233827
26 2 2.9528319224980506
26 3 3.436042911623141
26 4 2.713982218818495
26 5 2.8801051266697284
26 6 3.416641252526286
26 7 3.3639675651112895
26 8 3.109086660462959
26 9 3.0746605808873264
26 10 2.9739938175029463
26 11 3.4274271828935996
26 12 3.1491762163668517
26 13 3.480702376126981
26 14 3.3229734906876867
26 15 4.549127038643941
26 16 4.09867691769826
26 17 3.9193626613127455
26 18 4.46700037342824
26 19 4.76442244644878
26 20 4.639623619744041
26 21 4.1093041976502365
26 22 4.635961108643003
26 23 4.0123575197454215
26 24 4.644700763429761
26 25 3.6855967747514637
26 26 3.8385219576462277
26 27 3.3830255245217744
26 28 3.2122380031141273
26 29 3.4942034014219097
27 0 2.7341569428466705
27 1 2.6542960487021663
27 2 2.8370556036839116
27 3 3.11242755824335
27 4 3.436042911623141
27 5 3.439457868327638
27 6 2.961097756973655
27 7 3.4091377783963446
27 8 3.3498707736396325
27 9 3.286289172260959
27 10 3.3103758907992584
27 11 3.384958831134759
27 12 3.5607307831394923
27 13 3.6022578309293944
27 14 4.095958473045452
27 15 3.4517522522885624
27 16 3.4149330290781688
27 17 4.846750479062688
27 18 4.424095308279735
27 19 4.0677528510543
27 20 4.439082329101611
27 21 4.087380747827223
27 22 4.753053266001313
27 23 3.647736882720661
27 24 3.6730096501593157
27 25 3.5915196935399663
27 26 3.3830255245217744
27 27 3.1099187029520263
27 28 3.6057523601199857
27 29 2.948237597234642
28 0 3.052294091898307
28 1 2.985917596331373
28 2 2.9927129127721988
28 3 2.8370556036839116
28 4 2.9528319224980506
28 5 3.644631057804426
28 6 3.4963254389851217
28 7 3.286154949363146
28 8 2.811286648047024
28 9 3.1124188866107247
28 10 3.478540554094278
28 11 3.4836177468540552
28 12 3.167091222602755
28 13 2.9985123048133593
28 14 3.2143655815846146
28 15 3.5453934783821133
28 16 3.6635023728523994
28 17 3.5842546250984864
28 18 2.933216840635797
28 19 4.246847188852555
28 20 4.020645498178033
28 21 3.463043457663122
28 22 3.3895850240336225
28 23 3.535950045588025
28 24 3.1569942303615486
28 25 3.800278342695855
28 26 3.2122380031141273
28 27 3.6057523601199857
28 28 3.342151357286715
28 29 2.963743098347195
29 0 2.99571882886491
29 1 3.1380962942982493
29 2 2.985917596331373
29 3 2.6542960487021663
29 4 3.0274089844233827
29 5 3.075332725207152
29 6 3.2046475194972137
29 7 2.649838240050576
29 8 2.973300534031552
29 9 3.308252857709226
29 10 3.2157449265655145
29 11 3.296515310292029
29 12 3.770305044049095
29 13 3.4026290315343983
29 14 3.097792853161388
29 15 3.3706397141162423
29 16 3.6247995687534647
29 17 3.319157119207721
29 18 4.141311304929402
29 19 3.504880567951194
29 20 3.7067979212921354
29 21 3.34926682717756
29 22 3.666226957471577
29 23 3.050229492551783
29 24 3.1364018671268035
29 25 3.883882482724627
29 26 3.4942034014219097
29 27 2.948237597234642
29 28 2.963743098347195
29 29 2.9933467027089065
