0 0 1.6788528057983483
0 1 1.9690638310450885
0 2 1.8187289697814228
0 3 1.4997305888759396
0 4 1.8702347127227994
0 5 1.8261128072250092
0 6 1.858702311476329
0 7 2.110447338337576
0 8 1.7804614858462697
0 9 2.0774559369883203
0 10 2.1107055900233544
0 11 1.583407177668357
0 12 1.838476274875021
0 13 1.575368418834028
0 14 1.5958343466890366
0 15 2.0680394223196576
0 16 1.987925407012465
0 17 2.0140731634970184
0 18 1.6873674591784031
0 19 1.5212280965667406
0 20 1.6795308048538375
0 21 1.6307071053497015
0 22 1.7102767137006454
0 23 2.079320753548527
0 24 1.826310434715817
0 25 1.7685809053704662
0 26 1.577255611875964
0 27 1.4802370921004344
0 28 1.609409892102068
0 29 1.704181710546041
1 0 1.9690638310450885
1 1 1.7622121717560497
1 2 1.614954810182773
1 3 1.4241666835956812
1 4 2.245357142896576
1 5 2.3397918832803954
1 6 1.6125126070824227
1 7 1.4968919822878681
1 8 2.25245316341391
1 9 1.8503935045847342
1 10 2.246809117386978
1 11 1.9600236093841776
1 12 2.54631733027008
1 13 1.8979049232453329
1 14 2.2213014712169645
1 15 1.715569187825831
1 16 1.7048616917572221
1 17 1.9796919695742927
1 18 2.2336233387017814
1 19 2.1563113339201077
1 20 1.647990095327895
1 21 1.8254241467093155
1 22 1.6582270747501793
1 23 1.3936649234228267
1 24 1.847080010428653
1 25 1.8392100683659967
1 26 1.593914376989213
1 27 1.310763480840576
1 28 1.5857588327511218
1 29 1.4035110287120327
2 0 1.8187289697814228
2 1 1.614954810182773
2 2 1.7061778412119324
2 3 2.0931788804736935
2 4 1.8142996377561995
2 5 1.854535831235577
2 6 1.9116747069663356
2 7 2.0040710662106043
2 8 1.7819028623416833
2 9 1.8144490146951413
2 10 2.1586615422486686
2 11 2.130062751052936
2 12 1.5030527560637499
2 13 2.0243993413870136
2 14 2.0937431275128913
2 15 1.9799658963887803
2 16 1.992429172109842
2 17 1.5467487879040833
2 18 1.7123764406953879
2 19 2.1593731097912015
2 20 2.014451096689906
2 21 1.5710103483367992
2 22 1.4708752746892737
2 23 1.7980650248746086
2 24 2.103632896801424
2 25 2.1460982424657042
2 26 1.7471094404983218
2 27 1.5080215790430074
2 28 1.559856867266276
2 29 1.5857588327511218
3 0 1.4997305888759396
3 1 1.4241666835956812
3 2 2.0931788804736935
3 3 1.8259974051013461
3 4 2.0746610842144473
3 5 2.006380427454062
3 6 1.9679994545528705
3 7 2.1897542445356653
3 8 2.6828146374419455
3 9 2.2467134022771478
3 10 2.4307120850647483
3 11 2.5614271540027356
3 12 2.4404169463688827
3 13 3.0632176440810186
3 14 1.628745655751893
3 15 2.1094041541763437
3 16 2.2648240968604263
3 17 2.0829974285192936
3 18 2.0540181522423744
3 19 1.8709747033591106
3 20 1.9257063886723078
3 21 1.816498998777255
3 22 1.9352222504696424
3 23 1.842492622666338
3 24 1.6901099370129176
3 25 1.7739593189888756
3 26 2.1799668019361316
3 27 1.7153485214754187
3 28 1.5080215790430074
3 29 1.310763480840576
4 0 1.8702347127227994
4 1 2.245357142896576
4 2 1.8142996377561995
4 3 2.0746610842144473
4 4 2.2048979876920374
4 5 1.914869323103423
4 6 2.9219552972250806
4 7 2.2159310079538375
4 8 2.5177673210015135
4 9 2.385311981543922
4 10 2.371210889854414
4 11 2.57388339061026
4 12 2.4596918086765167
4 13 2.2546506658935774
4 14 2.5453995753942094
4 15 2.708980645930966
4 16 1.8803652387424337
4 17 1.9993189562747036
4 18 1.8045106623887566
4 19 1.9984303789076387
4 20 1.6290255570547976
4 21 1.6764067954942383
4 22 1.8099097910497923
4 23 2.2355882622766026
4 24 1.7409704039537455
4 25 1.7523783740144783
4 26 1.4633808812460987
4 27 2.1799668019361316
4 28 1.7471094404983218
4 29 1.593914376989213
5 0 1.8261128072250092
5 1 2.3397918832803954
5 2 1.854535831235577
5 3 2.006380427454062
5 4 1.914869323103423
5 5 2.257756042061837
5 6 1.9833767761613863
5 7 2.681803212249816
5 8 2.4073541179664093
5 9 2.166312236201861
5 10 2.7281800885232403
5 11 2.6581319282454294
5 12 2.683042078864001
5 13 2.077864190605325
5 14 2.3919717019659084
5 15 2.118252158456349
5 16 2.374472140367216
5 17 2.1904303308000888
5 18 1.9800622165410358
5 19 2.174032430982555
5 20 2.2518232830078397
5 21 1.6291582657553694
5 22 1.5332682111171176
5 23 1.7900062313192222
5 24 1.8812926384840778
5 25 1.8370039272024457
5 26 1.7523783740144783
5 27 1.7739593189888756
5 28 2.1460982424657042
5 29 1.8392100683659967
6 0 1.858702311476329
6 1 1.6125126070824227
6 2 1.9116747069663356
6 3 1.9679994545528705
6 4 2.9219552972250806
6 5 1.9833767761613863
6 6 3.7543552586628324
6 7 2.3846349168431207
6 8 3.113748574776809
6 9 2.5539745837931784
6 10 3.941822287384494
6 11 3.1069387035522706
6 12 3.0081854940267823
6 13 2.524135376023698
6 14 2.546330990552741
6 15 2.5638509921845016
6 16 2.102216680381138
6 17 2.305640939038095
6 18 2.429229374849315
6 19 1.9158752547245188
6 20 2.1280759891253793
6 21 2.1514905747841198
6 22 1.4169872851658938
6 23 1.7996853374555852
6 24 1.7730469403791647
6 25 1.8812926384840778
6 26 1.7409704039537455
6 27 1.6901099370129176
6 28 2.103632896801424
6 29 1.847080010428653
7 0 2.110447338337576
7 1 1.4968919822878681
7 2 2.0040710662106043
7 3 2.1897542445356653
7 4 2.2159310079538375
7 5 2.681803212249816
7 6 2.3846349168431207
7 7 3.10756802340332
7 8 3.868891228022554
7 9 2.58286979956136
7 10 3.724034335267695
7 11 3.0435758893089853
7 12 2.40779472173648
7 13 3.6892243617625273
7 14 2.921354520211347
7 15 2.6157988969213273
7 16 2.513906054193125
7 17 1.976311134718775
7 18 2.522695314676081
7 19 2.127072683146882
7 20 2.0680916211350735
7 21 1.837165301511585
7 22 1.9117551081599073
7 23 1.75469129931063
7 24 1.7996853374555852
7 25 1.7900062313192222
7 26 2.2355882622766026
7 27 1.842492622666338
7 28 1.7980650248746086
7 29 1.3936649234228267
8 0 1.7804614858462697
8 1 2.25245316341391
8 2 1.7819028623416833
8 3 2.6828146374419455
8 4 2.5177673210015135
8 5 2.4073541179664093
8 6 3.113748574776809
8 7 3.868891228022554
8 8 3.5485938857621253
8 9 3.281261402690641
8 10 4.060399764825906
8 11 4.379993764201585
8 12 3.265821309237616
8 13 2.719597395475896
8 14 2.814932387213733
8 15 2.813395126694235
8 16 2.6532061844326504
8 17 2.0857918170515615
8 18 1.857085263711939
8 19 2.886808508727078
8 20 2.2107917922684317
8 21 1.7490525858715356
8 22 2.0977968207334405
8 23 1.9117551081599073
8 24 1.4169872851658938
8 25 1.5332682111171176
8 26 1.8099097910497923
8 27 1.9352222504696424
8 28 1.4708752746892737
8 29 1.6582270747501793
9 0 2.0774559369883203
9 1 1.8503935045847342
9 2 1.8144490146951413
9 3 2.2467134022771478
9 4 2.385311981543922
9 5 2.166312236201861
9 6 2.5539745837931784
9 7 2.58286979956136
9 8 3.281261402690641
9 9 6.40049199216104
9 10 4.771852336801063
9 11 4.690532649197024
9 12 4.391214338341698
9 13 4.2073507436644295
9 14 3.209812654989744
9 15 3.198651388816983
9 16 2.2686450174374078
9 17 2.7163884098995053
9 18 2.302790697281849
9 19 1.7477292344671278
9 20 2.649553983001846
9 21 2.013493611414384
9 22 1.7490525858715356
9 23 1.837165301511585
9 24 2.1514905747841198
9 25 1.6291582657553694
9 26 1.6764067954942383
9 27 1.816498998777255
9 28 1.5710103483367992
9 29 1.8254241467093155
10 0 2.1107055900233544
10 1 2.246809117386978
10 2 2.1586615422486686
10 3 2.4307120850647483
10 4 2.371210889854414
10 5 2.7281800885232403
10 6 3.941822287384494
10 7 3.724034335267695
10 8 4.060399764825906
10 9 4.771852336801063
10 10 11.514304955945333
10 11 6.829818278016999
10 12 3.4590242115136935
10 13 3.086318686311596
10 14 2.7577211825104557
10 15 2.4097644018622137
10 16 2.962777922902993
10 17 2.453257181295217
10 18 2.595522542645639
10 19 2.2960203110386814
10 20 1.8069870991465722
10 21 2.649553983001846
10 22 2.2107917922684317
10 23 2.0680916211350735
10 24 2.1280759891253793
10 25 2.2518232830078397
10 26 1.6290255570547976
10 27 1.9257063886723078
10 28 2.014451096689906
10 29 1.647990095327895
11 0 1.583407177668357
11 1 1.9600236093841776
11 2 2.130062751052936
11 3 2.5614271540027356
11 4 2.57388339061026
11 5 2.6581319282454294
11 6 3.1069387035522706
11 7 3.0435758893089853
11 8 4.379993764201585
11 9 4.690532649197024
11 10 6.829818278016999
11 11 5.078924370712938
11 12 4.905502635819367
11 13 3.7381230597355297
11 14 2.792810500432127
11 15 3.049335762963657
11 16 2.902403858361709
11 17 2.6936811782231476
11 18 2.409256601945142
11 19 2.4663130068202537
11 20 2.2960203110386814
11 21 1.7477292344671278
11 22 2.886808508727078
11 23 2.127072683146882
11 24 1.9158752547245188
11 25 2.174032430982555
11 26 1.9984303789076387
11 27 1.8709747033591106
11 28 2.1593731097912015
11 29 2.1563113339201077
12 0 1.838476274875021
12 1 2.54631733027008
12 2 1.5030527560637499
12 3 2.4404169463688827
12 4 2.4596918086765167
12 5 2.683042078864001
12 6 3.0081854940267823
12 7 2.40779472173648
12 8 3.265821309237616
12 9 4.391214338341698
12 10 3.4590242115136935
12 11 4.905502635819367
12 12 3.569782742459651
12 13 3.699388699027138
12 14 3.354042882321804
12 15 3.3031350176706145
12 16 2.854592473035807
12 17 2.5517929170337226
12 18 2.949300012618201
12 19 2.409256601945142
12 20 2.595522542645639
12 21 2.302790697281849
12 22 1.857085263711939
12 23 2.522695314676081
12 24 2.429229374849315
12 25 1.9800622165410358
12 26 1.8045106623887566
12 27 2.0540181522423744
12 28 1.7123764406953879
12 29 2.2336233387017814
13 0 1.575368418834028
13 1 1.8979049232453329
13 2 2.0243993413870136
13 3 3.0632176440810186
13 4 2.2546506658935774
13 5 2.077864190605325
13 6 2.524135376023698
13 7 3.6892243617625273
13 8 2.719597395475896
13 9 4.2073507436644295
13 10 3.086318686311596
13 11 3.7381230597355297
13 12 3.699388699027138
13 13 2.89165246674149
13 14 4.119738483841192
13 15 2.9978337963209705
13 16 2.8065105935957004
13 17 2.981180479346605
13 18 2.5517929170337226
13 19 2.6936811782231476
13 20 2.453257181295217
13 21 2.7163884098995053
13 22 2.0857918170515615
13 23 1.976311134718775
13 24 2.305640939038095
13 25 2.1904303308000888
13 26 1.9993189562747036
13 27 2.0829974285192936
13 28 1.5467487879040833
13 29 1.9796919695742927
14 0 1.5958343466890366
14 1 2.2213014712169645
14 2 2.0937431275128913
14 3 1.628745655751893
14 4 2.5453995753942094
14 5 2.3919717019659084
14 6 2.546330990552741
14 7 2.921354520211347
14 8 2.814932387213733
14 9 3.209812654989744
14 10 2.7577211825104557
14 11 2.792810500432127
14 12 3.354042882321804
14 13 4.119738483841192
14 14 3.0227627010267946
14 15 2.580337670689362
14 16 2.773090188333423
14 17 2.8065105935957004
14 18 2.854592473035807
14 19 2.902403858361709
14 20 2.962777922902993
14 21 2.2686450174374078
14 22 2.6532061844326504
14 23 2.513906054193125
14 24 2.102216680381138
14 25 2.374472140367216
14 26 1.8803652387424337
14 27 2.2648240968604263
14 28 1.992429172109842
14 29 1.7048616917572221
15 0 2.0680394223196576
15 1 1.715569187825831
15 2 1.9799658963887803
15 3 2.1094041541763437
15 4 2.708980645930966
15 5 2.118252158456349
15 6 2.5638509921845016
15 7 2.6157988969213273
15 8 2.813395126694235
15 9 3.198651388816983
15 10 2.4097644018622137
15 11 3.049335762963657
15 12 3.3031350176706145
15 13 2.9978337963209705
15 14 2.580337670689362
15 15 2.4777221895563546
15 16 2.580337670689362
15 17 2.9978337963209705
15 18 3.3031350176706145
15 19 3.049335762963657
15 20 2.4097644018622137
15 21 3.198651388816983
15 22 2.813395126694235
15 23 2.6157988969213273
15 24 2.5638509921845016
15 25 2.118252158456349
15 26 2.708980645930966
15 27 2.1094041541763437
15 28 1.9799658963887803
15 29 1.715569187825831
16 0 1.987925407012465
16 1 1.7048616917572221
16 2 1.992429172109842
16 3 2.2648240968604263
16 4 1.8803652387424337
16 5 2.374472140367216
16 6 2.102216680381138
16 7 2.513906054193125
16 8 2.6532061844326504
16 9 2.2686450174374078
16 10 2.962777922902993
16 11 2.902403858361709
16 12 2.854592473035807
16 13 2.8065105935957004
16 14 2.773090188333423
16 15 2.580337670689362
16 16 3.0227627010267946
16 17 4.119738483841192
16 18 3.354042882321804
16 19 2.792810500432127
16 20 2.7577211825104557
16 21 3.209812654989744
16 22 2.814932387213733
16 23 2.921354520211347
16 24 2.546330990552741
16 25 2.3919717019659084
16 26 2.5453995753942094
16 27 1.628745655751893
16 28 2.0937431275128913
16 29 2.2213014712169645
17 0 2.0140731634970184
17 1 1.9796919695742927
17 2 1.5467487879040833
17 3 2.0829974285192936
17 4 1.9993189562747036
17 5 2.1904303308000888
17 6 2.305640939038095
17 7 1.976311134718775
17 8 2.0857918170515615
17 9 2.7163884098995053
17 10 2.453257181295217
17 11 2.6936811782231476
17 12 2.5517929170337226
17 13 2.981180479346605
17 14 2.8065105935957004
17 15 2.9978337963209705
17 16 4.119738483841192
17 17 2.89165246674149
17 18 3.699388699027138
17 19 3.7381230597355297
17 20 3.086318686311596
17 21 4.2073507436644295
17 22 2.719597395475896
17 23 3.6892243617625273
17 24 2.524135376023698
17 25 2.077864190605325
17 26 2.2546506658935774
17 27 3.0632176440810186
17 28 2.0243993413870136
17 29 1.8979049232453329
18 0 1.6873674591784031
18 1 2.2336233387017814
18 2 1.7123764406953879
18 3 2.0540181522423744
18 4 1.8045106623887566
18 5 1.9800622165410358
18 6 2.429229374849315
18 7 2.522695314676081
18 8 1.857085263711939
18 9 2.302790697281849
18 10 2.595522542645639
18 11 2.409256601945142
18 12 2.949300012618201
18 13 2.5517929170337226
18 14 2.854592473035807
18 15 3.3031350176706145
18 16 3.354042882321804
18 17 3.699388699027138
18 18 3.569782742459651
18 19 4.905502635819367
18 20 3.4590242115136935
18 21 4.391214338341698
18 22 3.265821309237616
18 23 2.40779472173648
18 24 3.0081854940267823
18 25 2.683042078864001
18 26 2.4596918086765167
18 27 2.4404169463688827
18 28 1.5030527560637499
18 29 2.54631733027008
19 0 1.5212280965667406
19 1 2.1563113339201077
19 2 2.1593731097912015
19 3 1.8709747033591106
19 4 1.9984303789076387
19 5 2.174032430982555
19 6 1.9158752547245188
19 7 2.127072683146882
19 8 2.886808508727078
19 9 1.7477292344671278
19 10 2.2960203110386814
19 11 2.4663130068202537
19 12 2.409256601945142
19 13 2.6936811782231476
19 14 2.902403858361709
19 15 3.049335762963657
19 16 2.792810500432127
19 17 3.7381230597355297
19 18 4.905502635819367
19 19 5.078924370712938
19 20 6.829818278016999
19 21 4.690532649197024
19 22 4.379993764201585
19 23 3.0435758893089853
19 24 3.1069387035522706
19 25 2.6581319282454294
19 26 2.57388339061026
19 27 2.5614271540027356
19 28 2.130062751052936
19 29 1.9600236093841776
20 0 1.6795308048538375
20 1 1.647990095327895
20 2 2.014451096689906
20 3 1.9257063886723078
20 4 1.6290255570547976
20 5 2.2518232830078397
20 6 2.1280759891253793
20 7 2.0680916211350735
20 8 2.2107917922684317
20 9 2.649553983001846
20 10 1.8069870991465722
20 11 2.2960203110386814
20 12 2.595522542645639
20 13 2.453257181295217
20 14 2.962777922902993
20 15 2.4097644018622137
20 16 2.7577211825104557
20 17 3.086318686311596
20 18 3.4590242115136935
20 19 6.829818278016999
20 20 11.514304955945333
20 21 4.771852336801063
20 22 4.060399764825906
20 23 3.724034335267695
20 24 3.941822287384494
20 25 2.7281800885232403
20 26 2.371210889854414
20 27 2.4307120850647483
20 28 2.1586615422486686
20 29 2.246809117386978
21 0 1.6307071053497015
21 1 1.8254241467093155
21 2 1.5710103483367992
21 3 1.816498998777255
21 4 1.6764067954942383
21 5 1.6291582657553694
21 6 2.1514905747841198
21 7 1.837165301511585
21 8 1.7490525858715356
21 9 2.013493611414384
21 10 2.649553983001846
21 11 1.7477292344671278
21 12 2.302790697281849
21 13 2.7163884098995053
21 14 2.2686450174374078
21 15 3.198651388816983
21 16 3.209812654989744
21 17 4.2073507436644295
21 18 4.391214338341698
21 19 4.690532649197024
21 20 4.771852336801063
21 21 6.40049199216104
21 22 3.281261402690641
21 23 2.58286979956136
21 24 2.5539745837931784
21 25 2.166312236201861
21 26 2.385311981543922
21 27 2.2467134022771478
21 28 1.8144490146951413
21 29 1.8503935045847342
22 0 1.7102767137006454
22 1 1.6582270747501793
22 2 1.4708752746892737
22 3 1.9352222504696424
22 4 1.8099097910497923
22 5 1.5332682111171176
22 6 1.4169872851658938
22 7 1.9117551081599073
22 8 2.0977968207334405
22 9 1.7490525858715356
22 10 2.2107917922684317
22 11 2.886808508727078
22 12 1.857085263711939
22 13 2.0857918170515615
22 14 2.6532061844326504
22 15 2.813395126694235
22 16 2.814932387213733
22 17 2.719597395475896
22 18 3.265821309237616
22 19 4.379993764201585
22 20 4.060399764825906
22 21 3.281261402690641
22 22 3.5485938857621253
22 23 3.868891228022554
22 24 3.113748574776809
22 25 2.4073541179664093
22 26 2.5177673210015135
22 27 2.6828146374419455
22 28 1.7819028623416833
22 29 2.25245316341391
23 0 2.079320753548527
23 1 1.3936649234228267
23 2 1.7980650248746086
23 3 1.842492622666338
23 4 2.2355882622766026
23 5 1.7900062313192222
23 6 1.7996853374555852
23 7 1.75469129931063
23 8 1.9117551081599073
23 9 1.837165301511585
23 10 2.0680916211350735
23 11 2.127072683146882
23 12 2.522695314676081
23 13 1.976311134718775
23 14 2.513906054193125
23 15 2.6157988969213273
23 16 2.921354520211347
23 17 3.6892243617625273
23 18 2.40779472173648
23 19 3.0435758893089853
23 20 3.724034335267695
23 21 2.58286979956136
23 22 3.868891228022554
23 23 3.10756802340332
23 24 2.3846349168431207
23 25 2.681803212249816
23 26 2.2159310079538375
23 27 2.1897542445356653
23 28 2.0040710662106043
23 29 1.4968919822878681
24 0 1.826310434715817
24 1 1.847080010428653
24 2 2.103632896801424
24 3 1.6901099370129176
24 4 1.7409704039537455
24 5 1.8812926384840778
24 6 1.7730469403791647
24 7 1.7996853374555852
24 8 1.4169872851658938
24 9 2.1514905747841198
24 10 2.1280759891253793
24 11 1.9158752547245188
24 12 2.429229374849315
24 13 2.305640939038095
24 14 2.102216680381138
24 15 2.5638509921845016
24 16 2.546330990552741
24 17 2.524135376023698
24 18 3.0081854940267823
24 19 3.1069387035522706
24 20 3.941822287384494
24 21 2.5539745837931784
24 22 3.113748574776809
24 23 2.3846349168431207
24 24 3.7543552586628324
24 25 1.9833767761613863
24 26 2.9219552972250806
24 27 1.9679994545528705
24 28 1.9116747069663356
24 29 1.6125126070824227
25 0 1.7685809053704662
25 1 1.8392100683659967
25 2 2.1460982424657042
25 3 1.7739593189888756
25 4 1.7523783740144783
25 5 1.8370039272024457
25 6 1.8812926384840778
25 7 1.7900062313192222
25 8 1.5332682111171176
25 9 1.6291582657553694
25 10 2.2518232830078397
25 11 2.174032430982555
25 12 1.9800622165410358
25 13 2.1904303308000888
25 14 2.374472140367216
25 15 2.118252158456349
25 16 2.3919717019659084
25 17 2.077864190605325
25 18 2.683042078864001
25 19 2.6581319282454294
25 20 2.7281800885232403
25 21 2.166312236201861
25 22 2.4073541179664093
25 23 2.681803212249816
25 24 1.9833767761613863
25 25 2.257756042061837
25 26 1.914869323103423
25 27 2.006380427454062
25 28 1.854535831235577
25 29 2.3397918832803954
26 0 1.577255611875964
26 1 1.593914376989213
26 2 1.7471094404983218
26 3 2.1799668019361316
26 4 1.4633808812460987
26 5 1.7523783740144783
26 6 1.7409704039537455
26 7 2.2355882622766026
26 8 1.8099097910497923
26 9 1.6764067954942383
26 10 1.6290255570547976
26 11 1.9984303789076387
26 12 1.8045106623887566
26 13 1.9993189562747036
26 14 1.8803652387424337
26 15 2.708980645930966
26 16 2.5453995753942094
26 17 2.2546506658935774
26 18 2.4596918086765167
26 19 2.57388339061026
26 20 2.371210889854414
26 21 2.385311981543922
26 22 2.5177673210015135
26 23 2.2159310079538375
26 24 2.9219552972250806
26 25 1.914869323103423
26 26 2.2048979876920374
26 27 2.0746610842144473
26 28 1.8142996377561995
26 29 2.245357142896576
27 0 1.4802370921004344
27 1 1.310763480840576
27 2 1.5080215790430074
27 3 1.7153485214754187
27 4 2.1799668019361316
27 5 1.7739593189888756
27 6 1.6901099370129176
27 7 1.842492622666338
27 8 1.9352222504696424
27 9 1.816498998777255
27 10 1.9257063886723078
27 11 1.8709747033591106
27 12 2.0540181522423744
27 13 2.0829974285192936
27 14 2.2648240968604263
27 15 2.1094041541763437
27 16 1.628745655751893
27 17 3.0632176440810186
27 18 2.4404169463688827
27 19 2.5614271540027356
27 20 2.4307120850647483
27 21 2.2467134022771478
27 22 2.6828146374419455
27 23 2.1897542445356653
27 24 1.9679994545528705
27 25 2.006380427454062
27 26 2.0746610842144473
27 27 1.8259974051013461
27 28 2.0931788804736935
27 29 1.4241666835956812
28 0 1.609409892102068
28 1 1.5857588327511218
28 2 1.559856867266276
28 3 1.5080215790430074
28 4 1.7471094404983218
28 5 2.1460982424657042
28 6 2.103632896801424
28 7 1.7980650248746086
28 8 1.4708752746892737
28 9 1.5710103483367992
28 10 2.014451096689906
28 11 2.1593731097912015
28 12 1.7123764406953879
28 13 1.5467487879040833
28 14 1.992429172109842
28 15 1.9799658963887803
28 16 2.0937431275128913
28 17 2.0243993413870136
28 18 1.5030527560637499
28 19 2.130062751052936
28 20 2.1586615422486686
28 21 1.8144490146951413
28 22 1.7819028623416833
28 23 2.0040710662106043
28 24 1.9116747069663356
28 25 1.854535831235577
28 26 1.8142996377561995
28 27 2.0931788804736935
28 28 1.7061778412119324
28 29 1.614954810182773
29 0 1.704181710546041
29 1 1.4035110287120327
29 2 1.5857588327511218
29 3 1.310763480840576
29 4 1.593914376989213
29 5 1.8392100683659967
29 6 1.847080010428653
29 7 1.3936649234228267
29 8 1.6582270747501793
29 9 1.8254241467093155
29 10 1.647990095327895
29 11 2.1563113339201077
29 12 2.2336233387017814
29 13 1.9796919695742927
29 14 1.7048616917572221
29 15 1.715569187825831
29 16 2.2213014712169645
29 17 1.8979049232453329
29 18 2.54631733027008
29 19 1.9600236093841776
29 20 2.246809117386978
29 21 1.8503935045847342
29 22 2.25245316341391
29 23 1.4968919822878681
29 24 1.6125126070824227
29 25 2.3397918832803954
29 26 2.245357142896576
29 27 1.4241666835956812
29 28 1.614954810182773
29 29 1.7622121717560497
