0 0 7.225599969612657
0 1 7.029391007014776
0 2 7.371411303127935
0 3 7.298267000718355
0 4 6.603073577572333
0 5 6.575710762072787
0 6 7.417688211372431
0 7 6.628845278483215
0 8 7.32434247051097
0 9 7.070904570985701
0 10 6.991037143618808
0 11 7.603810730412847
0 12 6.115307233563156
0 13 5.939666574359876
0 14 7.925476095938822
0 15 7.561402939578707
0 16 7.328875212977285
0 17 6.828302898185039
0 18 7.578871772761178
0 19 7.100469093393236
0 20 7.272022198155404
0 21 7.203943753037503
0 22 6.400013590441832
0 23 7.604491445463972
0 24 6.492172460583006
0 25 6.330307017479414
0 26 6.824880220628765
0 27 7.054573469238986
0 28 6.039602547774827
0 29 6.606359010852665
1 0 7.029391007014776
1 1 7.716369199970504
1 2 7.169596632780029
1 3 7.176099587789582
1 4 6.813055102160468
1 5 6.430126591000351
1 6 6.610004762008108
1 7 6.677940155935435
1 8 6.652796867568744
1 9 8.139548065005178
1 10 7.994968629768061
1 11 6.6819979905204185
1 12 6.720357649727375
1 13 7.987742050814647
1 14 7.0326751657083975
1 15 6.2227194722146
1 16 6.733396965552183
1 17 7.396274811151549
1 18 7.156972491756281
1 19 6.949410654129142
1 20 6.7482080008558
1 21 7.347936461595587
1 22 7.54937954031375
1 23 7.3703834066815554
1 24 6.355365695624248
1 25 6.043266322334539
1 26 6.552530587209849
1 27 6.95114258433268
1 28 7.1547806884770875
1 29 6.247756764570496
2 0 7.371411303127935
2 1 7.169596632780029
2 2 7.045961359219351
2 3 7.0572479347802926
2 4 6.553914743761396
2 5 6.480017471202531
2 6 7.519982104432145
2 7 6.7644261741683955
2 8 7.237877715600748
2 9 6.5766866175543575
2 10 6.61989539622925
2 11 5.7539357431040346
2 12 6.661582824817443
2 13 6.46398745656582
2 14 7.664634527523632
2 15 7.3918726798514465
2 16 7.327277652552099
2 17 6.407188279831569
2 18 6.359948611084312
2 19 8.376915268645988
2 20 7.135576774983865
2 21 6.199464793167558
2 22 6.7167866621003744
2 23 7.439402409265708
2 24 7.076045640975256
2 25 5.533363553591458
2 26 6.641288872574342
2 27 7.319973776582565
2 28 5.833844199572362
2 29 7.1547806884770875
3 0 7.298267000718355
3 1 7.176099587789582
3 2 7.0572479347802926
3 3 7.040510396960838
3 4 6.147788984073031
3 5 8.135219928922538
3 6 6.196822538535933
3 7 5.996523558423721
3 8 6.720450666792074
3 9 8.277955521120994
3 10 7.346052234899933
3 11 7.48448565420256
3 12 7.786945082083462
3 13 7.303566959249939
3 14 5.91182562046909
3 15 6.202573970587494
3 16 8.069257227112002
3 17 6.812729311667073
3 18 7.4978693161369865
3 19 6.369916173965156
3 20 8.322986412784699
3 21 7.180914074791584
3 22 6.268046261225895
3 23 6.557168030837688
3 24 6.689188988152799
3 25 6.62027851672039
3 26 6.000099102471829
3 27 5.960319440885671
3 28 7.319973776582565
3 29 6.95114258433268
4 0 6.603073577572333
4 1 6.813055102160468
4 2 6.553914743761396
4 3 6.147788984073031
4 4 7.98025858624562
4 5 6.666007162998135
4 6 6.95362715449889
4 7 6.924079587194179
4 8 6.011765433734903
4 9 7.060158599292526
4 10 6.9034675425241225
4 11 6.489471952921614
4 12 5.48770427555001
4 13 5.962675144488479
4 14 7.088511339589871
4 15 6.776907175100328
4 16 5.916352003380073
4 17 6.364462100106082
4 18 7.7803177110239865
4 19 7.058378153021563
4 20 7.062697329265318
4 21 7.22341970847294
4 22 7.758884301196406
4 23 7.08359689922113
4 24 6.487826792713292
4 25 7.483242578028333
4 26 6.4501406768537946
4 27 6.000099102471829
4 28 6.641288872574342
4 29 6.552530587209849
5 0 6.575710762072787
5 1 6.430126591000351
5 2 6.480017471202531
5 3 8.135219928922538
5 4 6.666007162998135
5 5 6.905549761221906
5 6 7.493764139416621
5 7 5.794160654988927
5 8 7.152752734380041
5 9 7.56349787188933
5 10 7.264274565341984
5 11 6.660446056425992
5 12 6.180248650624664
5 13 7.081489665607987
5 14 6.29370501049585
5 15 6.806334952530661
5 16 6.516408505519051
5 17 6.190731379372372
5 18 6.330930634705485
5 19 7.514850949401352
5 20 7.106234629645894
5 21 6.58119679878457
5 22 8.007661752966161
5 23 7.824093824410774
5 24 7.652213388274009
5 25 5.71746405782963
5 26 7.483242578028333
5 27 6.62027851672039
5 28 5.533363553591458
5 29 6.043266322334539
6 0 7.417688211372431
6 1 6.610004762008108
6 2 7.519982104432145
6 3 6.196822538535933
6 4 6.95362715449889
6 5 7.493764139416621
6 6 6.442602292099499
6 7 6.310899047504743
6 8 5.341222006392316
6 9 6.239878312731192
6 10 6.919663821679801
6 11 5.990253947583934
6 12 6.06827693383285
6 13 6.9845298667421005
6 14 5.982149548846078
6 15 7.472965325354826
6 16 5.517333547866939
6 17 6.711778749037395
6 18 6.162594628826106
6 19 6.071142192418395
6 20 7.4188606130614545
6 21 6.069194740135485
6 22 6.558811306280401
6 23 6.522521888899671
6 24 7.573230508846421
6 25 7.652213388274009
6 26 6.487826792713292
6 27 6.689188988152799
6 28 7.076045640975256
6 29 6.355365695624248
7 0 6.628845278483215
7 1 6.677940155935435
7 2 6.7644261741683955
7 3 5.996523558423721
7 4 6.924079587194179
7 5 5.794160654988927
7 6 6.310899047504743
7 7 6.983139128105401
7 8 5.528365769718013
7 9 6.290853337568009
7 10 5.347457493310415
7 11 6.370957890482795
7 12 6.6235475854084225
7 13 5.6501634369336005
7 14 6.524591950016389
7 15 6.602764146142665
7 16 6.5856617499187555
7 17 6.688016544536945
7 18 6.696043119201943
7 19 5.706026928026801
7 20 6.331339814703774
7 21 7.170168842629338
7 22 7.551811349720517
7 23 7.367336614150334
7 24 6.522521888899671
7 25 7.824093824410774
7 26 7.08359689922113
7 27 6.557168030837688
7 28 7.439402409265708
7 29 7.3703834066815554
8 0 7.32434247051097
8 1 6.652796867568744
8 2 7.237877715600748
8 3 6.720450666792074
8 4 6.011765433734903
8 5 7.152752734380041
8 6 5.341222006392316
8 7 5.528365769718013
8 8 5.290720870125122
8 9 4.452778224980499
8 10 4.398980162145564
8 11 4.9379547532718515
8 12 6.219668786053746
8 13 6.110640684328611
8 14 6.405093844961558
8 15 6.638869688403888
8 16 5.768436204430297
8 17 6.792947131156006
8 18 6.466236641117474
8 19 7.180409173128997
8 20 5.939506399557242
8 21 6.427056811162489
8 22 6.389140524557449
8 23 7.551811349720517
8 24 6.558811306280401
8 25 8.007661752966161
8 26 7.758884301196406
8 27 6.268046261225895
8 28 6.7167866621003744
8 29 7.54937954031375
9 0 7.070904570985701
9 1 8.139548065005178
9 2 6.5766866175543575
9 3 8.277955521120994
9 4 7.060158599292526
9 5 7.56349787188933
9 6 6.239878312731192
9 7 6.290853337568009
9 8 4.452778224980499
9 9 4.180238338448746
9 10 3.6427611966598787
9 11 4.868486039625224
9 12 4.786956358434884
9 13 5.196739393513341
9 14 6.3146982989694225
9 15 5.901967427430021
9 16 6.089581354459458
9 17 6.3776075710684035
9 18 6.602532702362802
9 19 7.950104647914286
9 20 6.801112648675307
9 21 5.69370637410344
9 22 6.427056811162489
9 23 7.170168842629338
9 24 6.069194740135485
9 25 6.58119679878457
9 26 7.22341970847294
9 27 7.180914074791584
9 28 6.199464793167558
9 29 7.347936461595587
10 0 6.991037143618808
10 1 7.994968629768061
10 2 6.61989539622925
10 3 7.346052234899933
10 4 6.9034675425241225
10 5 7.264274565341984
10 6 6.919663821679801
10 7 5.347457493310415
10 8 4.398980162145564
10 9 3.6427611966598787
10 10 1.0926840417376693
10 11 3.670409179175668
10 12 5.034573815274382
10 13 4.6233201709552
10 14 6.037302797127925
10 15 6.488548506181526
10 16 5.82864254926243
10 17 6.949375361141097
10 18 6.505748409764526
10 19 5.663815728206747
10 20 6.947208107446377
10 21 6.801112648675307
10 22 5.939506399557242
10 23 6.331339814703774
10 24 7.4188606130614545
10 25 7.106234629645894
10 26 7.062697329265318
10 27 8.322986412784699
10 28 7.135576774983865
10 29 6.7482080008558
11 0 7.603810730412847
11 1 6.6819979905204185
11 2 5.7539357431040346
11 3 7.48448565420256
11 4 6.489471952921614
11 5 6.660446056425992
11 6 5.990253947583934
11 7 6.370957890482795
11 8 4.9379547532718515
11 9 4.868486039625224
11 10 3.670409179175668
11 11 4.204988116547375
11 12 4.720245681647192
11 13 6.103558307371455
11 14 5.886642491928795
11 15 6.3049294407165535
11 16 5.351884821628756
11 17 6.164825514846863
11 18 6.01633569525284
11 19 6.479144041683189
11 20 5.663815728206747
11 21 7.950104647914286
11 22 7.180409173128997
11 23 5.706026928026801
11 24 6.071142192418395
11 25 7.514850949401352
11 26 7.058378153021563
11 27 6.369916173965156
11 28 8.376915268645988
11 29 6.949410654129142
12 0 6.115307233563156
12 1 6.720357649727375
12 2 6.661582824817443
12 3 7.786945082083462
12 4 5.48770427555001
12 5 6.180248650624664
12 6 6.06827693383285
12 7 6.6235475854084225
12 8 6.219668786053746
12 9 4.786956358434884
12 10 5.034573815274382
12 11 4.720245681647192
12 12 5.126604660698999
12 13 5.5055038622956225
12 14 5.834562919141538
12 15 4.988598816496172
12 16 6.074387869747451
12 17 7.460497890411261
12 18 7.01085536229798
12 19 6.01633569525284
12 20 6.505748409764526
12 21 6.602532702362802
12 22 6.466236641117474
12 23 6.696043119201943
12 24 6.162594628826106
12 25 6.330930634705485
12 26 7.7803177110239865
12 27 7.4978693161369865
12 28 6.359948611084312
12 29 7.156972491756281
13 0 5.939666574359876
13 1 7.987742050814647
13 2 6.46398745656582
13 3 7.303566959249939
13 4 5.962675144488479
13 5 7.081489665607987
13 6 6.9845298667421005
13 7 5.6501634369336005
13 8 6.110640684328611
13 9 5.196739393513341
13 10 4.6233201709552
13 11 6.103558307371455
13 12 5.5055038622956225
13 13 5.730816192337508
13 14 5.023726814009773
13 15 6.186671766144908
13 16 6.482253463296824
13 17 6.84107310615494
13 18 7.460497890411261
13 19 6.164825514846863
13 20 6.949375361141097
13 21 6.3776075710684035
13 22 6.792947131156006
13 23 6.688016544536945
13 24 6.711778749037395
13 25 6.190731379372372
13 26 6.364462100106082
13 27 6.812729311667073
13 28 6.407188279831569
13 29 7.396274811151549
14 0 7.925476095938822
14 1 7.0326751657083975
14 2 7.664634527523632
14 3 5.91182562046909
14 4 7.088511339589871
14 5 6.29370501049585
14 6 5.982149548846078
14 7 6.524591950016389
14 8 6.405093844961558
14 9 6.3146982989694225
14 10 6.037302797127925
14 11 5.886642491928795
14 12 5.834562919141538
14 13 5.023726814009773
14 14 6.652881122507195
14 15 5.792405176146957
14 16 5.587846172484878
14 17 6.482253463296824
14 18 6.074387869747451
14 19 5.351884821628756
14 20 5.82864254926243
14 21 6.089581354459458
14 22 5.768436204430297
14 23 6.5856617499187555
14 24 5.517333547866939
14 25 6.516408505519051
14 26 5.916352003380073
14 27 8.069257227112002
14 28 7.327277652552099
14 29 6.733396965552183
15 0 7.561402939578707
15 1 6.2227194722146
15 2 7.3918726798514465
15 3 6.202573970587494
15 4 6.776907175100328
15 5 6.806334952530661
15 6 7.472965325354826
15 7 6.602764146142665
15 8 6.638869688403888
15 9 5.901967427430021
15 10 6.488548506181526
15 11 6.3049294407165535
15 12 4.988598816496172
15 13 6.186671766144908
15 14 5.792405176146957
15 15 5.335918573014621
15 16 5.792405176146957
15 17 6.186671766144908
15 18 4.988598816496172
15 19 6.3049294407165535
15 20 6.488548506181526
15 21 5.901967427430021
15 22 6.638869688403888
15 23 6.602764146142665
15 24 7.472965325354826
15 25 6.806334952530661
15 26 6.776907175100328
15 27 6.202573970587494
15 28 7.3918726798514465
15 29 6.2227194722146
16 0 7.328875212977285
16 1 6.733396965552183
16 2 7.327277652552099
16 3 8.069257227112002
16 4 5.916352003380073
16 5 6.516408505519051
16 6 5.517333547866939
16 7 6.5856617499187555
16 8 5.768436204430297
16 9 6.089581354459458
16 10 5.82864254926243
16 11 5.351884821628756
16 12 6.074387869747451
16 13 6.482253463296824
16 14 5.587846172484878
16 15 5.792405176146957
16 16 6.652881122507195
16 17 5.023726814009773
16 18 5.834562919141538
16 19 5.886642491928795
16 20 6.037302797127925
16 21 6.3146982989694225
16 22 6.405093844961558
16 23 6.524591950016389
16 24 5.982149548846078
16 25 6.29370501049585
16 26 7.088511339589871
16 27 5.91182562046909
16 28 7.664634527523632
16 29 7.0326751657083975
17 0 6.828302898185039
17 1 7.396274811151549
17 2 6.407188279831569
17 3 6.812729311667073
17 4 6.364462100106082
17 5 6.190731379372372
17 6 6.711778749037395
17 7 6.688016544536945
17 8 6.792947131156006
17 9 6.3776075710684035
17 10 6.949375361141097
17 11 6.164825514846863
17 12 7.460497890411261
17 13 6.84107310615494
17 14 6.482253463296824
17 15 6.186671766144908
17 16 5.023726814009773
17 17 5.730816192337508
17 18 5.5055038622956225
17 19 6.103558307371455
17 20 4.6233201709552
17 21 5.196739393513341
17 22 6.110640684328611
17 23 5.6501634369336005
17 24 6.9845298667421005
17 25 7.081489665607987
17 26 5.962675144488479
17 27 7.303566959249939
17 28 6.46398745656582
17 29 7.987742050814647
18 0 7.578871772761178
18 1 7.156972491756281
18 2 6.359948611084312
18 3 7.4978693161369865
18 4 7.7803177110239865
18 5 6.330930634705485
18 6 6.162594628826106
18 7 6.696043119201943
18 8 6.466236641117474
18 9 6.602532702362802
18 10 6.505748409764526
18 11 6.01633569525284
18 12 7.01085536229798
18 13 7.460497890411261
18 14 6.074387869747451
18 15 4.988598816496172
18 16 5.834562919141538
18 17 5.5055038622956225
18 18 5.126604660698999
18 19 4.720245681647192
18 20 5.034573815274382
18 21 4.786956358434884
18 22 6.219668786053746
18 23 6.6235475854084225
18 24 6.06827693383285
18 25 6.180248650624664
18 26 5.48770427555001
18 27 7.786945082083462
18 28 6.661582824817443
18 29 6.720357649727375
19 0 7.100469093393236
19 1 6.949410654129142
19 2 8.376915268645988
19 3 6.369916173965156
19 4 7.058378153021563
19 5 7.514850949401352
19 6 6.071142192418395
19 7 5.706026928026801
19 8 7.180409173128997
19 9 7.950104647914286
19 10 5.663815728206747
19 11 6.479144041683189
19 12 6.01633569525284
19 13 6.164825514846863
19 14 5.351884821628756
19 15 6.3049294407165535
19 16 5.886642491928795
19 17 6.103558307371455
19 18 4.720245681647192
19 19 4.204988116547375
19 20 3.670409179175668
19 21 4.868486039625224
19 22 4.9379547532718515
19 23 6.370957890482795
19 24 5.990253947583934
19 25 6.660446056425992
19 26 6.489471952921614
19 27 7.48448565420256
19 28 5.7539357431040346
19 29 6.6819979905204185
20 0 7.272022198155404
20 1 6.7482080008558
20 2 7.135576774983865
20 3 8.322986412784699
20 4 7.062697329265318
20 5 7.106234629645894
20 6 7.4188606130614545
20 7 6.331339814703774
20 8 5.939506399557242
20 9 6.801112648675307
20 10 6.947208107446377
20 11 5.663815728206747
20 12 6.505748409764526
20 13 6.949375361141097
20 14 5.82864254926243
20 15 6.488548506181526
20 16 6.037302797127925
20 17 4.6233201709552
20 18 5.034573815274382
20 19 3.670409179175668
20 20 1.0926840417376693
20 21 3.6427611966598787
20 22 4.398980162145564
20 23 5.347457493310415
20 24 6.919663821679801
20 25 7.264274565341984
20 26 6.9034675425241225
20 27 7.346052234899933
20 28 6.61989539622925
20 29 7.994968629768061
21 0 7.203943753037503
21 1 7.347936461595587
21 2 6.199464793167558
21 3 7.180914074791584
21 4 7.22341970847294
21 5 6.58119679878457
21 6 6.069194740135485
21 7 7.170168842629338
21 8 6.427056811162489
21 9 5.69370637410344
21 10 6.801112648675307
21 11 7.950104647914286
21 12 6.602532702362802
21 13 6.3776075710684035
21 14 6.089581354459458
21 15 5.901967427430021
21 16 6.3146982989694225
21 17 5.196739393513341
21 18 4.786956358434884
21 19 4.868486039625224
21 20 3.6427611966598787
21 21 4.180238338448746
21 22 4.452778224980499
21 23 6.290853337568009
21 24 6.239878312731192
21 25 7.56349787188933
21 26 7.060158599292526
21 27 8.277955521120994
21 28 6.5766866175543575
21 29 8.139548065005178
22 0 6.400013590441832
22 1 7.54937954031375
22 2 6.7167866621003744
22 3 6.268046261225895
22 4 7.758884301196406
22 5 8.007661752966161
22 6 6.558811306280401
22 7 7.551811349720517
22 8 6.389140524557449
22 9 6.427056811162489
22 10 5.939506399557242
22 11 7.180409173128997
22 12 6.466236641117474
22 13 6.792947131156006
22 14 5.768436204430297
22 15 6.638869688403888
22 16 6.405093844961558
22 17 6.110640684328611
22 18 6.219668786053746
22 19 4.9379547532718515
22 20 4.398980162145564
22 21 4.452778224980499
22 22 5.290720870125122
22 23 5.528365769718013
22 24 5.341222006392316
22 25 7.152752734380041
22 26 6.011765433734903
22 27 6.720450666792074
22 28 7.237877715600748
22 29 6.652796867568744
23 0 7.604491445463972
23 1 7.3703834066815554
23 2 7.439402409265708
23 3 6.557168030837688
23 4 7.08359689922113
23 5 7.824093824410774
23 6 6.522521888899671
23 7 7.367336614150334
23 8 7.551811349720517
23 9 7.170168842629338
23 10 6.331339814703774
23 11 5.706026928026801
23 12 6.696043119201943
23 13 6.688016544536945
23 14 6.5856617499187555
23 15 6.602764146142665
23 16 6.524591950016389
23 17 5.6501634369336005
23 18 6.6235475854084225
23 19 6.370957890482795
23 20 5.347457493310415
23 21 6.290853337568009
23 22 5.528365769718013
23 23 6.983139128105401
23 24 6.310899047504743
23 25 5.794160654988927
23 26 6.924079587194179
23 27 5.996523558423721
23 28 6.7644261741683955
23 29 6.677940155935435
24 0 6.492172460583006
24 1 6.355365695624248
24 2 7.076045640975256
24 3 6.689188988152799
24 4 6.487826792713292
24 5 7.652213388274009
24 6 7.573230508846421
24 7 6.522521888899671
24 8 6.558811306280401
24 9 6.069194740135485
24 10 7.4188606130614545
24 11 6.071142192418395
24 12 6.162594628826106
24 13 6.711778749037395
24 14 5.517333547866939
24 15 7.472965325354826
24 16 5.982149548846078
24 17 6.9845298667421005
24 18 6.06827693383285
24 19 5.990253947583934
24 20 6.919663821679801
24 21 6.239878312731192
24 22 5.341222006392316
24 23 6.310899047504743
24 24 6.442602292099499
24 25 7.493764139416621
24 26 6.95362715449889
24 27 6.196822538535933
24 28 7.519982104432145
24 29 6.610004762008108
25 0 6.330307017479414
25 1 6.043266322334539
25 2 5.533363553591458
25 3 6.62027851672039
25 4 7.483242578028333
25 5 5.71746405782963
25 6 7.652213388274009
25 7 7.824093824410774
25 8 8.007661752966161
25 9 6.58119679878457
25 10 7.106234629645894
25 11 7.514850949401352
25 12 6.330930634705485
25 13 6.190731379372372
25 14 6.516408505519051
25 15 6.806334952530661
25 16 6.29370501049585
25 17 7.081489665607987
25 18 6.180248650624664
25 19 6.660446056425992
25 20 7.264274565341984
25 21 7.56349787188933
25 22 7.152752734380041
25 23 5.794160654988927
25 24 7.493764139416621
25 25 6.905549761221906
25 26 6.666007162998135
25 27 8.135219928922538
25 28 6.480017471202531
25 29 6.430126591000351
26 0 6.824880220628765
26 1 6.552530587209849
26 2 6.641288872574342
26 3 6.000099102471829
26 4 6.4501406768537946
26 5 7.483242578028333
26 6 6.487826792713292
26 7 7.08359689922113
26 8 7.758884301196406
26 9 7.22341970847294
26 10 7.062697329265318
26 11 7.058378153021563
26 12 7.7803177110239865
26 13 6.364462100106082
26 14 5.916352003380073
26 15 6.776907175100328
26 16 7.088511339589871
26 17 5.962675144488479
26 18 5.48770427555001
26 19 6.489471952921614
26 20 6.9034675425241225
26 21 7.060158599292526
26 22 6.011765433734903
26 23 6.924079587194179
26 24 6.95362715449889
26 25 6.666007162998135
26 26 7.98025858624562
26 27 6.147788984073031
26 28 6.553914743761396
26 29 6.813055102160468
27 0 7.054573469238986
27 1 6.95114258433268
27 2 7.319973776582565
27 3 5.960319440885671
27 4 6.000099102471829
27 5 6.62027851672039
27 6 6.689188988152799
27 7 6.557168030837688
27 8 6.268046261225895
27 9 7.180914074791584
27 10 8.322986412784699
27 11 6.369916173965156
27 12 7.4978693161369865
27 13 6.812729311667073
27 14 8.069257227112002
27 15 6.202573970587494
27 16 5.91182562046909
27 17 7.303566959249939
27 18 7.786945082083462
27 19 7.48448565420256
27 20 7.346052234899933
27 21 8.277955521120994
27 22 6.720450666792074
27 23 5.996523558423721
27 24 6.196822538535933
27 25 8.135219928922538
27 26 6.147788984073031
27 27 7.040510396960838
27 28 7.0572479347802926
27 29 7.176099587789582
28 0 6.039602547774827
28 1 7.1547806884770875
28 2 5.833844199572362
28 3 7.319973776582565
28 4 6.641288872574342
28 5 5.533363553591458
28 6 7.076045640975256
28 7 7.439402409265708
28 8 6.7167866621003744
28 9 6.199464793167558
28 10 7.135576774983865
28 11 8.376915268645988
28 12 6.359948611084312
28 13 6.407188279831569
28 14 7.327277652552099
28 15 7.3918726798514465
28 16 7.664634527523632
28 17 6.46398745656582
28 18 6.661582824817443
28 19 5.7539357431040346
28 20 6.61989539622925
28 21 6.5766866175543575
28 22 7.237877715600748
28 23 6.7644261741683955
28 24 7.519982104432145
28 25 6.480017471202531
28 26 6.553914743761396
28 27 7.0572479347802926
28 28 7.045961359219351
28 29 7.169596632780029
29 0 6.606359010852665
29 1 6.247756764570496
29 2 7.1547806884770875
29 3 6.95114258433268
29 4 6.552530587209849
29 5 6.043266322334539
29 6 6.355365695624248
29 7 7.3703834066815554
29 8 7.54937954031375
29 9 7.347936461595587
29 10 6.7482080008558
29 11 6.949410654129142
29 12 7.156972491756281
29 13 7.396274811151549
29 14 6.733396965552183
29 15 6.2227194722146
29 16 7.0326751657083975
29 17 7.987742050814647
29 18 6.720357649727375
29 19 6.6819979905204185
29 20 7.994968629768061
29 21 8.139548065005178
29 22 6.652796867568744
29 23 6.677940155935435
29 24 6.610004762008108
29 25 6.430126591000351
29 26 6.813055102160468
29 27 7.176099587789582
29 28 7.169596632780029
29 29 7.716369199970504
