0 0 4.666360485542043
0 1 3.683651192400028
0 2 4.65275761819515
0 3 4.902072979673254
0 4 3.9864413377764887
0 5 3.6948420160188635
0 6 5.084947256266848
0 7 4.476511199079397
0 8 4.416147666043379
0 9 4.111743958402857
0 10 4.34023288675222
0 11 4.942476974768351
0 12 3.3468036412337527
0 13 3.2174988622529566
0 14 4.892746489579577
0 15 4.915340076238027
0 16 4.543220082549947
0 17 3.943164336973066
0 18 4.426298087274256
0 19 4.445694298830779
0 20 4.552881757067867
0 21 4.675877644807985
0 22 3.6473419453980918
0 23 4.637289333773397
0 24 4.114873454037671
0 25 4.238017230533296
0 26 4.229214917762157
0 27 4.897423547142209
0 28 3.620918407088943
0 29 4.02733030943284
1 0 3.683651192400028
1 1 4.639057652865836
1 2 4.40230977687495
1 3 4.463806023210345
1 4 4.020258503471965
1 5 3.7225916819470264
1 6 3.5643877869690552
1 7 3.964212849394702
1 8 3.6117672581627303
1 9 4.895082285874896
1 10 4.3821520236973655
1 11 3.968119146757711
1 12 4.0278507212327055
1 13 4.357345936166464
1 14 3.7202461163448186
1 15 3.271249055879481
1 16 3.8550311061563938
1 17 4.758113095072016
1 18 4.345761438561959
1 19 3.4407643714888487
1 20 4.142673372240012
1 21 4.9056303493604405
1 22 4.908770621279396
1 23 4.395565005115342
1 24 3.6028949782308484
1 25 3.451229673486334
1 26 3.521008275361978
1 27 4.19853927456747
1 28 4.723623738458647
1 29 3.8753965886867703
2 0 4.65275761819515
2 1 4.40230977687495
2 2 4.314374890246632
2 3 4.490586421159531
2 4 4.301680710684734
2 5 3.667811497607599
2 6 3.808056016276941
2 7 3.663332096919768
2 8 4.5473808194907805
2 9 3.956184384265214
2 10 4.343891226555782
2 11 3.3815437751780633
2 12 4.033173155874221
2 13 3.3530834115632646
2 14 4.976750680056821
2 15 5.079185241645268
2 16 4.449324403948993
2 17 4.0822078966177555
2 18 3.502051379027182
2 19 5.634447342857754
2 20 4.213772705417809
2 21 2.884062066125699
2 22 4.029651145965607
2 23 4.993112427840497
2 24 4.565863274524399
2 25 2.862156166692656
2 26 4.205047559330674
2 27 5.122747246680885
2 28 3.4228769864766213
2 29 4.723623738458647
3 0 4.902072979673254
3 1 4.463806023210345
3 2 4.490586421159531
3 3 4.500743456216683
3 4 3.452688855786058
3 5 5.107549081588908
3 6 3.538200030027115
3 7 3.3741566165166117
3 8 3.474244955487319
3 9 4.841145803408972
3 10 4.60532326652748
3 11 4.835507528240046
3 12 5.261449379786123
3 13 4.108813768589022
3 14 3.0246549686120923
3 15 3.744908733485484
3 16 5.664250594275689
3 17 4.357534850465648
3 18 4.0150159984853575
3 19 3.666680309456648
3 20 5.649879265821474
3 21 4.998562818649355
3 22 3.3202446265575385
3 23 3.9018729483436854
3 24 4.13463968471976
3 25 4.309229809560279
3 26 3.633278003226886
3 27 3.116560928174616
3 28 5.122747246680885
3 29 4.19853927456747
4 0 3.9864413377764887
4 1 4.020258503471965
4 2 4.301680710684734
4 3 3.452688855786058
4 4 4.943717461192909
4 5 4.04040753525702
4 6 4.130114455342648
4 7 4.226620568860551
4 8 3.9435183377634164
4 9 3.8174113356639823
4 10 3.9817153959694065
4 11 3.3337266256042466
4 12 3.0371055974046453
4 13 3.776963671887888
4 14 4.347829786189227
4 15 4.096887670943294
4 16 3.183687176706766
4 17 3.834039754788043
4 18 4.920996468205087
4 19 3.6980705169818493
4 20 4.129590546879996
4 21 4.523195871952546
4 22 5.252036877496635
4 23 4.437303975124772
4 24 4.065423931797615
4 25 4.758252283508212
4 26 4.205525098491996
4 27 3.633278003226886
4 28 4.205047559330674
4 29 3.521008275361978
5 0 3.6948420160188635
5 1 3.7225916819470264
5 2 3.667811497607599
5 3 5.107549081588908
5 4 4.04040753525702
5 5 3.6433501175277914
5 6 4.544766212804091
5 7 2.936013422804666
5 8 4.632192904532294
5 9 4.486032849645484
5 10 3.9885946298478117
5 11 3.7232451593358986
5 12 3.7932663873594494
5 13 3.979035346780379
5 14 3.2673605852899335
5 15 4.022539452422158
5 16 3.9410881577899466
5 17 3.4250365172510477
5 18 3.3981555556602254
5 19 5.021524532314593
5 20 4.094420988622908
5 21 3.7446966742593695
5 22 4.840548071942666
5 23 5.427486194844253
5 24 4.5947158418800775
5 25 3.5518218133753705
5 26 4.758252283508212
5 27 4.309229809560279
5 28 2.862156166692656
5 29 3.451229673486334
6 0 5.084947256266848
6 1 3.5643877869690552
6 2 3.808056016276941
6 3 3.538200030027115
6 4 4.130114455342648
6 5 4.544766212804091
6 6 3.57743643680418
6 7 2.9691499208740026
6 8 2.6493969705141054
6 9 3.146097182829027
6 10 3.820131647761849
6 11 3.1949607035763394
6 12 2.9138110471553538
6 13 3.6042413641003823
6 14 3.3805136318016933
6 15 4.2897826547740685
6 16 2.925312766807818
6 17 3.937874176345528
6 18 3.3708596875752552
6 19 3.5115240787795705
6 20 4.665648688543052
6 21 3.1623015389935603
6 22 3.765721714563879
6 23 3.6143502199316093
6 24 5.0488203392309465
6 25 4.5947158418800775
6 26 4.065423931797615
6 27 4.13463968471976
6 28 4.565863274524399
6 29 3.6028949782308484
7 0 4.476511199079397
7 1 3.964212849394702
7 2 3.663332096919768
7 3 3.3741566165166117
7 4 4.226620568860551
7 5 2.936013422804666
7 6 2.9691499208740026
7 7 3.894534143746495
7 8 2.650817618202485
7 9 2.9693219097230026
7 10 2.495398172476272
7 11 3.1487798790519808
7 12 3.7293662607346985
7 13 2.722998933681865
7 14 3.6826347548947194
7 15 3.614265670240462
7 16 3.5290063308185333
7 17 4.30072252612097
7 18 4.106609833238135
7 19 3.135446351402198
7 20 3.750606838329709
7 21 4.405713945805033
7 22 4.176216591679254
7 23 4.5185183673235105
7 24 3.6143502199316093
7 25 5.427486194844253
7 26 4.437303975124772
7 27 3.9018729483436854
7 28 4.993112427840497
7 29 4.395565005115342
8 0 4.416147666043379
8 1 3.6117672581627303
8 2 4.5473808194907805
8 3 3.474244955487319
8 4 3.9435183377634164
8 5 4.632192904532294
8 6 2.6493969705141054
8 7 2.650817618202485
8 8 2.4313064803077324
8 9 1.8168653748283186
8 10 1.7390720407782465
8 11 1.7854751650248502
8 12 3.045458840304979
8 13 2.9876926982270717
8 14 3.585434451220179
8 15 3.2196196705651023
8 16 3.268475549615739
8 17 3.59081603173882
8 18 3.8305180379214936
8 19 4.5665272182631265
8 20 3.3112307561329875
8 21 3.909646956654021
8 22 3.964923036697436
8 23 4.176216591679254
8 24 3.765721714563879
8 25 4.840548071942666
8 26 5.252036877496635
8 27 3.3202446265575385
8 28 4.029651145965607
8 29 4.908770621279396
9 0 4.111743958402857
9 1 4.895082285874896
9 2 3.956184384265214
9 3 4.841145803408972
9 4 3.8174113356639823
9 5 4.486032849645484
9 6 3.146097182829027
9 7 2.9693219097230026
9 8 1.8168653748283186
9 9 1.4500699700082689
9 10 0
9 11 1.969439388097165
9 12 1.793523129524888
9 13 2.3571449888108345
9 14 3.057191548066012
9 15 2.9229458637034664
9 16 3.0332922230105837
9 17 3.774780549542623
9 18 3.6678238547526325
9 19 4.876242637581546
9 20 4.0673755123673825
9 21 2.7389677994526993
9 22 3.909646956654021
9 23 4.405713945805033
9 24 3.1623015389935603
9 25 3.7446966742593695
9 26 4.523195871952546
9 27 4.998562818649355
9 28 2.884062066125699
9 29 4.9056303493604405
10 0 4.34023288675222
10 1 4.3821520236973655
10 2 4.343891226555782
10 3 4.60532326652748
10 4 3.9817153959694065
10 5 3.9885946298478117
10 6 3.820131647761849
10 7 2.495398172476272
10 8 1.7390720407782465
10 9 0
10 10 0
10 11 1.442338936427564
10 12 2.279928050393113
10 13 2.155250479267874
10 14 3.246067641913349
10 15 3.837338838373973
10 16 2.8912466802160828
10 17 4.085721997101328
10 18 3.496839770248433
10 19 3.1458168910031934
10 20 4.260122482821512
10 21 4.0673755123673825
10 22 3.3112307561329875
10 23 3.750606838329709
10 24 4.665648688543052
10 25 4.094420988622908
10 26 4.129590546879996
10 27 5.649879265821474
10 28 4.213772705417809
10 29 4.142673372240012
11 0 4.942476974768351
11 1 3.968119146757711
11 2 3.3815437751780633
11 3 4.835507528240046
11 4 3.3337266256042466
11 5 3.7232451593358986
11 6 3.1949607035763394
11 7 3.1487798790519808
11 8 1.7854751650248502
11 9 1.969439388097165
11 10 1.442338936427564
11 11 1.5420060654805756
11 12 1.7434455824148503
11 13 3.2797433796236977
11 14 3.034105505174338
11 15 3.405599433963254
11 16 2.615860802281413
11 17 3.416264584266029
11 18 3.761344111134694
11 19 3.731031102639415
11 20 3.1458168910031934
11 21 4.876242637581546
11 22 4.5665272182631265
11 23 3.135446351402198
11 24 3.5115240787795705
11 25 5.021524532314593
11 26 3.6980705169818493
11 27 3.666680309456648
11 28 5.634447342857754
11 29 3.4407643714888487
12 0 3.3468036412337527
12 1 4.0278507212327055
12 2 4.033173155874221
12 3 5.261449379786123
12 4 3.0371055974046453
12 5 3.7932663873594494
12 6 2.9138110471553538
12 7 3.7293662607346985
12 8 3.045458840304979
12 9 1.793523129524888
12 10 2.279928050393113
12 11 1.7434455824148503
12 12 2.0340324584639884
12 13 2.532434934019886
12 14 3.0264718152585277
12 15 2.371571461731662
12 16 3.6058010185715457
12 17 4.280500787153604
12 18 4.107139584805254
12 19 3.761344111134694
12 20 3.496839770248433
12 21 3.6678238547526325
12 22 3.8305180379214936
12 23 4.106609833238135
12 24 3.3708596875752552
12 25 3.3981555556602254
12 26 4.920996468205087
12 27 4.0150159984853575
12 28 3.502051379027182
12 29 4.345761438561959
13 0 3.2174988622529566
13 1 4.357345936166464
13 2 3.3530834115632646
13 3 4.108813768589022
13 4 3.776963671887888
13 5 3.979035346780379
13 6 3.6042413641003823
13 7 2.722998933681865
13 8 2.9876926982270717
13 9 2.3571449888108345
13 10 2.155250479267874
13 11 3.2797433796236977
13 12 2.532434934019886
13 13 2.7628164657480574
13 14 2.28233512004802
13 15 3.1119704365849388
13 16 3.4861762562951535
13 17 3.3676298007433867
13 18 4.280500787153604
13 19 3.416264584266029
13 20 4.085721997101328
13 21 3.774780549542623
13 22 3.59081603173882
13 23 4.30072252612097
13 24 3.937874176345528
13 25 3.4250365172510477
13 26 3.834039754788043
13 27 4.357534850465648
13 28 4.0822078966177555
13 29 4.758113095072016
14 0 4.892746489579577
14 1 3.7202461163448186
14 2 4.976750680056821
14 3 3.0246549686120923
14 4 4.347829786189227
14 5 3.2673605852899335
14 6 3.3805136318016933
14 7 3.6826347548947194
14 8 3.585434451220179
14 9 3.057191548066012
14 10 3.246067641913349
14 11 3.034105505174338
14 12 3.0264718152585277
14 13 2.28233512004802
14 14 3.263369005668031
14 15 3.1911646800424696
14 16 2.7638311225960828
14 17 3.4861762562951535
14 18 3.6058010185715457
14 19 2.615860802281413
14 20 2.8912466802160828
14 21 3.0332922230105837
14 22 3.268475549615739
14 23 3.5290063308185333
14 24 2.925312766807818
14 25 3.9410881577899466
14 26 3.183687176706766
14 27 5.664250594275689
14 28 4.449324403948993
14 29 3.8550311061563938
15 0 4.915340076238027
15 1 3.271249055879481
15 2 5.079185241645268
15 3 3.744908733485484
15 4 4.096887670943294
15 5 4.022539452422158
15 6 4.2897826547740685
15 7 3.614265670240462
15 8 3.2196196705651023
15 9 2.9229458637034664
15 10 3.837338838373973
15 11 3.405599433963254
15 12 2.371571461731662
15 13 3.1119704365849388
15 14 3.1911646800424696
15 15 2.6215599945680528
15 16 3.1911646800424696
15 17 3.1119704365849388
15 18 2.371571461731662
15 19 3.405599433963254
15 20 3.837338838373973
15 21 2.9229458637034664
15 22 3.2196196705651023
15 23 3.614265670240462
15 24 4.2897826547740685
15 25 4.022539452422158
15 26 4.096887670943294
15 27 3.744908733485484
15 28 5.079185241645268
15 29 3.271249055879481
16 0 4.543220082549947
16 1 3.8550311061563938
16 2 4.449324403948993
16 3 5.664250594275689
16 4 3.183687176706766
16 5 3.9410881577899466
16 6 2.925312766807818
16 7 3.5290063308185333
16 8 3.268475549615739
16 9 3.0332922230105837
16 10 2.8912466802160828
16 11 2.615860802281413
16 12 3.6058010185715457
16 13 3.4861762562951535
16 14 2.7638311225960828
16 15 3.1911646800424696
16 16 3.263369005668031
16 17 2.28233512004802
16 18 3.0264718152585277
16 19 3.034105505174338
16 20 3.246067641913349
16 21 3.057191548066012
16 22 3.585434451220179
16 23 3.6826347548947194
16 24 3.3805136318016933
16 25 3.2673605852899335
16 26 4.347829786189227
16 27 3.0246549686120923
16 28 4.976750680056821
16 29 3.7202461163448186
17 0 3.943164336973066
17 1 4.758113095072016
17 2 4.0822078966177555
17 3 4.357534850465648
17 4 3.834039754788043
17 5 3.4250365172510477
17 6 3.937874176345528
17 7 4.30072252612097
17 8 3.59081603173882
17 9 3.774780549542623
17 10 4.085721997101328
17 11 3.416264584266029
17 12 4.280500787153604
17 13 3.3676298007433867
17 14 3.4861762562951535
17 15 3.1119704365849388
17 16 2.28233512004802
17 17 2.7628164657480574
17 18 2.532434934019886
17 19 3.2797433796236977
17 20 2.155250479267874
17 21 2.3571449888108345
17 22 2.9876926982270717
17 23 2.722998933681865
17 24 3.6042413641003823
17 25 3.979035346780379
17 26 3.776963671887888
17 27 4.108813768589022
17 28 3.3530834115632646
17 29 4.357345936166464
18 0 4.426298087274256
18 1 4.345761438561959
18 2 3.502051379027182
18 3 4.0150159984853575
18 4 4.920996468205087
18 5 3.3981555556602254
18 6 3.3708596875752552
18 7 4.106609833238135
18 8 3.8305180379214936
18 9 3.6678238547526325
18 10 3.496839770248433
18 11 3.761344111134694
18 12 4.107139584805254
18 13 4.280500787153604
18 14 3.6058010185715457
18 15 2.371571461731662
18 16 3.0264718152585277
18 17 2.532434934019886
18 18 2.0340324584639884
18 19 1.7434455824148503
18 20 2.279928050393113
18 21 1.793523129524888
18 22 3.045458840304979
18 23 3.7293662607346985
18 24 2.9138110471553538
18 25 3.7932663873594494
18 26 3.0371055974046453
18 27 5.261449379786123
18 28 4.033173155874221
18 29 4.0278507212327055
19 0 4.445694298830779
19 1 3.4407643714888487
19 2 5.634447342857754
19 3 3.666680309456648
19 4 3.6980705169818493
19 5 5.021524532314593
19 6 3.5115240787795705
19 7 3.135446351402198
19 8 4.5665272182631265
19 9 4.876242637581546
19 10 3.1458168910031934
19 11 3.731031102639415
19 12 3.761344111134694
19 13 3.416264584266029
19 14 2.615860802281413
19 15 3.405599433963254
19 16 3.034105505174338
19 17 3.2797433796236977
19 18 1.7434455824148503
19 19 1.5420060654805756
19 20 1.442338936427564
19 21 1.969439388097165
19 22 1.7854751650248502
19 23 3.1487798790519808
19 24 3.1949607035763394
19 25 3.7232451593358986
19 26 3.3337266256042466
19 27 4.835507528240046
19 28 3.3815437751780633
19 29 3.968119146757711
20 0 4.552881757067867
20 1 4.142673372240012
20 2 4.213772705417809
20 3 5.649879265821474
20 4 4.129590546879996
20 5 4.094420988622908
20 6 4.665648688543052
20 7 3.750606838329709
20 8 3.3112307561329875
20 9 4.0673755123673825
20 10 4.260122482821512
20 11 3.1458168910031934
20 12 3.496839770248433
20 13 4.085721997101328
20 14 2.8912466802160828
20 15 3.837338838373973
20 16 3.246067641913349
20 17 2.155250479267874
20 18 2.279928050393113
20 19 1.442338936427564
20 20 0
20 21 0
20 22 1.7390720407782465
20 23 2.495398172476272
20 24 3.820131647761849
20 25 3.9885946298478117
20 26 3.9817153959694065
20 27 4.60532326652748
20 28 4.343891226555782
20 29 4.3821520236973655
21 0 4.675877644807985
21 1 4.9056303493604405
21 2 2.884062066125699
21 3 4.998562818649355
21 4 4.523195871952546
21 5 3.7446966742593695
21 6 3.1623015389935603
21 7 4.405713945805033
21 8 3.909646956654021
21 9 2.7389677994526993
21 10 4.0673755123673825
21 11 4.876242637581546
21 12 3.6678238547526325
21 13 3.774780549542623
21 14 3.0332922230105837
21 15 2.9229458637034664
21 16 3.057191548066012
21 17 2.3571449888108345
21 18 1.793523129524888
21 19 1.969439388097165
21 20 0
21 21 1.4500699700082689
21 22 1.8168653748283186
21 23 2.9693219097230026
21 24 3.146097182829027
21 25 4.486032849645484
21 26 3.8174113356639823
21 27 4.841145803408972
21 28 3.956184384265214
21 29 4.895082285874896
22 0 3.6473419453980918
22 1 4.908770621279396
22 2 4.029651145965607
22 3 3.3202446265575385
22 4 5.252036877496635
22 5 4.840548071942666
22 6 3.765721714563879
22 7 4.176216591679254
22 8 3.964923036697436
22 9 3.909646956654021
22 10 3.3112307561329875
22 11 4.5665272182631265
22 12 3.8305180379214936
22 13 3.59081603173882
22 14 3.268475549615739
22 15 3.2196196705651023
22 16 3.585434451220179
22 17 2.9876926982270717
22 18 3.045458840304979
22 19 1.7854751650248502
22 20 1.7390720407782465
22 21 1.8168653748283186
22 22 2.4313064803077324
22 23 2.650817618202485
22 24 2.6493969705141054
22 25 4.632192904532294
22 26 3.9435183377634164
22 27 3.474244955487319
22 28 4.5473808194907805
22 29 3.6117672581627303
23 0 4.637289333773397
23 1 4.395565005115342
23 2 4.993112427840497
23 3 3.9018729483436854
23 4 4.437303975124772
23 5 5.427486194844253
23 6 3.6143502199316093
23 7 4.5185183673235105
23 8 4.176216591679254
23 9 4.405713945805033
23 10 3.750606838329709
23 11 3.135446351402198
23 12 4.106609833238135
23 13 4.30072252612097
23 14 3.5290063308185333
23 15 3.614265670240462
23 16 3.6826347548947194
23 17 2.722998933681865
23 18 3.7293662607346985
23 19 3.1487798790519808
23 20 2.495398172476272
23 21 2.9693219097230026
23 22 2.650817618202485
23 23 3.894534143746495
23 24 2.9691499208740026
23 25 2.936013422804666
23 26 4.226620568860551
23 27 3.3741566165166117
23 28 3.663332096919768
23 29 3.964212849394702
24 0 4.114873454037671
24 1 3.6028949782308484
24 2 4.565863274524399
24 3 4.13463968471976
24 4 4.065423931797615
24 5 4.5947158418800775
24 6 5.0488203392309465
24 7 3.6143502199316093
24 8 3.765721714563879
24 9 3.1623015389935603
24 10 4.665648688543052
24 11 3.5115240787795705
24 12 3.3708596875752552
24 13 3.937874176345528
24 14 2.925312766807818
24 15 4.2897826547740685
24 16 3.3805136318016933
24 17 3.6042413641003823
24 18 2.9138110471553538
24 19 3.1949607035763394
24 20 3.820131647761849
24 21 3.146097182829027
24 22 2.6493969705141054
24 23 2.9691499208740026
24 24 3.57743643680418
24 25 4.544766212804091
24 26 4.130114455342648
24 27 3.538200030027115
24 28 3.808056016276941
24 29 3.5643877869690552
25 0 4.238017230533296
25 1 3.451229673486334
25 2 2.862156166692656
25 3 4.309229809560279
25 4 4.758252283508212
25 5 3.5518218133753705
25 6 4.5947158418800775
25 7 5.427486194844253
25 8 4.840548071942666
25 9 3.7446966742593695
25 10 4.094420988622908
25 11 5.021524532314593
25 12 3.3981555556602254
25 13 3.4250365172510477
25 14 3.9410881577899466
25 15 4.022539452422158
25 16 3.2673605852899335
25 17 3.979035346780379
25 18 3.7932663873594494
25 19 3.7232451593358986
25 20 3.9885946298478117
25 21 4.486032849645484
25 22 4.632192904532294
25 23 2.936013422804666
25 24 4.544766212804091
25 25 3.6433501175277914
25 26 4.04040753525702
25 27 5.107549081588908
25 28 3.667811497607599
25 29 3.7225916819470264
26 0 4.229214917762157
26 1 3.521008275361978
26 2 4.205047559330674
26 3 3.633278003226886
26 4 4.205525098491996
26 5 4.758252283508212
26 6 4.065423931797615
26 7 4.437303975124772
26 8 5.252036877496635
26 9 4.523195871952546
26 10 4.129590546879996
26 11 3.6980705169818493
26 12 4.920996468205087
26 13 3.834039754788043
26 14 3.183687176706766
26 15 4.096887670943294
26 16 4.347829786189227
26 17 3.776963671887888
26 18 3.0371055974046453
26 19 3.3337266256042466
26 20 3.9817153959694065
26 21 3.8174113356639823
26 22 3.9435183377634164
26 23 4.226620568860551
26 24 4.130114455342648
26 25 4.04040753525702
26 26 4.943717461192909
26 27 3.452688855786058
26 28 4.301680710684734
26 29 4.020258503471965
27 0 4.897423547142209
27 1 4.19853927456747
27 2 5.122747246680885
27 3 3.116560928174616
27 4 3.633278003226886
27 5 4.309229809560279
27 6 4.13463968471976
27 7 3.9018729483436854
27 8 3.3202446265575385
27 9 4.998562818649355
27 10 5.649879265821474
27 11 3.666680309456648
27 12 4.0150159984853575
27 13 4.357534850465648
27 14 5.664250594275689
27 15 3.744908733485484
27 16 3.0246549686120923
27 17 4.108813768589022
27 18 5.261449379786123
27 19 4.835507528240046
27 20 4.60532326652748
27 21 4.841145803408972
27 22 3.474244955487319
27 23 3.3741566165166117
27 24 3.538200030027115
27 25 5.107549081588908
27 26 3.452688855786058
27 27 4.500743456216683
27 28 4.490586421159531
27 29 4.463806023210345
28 0 3.620918407088943
28 1 4.723623738458647
28 2 3.4228769864766213
28 3 5.122747246680885
28 4 4.205047559330674
28 5 2.862156166692656
28 6 4.565863274524399
28 7 4.993112427840497
28 8 4.029651145965607
28 9 2.884062066125699
28 10 4.213772705417809
28 11 5.634447342857754
28 12 3.502051379027182
28 13 4.0822078966177555
28 14 4.449324403948993
28 15 5.079185241645268
28 16 4.976750680056821
28 17 3.3530834115632646
28 18 4.033173155874221
28 19 3.3815437751780633
28 20 4.343891226555782
28 21 3.956184384265214
28 22 4.5473808194907805
28 23 3.663332096919768
28 24 3.808056016276941
28 25 3.667811497607599
28 26 4.301680710684734
28 27 4.490586421159531
28 28 4.314374890246632
28 29 4.40230977687495
29 0 4.02733030943284
29 1 3.8753965886867703
29 2 4.723623738458647
29 3 4.19853927456747
29 4 3.521008275361978
29 5 3.451229673486334
29 6 3.6028949782308484
29 7 4.395565005115342
29 8 4.908770621279396
29 9 4.9056303493604405
29 10 4.142673372240012
29 11 3.4407643714888487
29 12 4.345761438561959
29 13 4.758113095072016
29 14 3.8550311061563938
29 15 3.271249055879481
29 16 3.7202461163448186
29 17 4.357345936166464
29 18 4.0278507212327055
29 19 3.968119146757711
29 20 4.3821520236973655
29 21 4.895082285874896
29 22 3.6117672581627303
29 23 3.964212849394702
29 24 3.5643877869690552
29 25 3.7225916819470264
29 26 4.020258503471965
29 27 4.463806023210345
29 28 4.40230977687495
29 29 4.639057652865836
