0 0 31.092478399665023
0 1 31.53839525995947
0 2 33.59718936565083
0 3 33.32734641946532
0 4 29.652338120992777
0 5 30.905414417726412
0 6 31.9820925074292
0 7 29.62574014285175
0 8 32.3305093521849
0 9 33.239294991813125
0 10 33.66759049633977
0 11 34.09617857069215
0 12 30.019814478945175
0 13 32.49372344958006
0 14 34.31366019206467
0 15 30.913549956828007
0 16 33.479052777325805
0 17 31.817257063851635
0 18 35.478090978687725
0 19 32.85178460064906
0 20 32.76396383335106
0 21 31.50680736537284
0 22 30.80994838987732
0 23 31.67778343821613
0 24 30.029908978513635
0 25 28.593256891939483
0 26 29.8214922177924
0 27 30.191943333089856
0 28 29.211043391793243
0 29 29.53240709076819
1 0 31.53839525995947
1 1 33.737074478217075
1 2 33.66372773717812
1 3 34.26502528292893
1 4 29.168258503913616
1 5 30.53772494722575
1 6 33.11487016153179
1 7 32.96418833801159
1 8 30.54971292429079
1 9 34.33981007682442
1 10 33.83327347971831
1 11 33.47554258167849
1 12 31.45476489560709
1 13 34.945827348196175
1 14 33.11127505532788
1 15 33.913821123569576
1 16 31.993316189039
1 17 31.40097678944016
1 18 31.76519297711007
1 19 33.262136464207856
1 20 32.4995048651979
1 21 33.6289998242361
1 22 32.82557267972342
1 23 34.59788796443394
1 24 30.183838643186704
1 25 29.030810467099887
1 26 31.06384870973558
1 27 30.950402691348103
1 28 31.80083822540899
1 29 30.743188032684987
2 0 33.59718936565083
2 1 33.66372773717812
2 2 32.28547994792056
2 3 32.1711095897574
2 4 29.96075311433781
2 5 34.4674387744392
2 6 32.42200303014905
2 7 33.136903284367776
2 8 35.74391286241832
2 9 33.24167896270246
2 10 31.43896810249343
2 11 32.00958714932952
2 12 34.35044300118066
2 13 32.12619378958053
2 14 33.88575264799921
2 15 33.23288213090237
2 16 31.705234581896047
2 17 32.88217381347523
2 18 31.554964479572938
2 19 34.15696812243412
2 20 32.36721424554921
2 21 32.15602338829885
2 22 30.90731907673255
2 23 33.07518098173538
2 24 29.388314482966177
2 25 28.326836376375176
2 26 31.243400047705055
2 27 31.715771708768077
2 28 29.824709110173313
2 29 31.80083822540899
3 0 33.32734641946532
3 1 34.26502528292893
3 2 32.1711095897574
3 3 32.39498648908361
3 4 32.49794403478832
3 5 34.47156837196087
3 6 34.882541707650205
3 7 30.96127890699488
3 8 32.80188030045685
3 9 36.82680700127974
3 10 35.11727478163784
3 11 34.284062660762295
3 12 34.7300437358478
3 13 33.262887372408144
3 14 34.096110555263586
3 15 31.528648925118517
3 16 33.748945536194825
3 17 32.457322522549326
3 18 33.521922366664384
3 19 32.61947620752987
3 20 33.326161422619926
3 21 32.12693311186377
3 22 30.726546830857526
3 23 32.52894403994239
3 24 32.28916789769998
3 25 30.752799763870645
3 26 28.468290274426895
3 27 28.07384857315914
3 28 31.715771708768077
3 29 30.950402691348103
4 0 29.652338120992777
4 1 29.168258503913616
4 2 29.96075311433781
4 3 32.49794403478832
4 4 35.2783678030726
4 5 33.582838481850885
4 6 33.52417930598821
4 7 35.22033447349326
4 8 32.5107556688383
4 9 36.01228184755413
4 10 32.91368641716994
4 11 33.277939156613506
4 12 31.916888164342232
4 13 33.34396653961108
4 14 34.567154727575684
4 15 32.11567844715527
4 16 30.775642708165403
4 17 33.49901706759284
4 18 34.015461858168734
4 19 30.883652139478396
4 20 33.38103624971469
4 21 32.590974229697814
4 22 31.444123542094925
4 23 29.773970947592936
4 24 31.529153062770312
4 25 33.15265115240788
4 26 30.50674555572765
4 27 28.468290274426895
4 28 31.243400047705055
4 29 31.06384870973558
5 0 30.905414417726412
5 1 30.53772494722575
5 2 34.4674387744392
5 3 34.47156837196087
5 4 33.582838481850885
5 5 34.25870141281517
5 6 35.39704198461281
5 7 32.15415636207294
5 8 36.54003141051509
5 9 36.46470639649656
5 10 36.51241532650403
5 11 34.306878569970756
5 12 33.76932271673656
5 13 35.94441157552933
5 14 34.68813715322423
5 15 35.72988010818875
5 16 31.707237002196806
5 17 32.33871688381222
5 18 32.875179329177996
5 19 32.93631889424398
5 20 30.36497088548264
5 21 33.91748252087797
5 22 36.36188896483191
5 23 33.561020517766345
5 24 31.692952406111058
5 25 30.066192716781313
5 26 33.15265115240788
5 27 30.752799763870645
5 28 28.326836376375176
5 29 29.030810467099887
6 0 31.9820925074292
6 1 33.11487016153179
6 2 32.42200303014905
6 3 34.882541707650205
6 4 33.52417930598821
6 5 35.39704198461281
6 6 31.39504911528087
6 7 32.82599002716859
6 8 31.076200764464385
6 9 34.129090527560244
6 10 32.96623288287177
6 11 32.639509198114204
6 12 33.18205551999424
6 13 32.958396111333464
6 14 32.66677658106394
6 15 34.97402419178859
6 16 31.653730754619467
6 17 34.94584603153291
6 18 30.910230735116308
6 19 32.67186925515333
6 20 33.00369231036617
6 21 31.87842372778724
6 22 33.637578195464314
6 23 32.95499904496553
6 24 31.842475663952346
6 25 31.692952406111058
6 26 31.529153062770312
6 27 32.28916789769998
6 28 29.388314482966177
6 29 30.183838643186704
7 0 29.62574014285175
7 1 32.96418833801159
7 2 33.136903284367776
7 3 30.96127890699488
7 4 35.22033447349326
7 5 32.15415636207294
7 6 32.82599002716859
7 7 33.92487685045638
7 8 32.18608762265147
7 9 35.631862916676035
7 10 32.980087428843625
7 11 35.73999725966692
7 12 35.84053737177269
7 13 30.406425756405696
7 14 33.29083136701276
7 15 33.11044654748614
7 16 33.3552413044161
7 17 35.178338197994194
7 18 34.29441884571998
7 19 30.767532669917134
7 20 31.810053325086084
7 21 33.85260043733196
7 22 34.22333762383373
7 23 33.18744157028468
7 24 32.95499904496553
7 25 33.561020517766345
7 26 29.773970947592936
7 27 32.52894403994239
7 28 33.07518098173538
7 29 34.59788796443394
8 0 32.3305093521849
8 1 30.54971292429079
8 2 35.74391286241832
8 3 32.80188030045685
8 4 32.5107556688383
8 5 36.54003141051509
8 6 31.076200764464385
8 7 32.18608762265147
8 8 33.63492893673557
8 9 34.384779459416606
8 10 33.09879884100663
8 11 32.80810615733162
8 12 36.42665890940394
8 13 37.23384853344263
8 14 32.88105740631188
8 15 34.132146817584186
8 16 33.9061452396807
8 17 34.7285467437144
8 18 33.61548072531105
8 19 34.455313238673384
8 20 31.442372156706586
8 21 32.8708055437384
8 22 31.80642980481324
8 23 34.22333762383373
8 24 33.637578195464314
8 25 36.36188896483191
8 26 31.444123542094925
8 27 30.726546830857526
8 28 30.90731907673255
8 29 32.82557267972342
9 0 33.239294991813125
9 1 34.33981007682442
9 2 33.24167896270246
9 3 36.82680700127974
9 4 36.01228184755413
9 5 36.46470639649656
9 6 34.129090527560244
9 7 35.631862916676035
9 8 34.384779459416606
9 9 31.63595875959432
9 10 33.73537518475363
9 11 36.82307171487403
9 12 35.29207040728464
9 13 32.36574355545349
9 14 34.33974905783976
9 15 30.766867412667665
9 16 33.46510115940107
9 17 32.96005736158998
9 18 33.372474558264294
9 19 37.43955005908905
9 20 33.07068717245114
9 21 32.339195368457595
9 22 32.8708055437384
9 23 33.85260043733196
9 24 31.87842372778724
9 25 33.91748252087797
9 26 32.590974229697814
9 27 32.12693311186377
9 28 32.15602338829885
9 29 33.6289998242361
10 0 33.66759049633977
10 1 33.83327347971831
10 2 31.43896810249343
10 3 35.11727478163784
10 4 32.91368641716994
10 5 36.51241532650403
10 6 32.96623288287177
10 7 32.980087428843625
10 8 33.09879884100663
10 9 33.73537518475363
10 10 13.736599381844986
10 11 33.297424589527765
10 12 35.86299879830518
10 13 33.99137898731047
10 14 33.66717943648182
10 15 33.79296071716505
10 16 31.307609702451565
10 17 35.65886832291561
10 18 33.28774602996182
10 19 31.337089713942003
10 20 35.41783838228596
10 21 33.07068717245114
10 22 31.442372156706586
10 23 31.810053325086084
10 24 33.00369231036617
10 25 30.36497088548264
10 26 33.38103624971469
10 27 33.326161422619926
10 28 32.36721424554921
10 29 32.4995048651979
11 0 34.09617857069215
11 1 33.47554258167849
11 2 32.00958714932952
11 3 34.284062660762295
11 4 33.277939156613506
11 5 34.306878569970756
11 6 32.639509198114204
11 7 35.73999725966692
11 8 32.80810615733162
11 9 36.82307171487403
11 10 33.297424589527765
11 11 33.3211439886104
11 12 33.21428789322498
11 13 35.33690624862124
11 14 35.10961771971817
11 15 32.92626348817329
11 16 29.78199118357142
11 17 32.763212157539265
11 18 33.2849461993777
11 19 32.55352817046112
11 20 31.337089713942003
11 21 37.43955005908905
11 22 34.455313238673384
11 23 30.767532669917134
11 24 32.67186925515333
11 25 32.93631889424398
11 26 30.883652139478396
11 27 32.61947620752987
11 28 34.15696812243412
11 29 33.262136464207856
12 0 30.019814478945175
12 1 31.45476489560709
12 2 34.35044300118066
12 3 34.7300437358478
12 4 31.916888164342232
12 5 33.76932271673656
12 6 33.18205551999424
12 7 35.84053737177269
12 8 36.42665890940394
12 9 35.29207040728464
12 10 35.86299879830518
12 11 33.21428789322498
12 12 33.09981887313976
12 13 32.30670340302233
12 14 33.99143246627617
12 15 30.483284239508006
12 16 32.84052619991316
12 17 34.95933369176119
12 18 32.98475253679336
12 19 33.2849461993777
12 20 33.28774602996182
12 21 33.372474558264294
12 22 33.61548072531105
12 23 34.29441884571998
12 24 30.910230735116308
12 25 32.875179329177996
12 26 34.015461858168734
12 27 33.521922366664384
12 28 31.554964479572938
12 29 31.76519297711007
13 0 32.49372344958006
13 1 34.945827348196175
13 2 32.12619378958053
13 3 33.262887372408144
13 4 33.34396653961108
13 5 35.94441157552933
13 6 32.958396111333464
13 7 30.406425756405696
13 8 37.23384853344263
13 9 32.36574355545349
13 10 33.99137898731047
13 11 35.33690624862124
13 12 32.30670340302233
13 13 34.69982960089788
13 14 29.737449444503962
13 15 31.436491775561628
13 16 33.65963281940148
13 17 35.25889999029688
13 18 34.95933369176119
13 19 32.763212157539265
13 20 35.65886832291561
13 21 32.96005736158998
13 22 34.7285467437144
13 23 35.178338197994194
13 24 34.94584603153291
13 25 32.33871688381222
13 26 33.49901706759284
13 27 32.457322522549326
13 28 32.88217381347523
13 29 31.40097678944016
14 0 34.31366019206467
14 1 33.11127505532788
14 2 33.88575264799921
14 3 34.096110555263586
14 4 34.567154727575684
14 5 34.68813715322423
14 6 32.66677658106394
14 7 33.29083136701276
14 8 32.88105740631188
14 9 34.33974905783976
14 10 33.66717943648182
14 11 35.10961771971817
14 12 33.99143246627617
14 13 29.737449444503962
14 14 34.42305344847824
14 15 33.51884182123211
14 16 31.999331188248114
14 17 33.65963281940148
14 18 32.84052619991316
14 19 29.78199118357142
14 20 31.307609702451565
14 21 33.46510115940107
14 22 33.9061452396807
14 23 33.3552413044161
14 24 31.653730754619467
14 25 31.707237002196806
14 26 30.775642708165403
14 27 33.748945536194825
14 28 31.705234581896047
14 29 31.993316189039
15 0 30.913549956828007
15 1 33.913821123569576
15 2 33.23288213090237
15 3 31.528648925118517
15 4 32.11567844715527
15 5 35.72988010818875
15 6 34.97402419178859
15 7 33.11044654748614
15 8 34.132146817584186
15 9 30.766867412667665
15 10 33.79296071716505
15 11 32.92626348817329
15 12 30.483284239508006
15 13 31.436491775561628
15 14 33.51884182123211
15 15 34.14987886729357
15 16 33.51884182123211
15 17 31.436491775561628
15 18 30.483284239508006
15 19 32.92626348817329
15 20 33.79296071716505
15 21 30.766867412667665
15 22 34.132146817584186
15 23 33.11044654748614
15 24 34.97402419178859
15 25 35.72988010818875
15 26 32.11567844715527
15 27 31.528648925118517
15 28 33.23288213090237
15 29 33.913821123569576
16 0 33.479052777325805
16 1 31.993316189039
16 2 31.705234581896047
16 3 33.748945536194825
16 4 30.775642708165403
16 5 31.707237002196806
16 6 31.653730754619467
16 7 33.3552413044161
16 8 33.9061452396807
16 9 33.46510115940107
16 10 31.307609702451565
16 11 29.78199118357142
16 12 32.84052619991316
16 13 33.65963281940148
16 14 31.999331188248114
16 15 33.51884182123211
16 16 34.42305344847824
16 17 29.737449444503962
16 18 33.99143246627617
16 19 35.10961771971817
16 20 33.66717943648182
16 21 34.33974905783976
16 22 32.88105740631188
16 23 33.29083136701276
16 24 32.66677658106394
16 25 34.68813715322423
16 26 34.567154727575684
16 27 34.096110555263586
16 28 33.88575264799921
16 29 33.11127505532788
17 0 31.817257063851635
17 1 31.40097678944016
17 2 32.88217381347523
17 3 32.457322522549326
17 4 33.49901706759284
17 5 32.33871688381222
17 6 34.94584603153291
17 7 35.178338197994194
17 8 34.7285467437144
17 9 32.96005736158998
17 10 35.65886832291561
17 11 32.763212157539265
17 12 34.95933369176119
17 13 35.25889999029688
17 14 33.65963281940148
17 15 31.436491775561628
17 16 29.737449444503962
17 17 34.69982960089788
17 18 32.30670340302233
17 19 35.33690624862124
17 20 33.99137898731047
17 21 32.36574355545349
17 22 37.23384853344263
17 23 30.406425756405696
17 24 32.958396111333464
17 25 35.94441157552933
17 26 33.34396653961108
17 27 33.262887372408144
17 28 32.12619378958053
17 29 34.945827348196175
18 0 35.478090978687725
18 1 31.76519297711007
18 2 31.554964479572938
18 3 33.521922366664384
18 4 34.015461858168734
18 5 32.875179329177996
18 6 30.910230735116308
18 7 34.29441884571998
18 8 33.61548072531105
18 9 33.372474558264294
18 10 33.28774602996182
18 11 33.2849461993777
18 12 32.98475253679336
18 13 34.95933369176119
18 14 32.84052619991316
18 15 30.483284239508006
18 16 33.99143246627617
18 17 32.30670340302233
18 18 33.09981887313976
18 19 33.21428789322498
18 20 35.86299879830518
18 21 35.29207040728464
18 22 36.42665890940394
18 23 35.84053737177269
18 24 33.18205551999424
18 25 33.76932271673656
18 26 31.916888164342232
18 27 34.7300437358478
18 28 34.35044300118066
18 29 31.45476489560709
19 0 32.85178460064906
19 1 33.262136464207856
19 2 34.15696812243412
19 3 32.61947620752987
19 4 30.883652139478396
19 5 32.93631889424398
19 6 32.67186925515333
19 7 30.767532669917134
19 8 34.455313238673384
19 9 37.43955005908905
19 10 31.337089713942003
19 11 32.55352817046112
19 12 33.2849461993777
19 13 32.763212157539265
19 14 29.78199118357142
19 15 32.92626348817329
19 16 35.10961771971817
19 17 35.33690624862124
19 18 33.21428789322498
19 19 33.3211439886104
19 20 33.297424589527765
19 21 36.82307171487403
19 22 32.80810615733162
19 23 35.73999725966692
19 24 32.639509198114204
19 25 34.306878569970756
19 26 33.277939156613506
19 27 34.284062660762295
19 28 32.00958714932952
19 29 33.47554258167849
20 0 32.76396383335106
20 1 32.4995048651979
20 2 32.36721424554921
20 3 33.326161422619926
20 4 33.38103624971469
20 5 30.36497088548264
20 6 33.00369231036617
20 7 31.810053325086084
20 8 31.442372156706586
20 9 33.07068717245114
20 10 35.41783838228596
20 11 31.337089713942003
20 12 33.28774602996182
20 13 35.65886832291561
20 14 31.307609702451565
20 15 33.79296071716505
20 16 33.66717943648182
20 17 33.99137898731047
20 18 35.86299879830518
20 19 33.297424589527765
20 20 13.736599381844986
20 21 33.73537518475363
20 22 33.09879884100663
20 23 32.980087428843625
20 24 32.96623288287177
20 25 36.51241532650403
20 26 32.91368641716994
20 27 35.11727478163784
20 28 31.43896810249343
20 29 33.83327347971831
21 0 31.50680736537284
21 1 33.6289998242361
21 2 32.15602338829885
21 3 32.12693311186377
21 4 32.590974229697814
21 5 33.91748252087797
21 6 31.87842372778724
21 7 33.85260043733196
21 8 32.8708055437384
21 9 32.339195368457595
21 10 33.07068717245114
21 11 37.43955005908905
21 12 33.372474558264294
21 13 32.96005736158998
21 14 33.46510115940107
21 15 30.766867412667665
21 16 34.33974905783976
21 17 32.36574355545349
21 18 35.29207040728464
21 19 36.82307171487403
21 20 33.73537518475363
21 21 31.63595875959432
21 22 34.384779459416606
21 23 35.631862916676035
21 24 34.129090527560244
21 25 36.46470639649656
21 26 36.01228184755413
21 27 36.82680700127974
21 28 33.24167896270246
21 29 34.33981007682442
22 0 30.80994838987732
22 1 32.82557267972342
22 2 30.90731907673255
22 3 30.726546830857526
22 4 31.444123542094925
22 5 36.36188896483191
22 6 33.637578195464314
22 7 34.22333762383373
22 8 31.80642980481324
22 9 32.8708055437384
22 10 31.442372156706586
22 11 34.455313238673384
22 12 33.61548072531105
22 13 34.7285467437144
22 14 33.9061452396807
22 15 34.132146817584186
22 16 32.88105740631188
22 17 37.23384853344263
22 18 36.42665890940394
22 19 32.80810615733162
22 20 33.09879884100663
22 21 34.384779459416606
22 22 33.63492893673557
22 23 32.18608762265147
22 24 31.076200764464385
22 25 36.54003141051509
22 26 32.5107556688383
22 27 32.80188030045685
22 28 35.74391286241832
22 29 30.54971292429079
23 0 31.67778343821613
23 1 34.59788796443394
23 2 33.07518098173538
23 3 32.52894403994239
23 4 29.773970947592936
23 5 33.561020517766345
23 6 32.95499904496553
23 7 33.18744157028468
23 8 34.22333762383373
23 9 33.85260043733196
23 10 31.810053325086084
23 11 30.767532669917134
23 12 34.29441884571998
23 13 35.178338197994194
23 14 33.3552413044161
23 15 33.11044654748614
23 16 33.29083136701276
23 17 30.406425756405696
23 18 35.84053737177269
23 19 35.73999725966692
23 20 32.980087428843625
23 21 35.631862916676035
23 22 32.18608762265147
23 23 33.92487685045638
23 24 32.82599002716859
23 25 32.15415636207294
23 26 35.22033447349326
23 27 30.96127890699488
23 28 33.136903284367776
23 29 32.96418833801159
24 0 30.029908978513635
24 1 30.183838643186704
24 2 29.388314482966177
24 3 32.28916789769998
24 4 31.529153062770312
24 5 31.692952406111058
24 6 31.842475663952346
24 7 32.95499904496553
24 8 33.637578195464314
24 9 31.87842372778724
24 10 33.00369231036617
24 11 32.67186925515333
24 12 30.910230735116308
24 13 34.94584603153291
24 14 31.653730754619467
24 15 34.97402419178859
24 16 32.66677658106394
24 17 32.958396111333464
24 18 33.18205551999424
24 19 32.639509198114204
24 20 32.96623288287177
24 21 34.129090527560244
24 22 31.076200764464385
24 23 32.82599002716859
24 24 31.39504911528087
24 25 35.39704198461281
24 26 33.52417930598821
24 27 34.882541707650205
24 28 32.42200303014905
24 29 33.11487016153179
25 0 28.593256891939483
25 1 29.030810467099887
25 2 28.326836376375176
25 3 30.752799763870645
25 4 33.15265115240788
25 5 30.066192716781313
25 6 31.692952406111058
25 7 33.561020517766345
25 8 36.36188896483191
25 9 33.91748252087797
25 10 30.36497088548264
25 11 32.93631889424398
25 12 32.875179329177996
25 13 32.33871688381222
25 14 31.707237002196806
25 15 35.72988010818875
25 16 34.68813715322423
25 17 35.94441157552933
25 18 33.76932271673656
25 19 34.306878569970756
25 20 36.51241532650403
25 21 36.46470639649656
25 22 36.54003141051509
25 23 32.15415636207294
25 24 35.39704198461281
25 25 34.25870141281517
25 26 33.582838481850885
25 27 34.47156837196087
25 28 34.4674387744392
25 29 30.53772494722575
26 0 29.8214922177924
26 1 31.06384870973558
26 2 31.243400047705055
26 3 28.468290274426895
26 4 30.50674555572765
26 5 33.15265115240788
26 6 31.529153062770312
26 7 29.773970947592936
26 8 31.444123542094925
26 9 32.590974229697814
26 10 33.38103624971469
26 11 30.883652139478396
26 12 34.015461858168734
26 13 33.49901706759284
26 14 30.775642708165403
26 15 32.11567844715527
26 16 34.567154727575684
26 17 33.34396653961108
26 18 31.916888164342232
26 19 33.277939156613506
26 20 32.91368641716994
26 21 36.01228184755413
26 22 32.5107556688383
26 23 35.22033447349326
26 24 33.52417930598821
26 25 33.582838481850885
26 26 35.2783678030726
26 27 32.49794403478832
26 28 29.96075311433781
26 29 29.168258503913616
27 0 30.191943333089856
27 1 30.950402691348103
27 2 31.715771708768077
27 3 28.07384857315914
27 4 28.468290274426895
27 5 30.752799763870645
27 6 32.28916789769998
27 7 32.52894403994239
27 8 30.726546830857526
27 9 32.12693311186377
27 10 33.326161422619926
27 11 32.61947620752987
27 12 33.521922366664384
27 13 32.457322522549326
27 14 33.748945536194825
27 15 31.528648925118517
27 16 34.096110555263586
27 17 33.262887372408144
27 18 34.7300437358478
27 19 34.284062660762295
27 20 35.11727478163784
27 21 36.82680700127974
27 22 32.80188030045685
27 23 30.96127890699488
27 24 34.882541707650205
27 25 34.47156837196087
27 26 32.49794403478832
27 27 32.39498648908361
27 28 32.1711095897574
27 29 34.26502528292893
28 0 29.211043391793243
28 1 31.80083822540899
28 2 29.824709110173313
28 3 31.715771708768077
28 4 31.243400047705055
28 5 28.326836376375176
28 6 29.388314482966177
28 7 33.07518098173538
28 8 30.90731907673255
28 9 32.15602338829885
28 10 32.36721424554921
28 11 34.15696812243412
28 12 31.554964479572938
28 13 32.88217381347523
28 14 31.705234581896047
28 15 33.23288213090237
28 16 33.88575264799921
28 17 32.12619378958053
28 18 34.35044300118066
28 19 32.00958714932952
28 20 31.43896810249343
28 21 33.24167896270246
28 22 35.74391286241832
28 23 33.136903284367776
28 24 32.42200303014905
28 25 34.4674387744392
28 26 29.96075311433781
28 27 32.1711095897574
28 28 32.28547994792056
28 29 33.66372773717812
29 0 29.53240709076819
29 1 30.743188032684987
29 2 31.80083822540899
29 3 30.950402691348103
29 4 31.06384870973558
29 5 29.030810467099887
29 6 30.183838643186704
29 7 34.59788796443394
29 8 32.82557267972342
29 9 33.6289998242361
29 10 32.4995048651979
29 11 33.262136464207856
29 12 31.76519297711007
29 13 31.40097678944016
29 14 31.993316189039
29 15 33.913821123569576
29 16 33.11127505532788
29 17 34.945827348196175
29 18 31.45476489560709
29 19 33.47554258167849
29 20 33.83327347971831
29 21 34.33981007682442
29 22 30.54971292429079
29 23 32.96418833801159
29 24 33.11487016153179
29 25 30.53772494722575
29 26 29.168258503913616
29 27 34.26502528292893
29 28 33.66372773717812
29 29 33.737074478217075
