0 0 12.659317512780445
0 1 13.06590660770069
0 2 14.658913541909488
0 3 13.432186202481121
0 4 13.90165394173836
0 5 13.961133153956418
0 6 15.040828837142383
0 7 14.675395639211224
0 8 14.364328115698893
0 9 15.808090683122384
0 10 15.606691077105028
0 11 13.436279188402626
0 12 16.451341689730132
0 13 14.747946592177465
0 14 14.536482985725417
0 15 17.203690266837587
0 16 14.461517445867342
0 17 14.047522950470936
0 18 12.771097158124556
0 19 13.990241774524863
0 20 14.762247024305365
0 21 13.78109425610689
0 22 15.52981191127468
0 23 14.23096655244518
0 24 14.651756029931725
0 25 16.491682957235497
0 26 14.321194368191195
0 27 15.927840445587428
0 28 12.769677478290353
0 29 14.36974109403951
1 0 13.06590660770069
1 1 16.78457239471662
1 2 14.541986806148593
1 3 13.825044940459962
1 4 14.053797279161044
1 5 15.440905994445083
1 6 15.19133860935282
1 7 14.762676547584023
1 8 14.447069032653262
1 9 15.196151966857622
1 10 13.052474755872808
1 11 13.530062641370025
1 12 16.041580987274244
1 13 12.075202424503654
1 14 14.021965537060119
1 15 12.428153612564905
1 16 16.461327022498068
1 17 14.081616432584507
1 18 15.260251054494255
1 19 13.856395113793639
1 20 13.530199270807628
1 21 16.881757911773896
1 22 12.780379776124825
1 23 15.374061487093847
1 24 13.73124050426111
1 25 13.457936895541877
1 26 12.323528963774855
1 27 15.852045846426595
1 28 12.351582625270469
1 29 11.983668696682159
2 0 14.658913541909488
2 1 14.541986806148593
2 2 12.866538134229202
2 3 12.563358193551688
2 4 15.187478537224523
2 5 13.394352467286716
2 6 14.838965268248332
2 7 15.320986036040729
2 8 14.916820496139612
2 9 18.46956510753918
2 10 14.984432120965161
2 11 15.199242570632423
2 12 14.409869479149814
2 13 15.156025085492775
2 14 14.20675965056141
2 15 13.361224407148779
2 16 15.887343725324195
2 17 13.297937939276743
2 18 15.141916814780728
2 19 15.062214807371767
2 20 14.415650042140948
2 21 12.415844906376366
2 22 16.430034541887355
2 23 13.421084076182206
2 24 13.017922505089626
2 25 16.214042040766145
2 26 13.216454147172689
2 27 15.03495456978709
2 28 15.31384102388875
2 29 13.32241375631952
3 0 13.432186202481121
3 1 13.825044940459962
3 2 12.563358193551688
3 3 14.58206325162195
3 4 13.941374169266897
3 5 15.673681545909044
3 6 18.033549184900043
3 7 16.02335152629439
3 8 14.853850375971938
3 9 14.850966273665895
3 10 16.174793911708125
3 11 14.825297918524203
3 12 15.108195921192106
3 13 17.514292439522595
3 14 13.854871146548058
3 15 15.473372165434508
3 16 14.84182599645039
3 17 14.147840423593435
3 18 12.192149874714538
3 19 12.765638895567145
3 20 16.85126745446255
3 21 14.625582102573398
3 22 14.55913513749302
3 23 15.691720027561834
3 24 14.359123730215746
3 25 15.393086154198535
3 26 13.578078937782514
3 27 16.136676211674065
3 28 13.784099017183793
3 29 14.090707419047412
4 0 13.90165394173836
4 1 14.053797279161044
4 2 15.187478537224523
4 3 13.941374169266897
4 4 15.17831120974457
4 5 15.567322117183167
4 6 14.533707205801061
4 7 14.651081758442293
4 8 16.08283471774244
4 9 13.828424336600028
4 10 16.182714782013665
4 11 14.649229935921507
4 12 14.385332500283427
4 13 17.042672702596178
4 14 15.10180629916645
4 15 18.58859745859533
4 16 14.698022465799271
4 17 15.09913767197948
4 18 15.726266835508403
4 19 13.458551717544893
4 20 15.278839438696643
4 21 13.24864183497723
4 22 14.649522635617366
4 23 12.89697319488264
4 24 13.194723061551612
4 25 13.725566498868233
4 26 12.883592762055457
4 27 11.26939028658835
4 28 14.63811150384336
4 29 15.564830974276346
5 0 13.961133153956418
5 1 15.440905994445083
5 2 13.394352467286716
5 3 15.673681545909044
5 4 15.567322117183167
5 5 14.950066820724839
5 6 15.32300229354536
5 7 14.886183500960872
5 8 17.558436944861807
5 9 18.269543107883862
5 10 19.104249979412526
5 11 17.31157836733194
5 12 16.34805294259685
5 13 16.292474603312318
5 14 14.77929283534254
5 15 17.34241533239385
5 16 15.362656216438928
5 17 13.647044727654597
5 18 15.910743842010355
5 19 13.521500954205576
5 20 15.736780404718242
5 21 14.548361791956234
5 22 14.585842466125804
5 23 14.566947261777754
5 24 15.033402063302816
5 25 12.57252229076951
5 26 13.415336834569647
5 27 12.58979241554926
5 28 14.644941198113953
5 29 12.970510083490261
6 0 15.040828837142383
6 1 15.19133860935282
6 2 14.838965268248332
6 3 18.033549184900043
6 4 14.533707205801061
6 5 15.32300229354536
6 6 14.714131625751882
6 7 19.337898778775873
6 8 15.82095415132704
6 9 19.804004035223997
6 10 21.30302020688279
6 11 19.383871789085134
6 12 19.478885834264048
6 13 15.826002209746905
6 14 15.964688780589377
6 15 13.506895280320217
6 16 14.421634302263714
6 17 13.931958014616212
6 18 16.551473665947665
6 19 14.361936082358413
6 20 14.524064171436214
6 21 17.60153053737598
6 22 15.433003506779869
6 23 14.029413879149788
6 24 13.63947754376499
6 25 14.423596458482429
6 26 13.809802744499224
6 27 13.948384055506947
6 28 14.110393900459298
6 29 12.329077576639314
7 0 14.675395639211224
7 1 14.762676547584023
7 2 15.320986036040729
7 3 16.02335152629439
7 4 14.651081758442293
7 5 14.886183500960872
7 6 19.337898778775873
7 7 19.6836345281025
7 8 17.154335669387393
7 9 22.776215505223554
7 10 18.054433303081648
7 11 20.375321548364973
7 12 18.750625963358182
7 13 19.88477686880622
7 14 15.12285521414099
7 15 17.5951011113956
7 16 14.770049662578847
7 17 15.864388472336778
7 18 17.049327064975746
7 19 15.145463586228972
7 20 15.098821454309432
7 21 15.158790473616133
7 22 16.272097808001465
7 23 14.459258775442878
7 24 15.416091761043557
7 25 14.35410466590323
7 26 14.472046743308349
7 27 14.563061689565863
7 28 14.585585128989038
7 29 16.615652360583375
8 0 14.364328115698893
8 1 14.447069032653262
8 2 14.916820496139612
8 3 14.853850375971938
8 4 16.08283471774244
8 5 17.558436944861807
8 6 15.82095415132704
8 7 17.154335669387393
8 8 19.034716993921123
8 9 23.93748658531693
8 10 22.5925465120575
8 11 20.472095926251182
8 12 21.570762127429056
8 13 17.438271043816098
8 14 20.666472538873887
8 15 16.118989900797864
8 16 17.227542225129216
8 17 15.981278147553297
8 18 15.671114683182866
8 19 18.13297396873561
8 20 13.209673728396979
8 21 15.64734403481227
8 22 15.38094183501146
8 23 15.527735886998142
8 24 14.589481842719051
8 25 13.490192327827883
8 26 13.917472114608103
8 27 14.254409053224455
8 28 14.771880441097977
8 29 12.654835770470982
9 0 15.808090683122384
9 1 15.196151966857622
9 2 18.46956510753918
9 3 14.850966273665895
9 4 13.828424336600028
9 5 18.269543107883862
9 6 19.804004035223997
9 7 22.776215505223554
9 8 23.93748658531693
9 9 23.09488728789741
9 10 22.526879195030993
9 11 23.43672712146933
9 12 19.401506215850922
9 13 16.89797446524199
9 14 13.974370102705235
9 15 16.869439756947543
9 16 15.279145966402952
9 17 14.817489955006742
9 18 13.825739459855964
9 19 15.837750561225938
9 20 14.79851221275827
9 21 17.076715637109494
9 22 14.115007601633458
9 23 16.691212715638056
9 24 14.960868061284597
9 25 15.12513116477736
9 26 14.660803270880734
9 27 14.353319957563084
9 28 13.540713688772184
9 29 13.644966678696766
10 0 15.606691077105028
10 1 13.052474755872808
10 2 14.984432120965161
10 3 16.174793911708125
10 4 16.182714782013665
10 5 19.104249979412526
10 6 21.30302020688279
10 7 18.054433303081648
10 8 22.5925465120575
10 9 22.526879195030993
10 10 8.634050246848803
10 11 22.34114329719808
10 12 21.123655273873283
10 13 19.793820401596925
10 14 18.844428080489482
10 15 18.631135667318162
10 16 15.35845004271459
10 17 18.21247059868997
10 18 16.607729968264454
10 19 15.560918904896075
10 20 16.532483693801
10 21 16.1631654347741
10 22 14.593208601886682
10 23 15.361714456999108
10 24 18.296661523709595
10 25 14.957303114450879
10 26 13.72943600266521
10 27 12.967777391358911
10 28 13.95666118467452
10 29 14.788626044443355
11 0 13.436279188402626
11 1 13.530062641370025
11 2 15.199242570632423
11 3 14.825297918524203
11 4 14.649229935921507
11 5 17.31157836733194
11 6 19.383871789085134
11 7 20.375321548364973
11 8 20.472095926251182
11 9 23.43672712146933
11 10 22.34114329719808
11 11 19.125656626115816
11 12 20.93149805496069
11 13 19.00192128463684
11 14 18.156851841989656
11 15 17.831934269508398
11 16 18.10767247939995
11 17 16.189526945521393
11 18 15.680585341477821
11 19 16.574344813664045
11 20 15.955547395856904
11 21 14.651034603682302
11 22 15.337140977964193
11 23 15.798589638319692
11 24 15.827081669262556
11 25 16.651235862374413
11 26 13.190073530135377
11 27 16.19790973070476
11 28 12.781096626115678
11 29 14.93402045333339
12 0 16.451341689730132
12 1 16.041580987274244
12 2 14.409869479149814
12 3 15.108195921192106
12 4 14.385332500283427
12 5 16.34805294259685
12 6 19.478885834264048
12 7 18.750625963358182
12 8 21.570762127429056
12 9 19.401506215850922
12 10 21.123655273873283
12 11 20.93149805496069
12 12 20.308097379326778
12 13 18.971472412027826
12 14 18.13509385770784
12 15 18.860363285612454
12 16 16.28157844539928
12 17 16.46170093828081
12 18 19.072443976504008
12 19 16.30671982560022
12 20 16.273406786097713
12 21 17.70270348536184
12 22 17.57742389364837
12 23 12.929369637482871
12 24 15.92372012413614
12 25 14.786806087173035
12 26 14.436085299121842
12 27 16.674430666138683
12 28 15.923490513115759
12 29 14.910714577838645
13 0 14.747946592177465
13 1 12.075202424503654
13 2 15.156025085492775
13 3 17.514292439522595
13 4 17.042672702596178
13 5 16.292474603312318
13 6 15.826002209746905
13 7 19.88477686880622
13 8 17.438271043816098
13 9 16.89797446524199
13 10 19.793820401596925
13 11 19.00192128463684
13 12 18.971472412027826
13 13 20.251110674673303
13 14 18.164515509327288
13 15 17.93575775576957
13 16 20.991034752763117
13 17 13.783359129822061
13 18 19.020372003340448
13 19 17.369441621213685
13 20 17.045121456663367
13 21 14.626706822541887
13 22 16.17110102148223
13 23 18.864788104144168
13 24 17.945646303085553
13 25 15.815349499566276
13 26 13.949145209761562
13 27 13.364267723219156
13 28 14.290965772415902
13 29 15.494917351926924
14 0 14.536482985725417
14 1 14.021965537060119
14 2 14.20675965056141
14 3 13.854871146548058
14 4 15.10180629916645
14 5 14.77929283534254
14 6 15.964688780589377
14 7 15.12285521414099
14 8 20.666472538873887
14 9 13.974370102705235
14 10 18.844428080489482
14 11 18.156851841989656
14 12 18.13509385770784
14 13 18.164515509327288
14 14 17.39840540745847
14 15 16.304203823801032
14 16 19.944027598235678
14 17 18.95666134060193
14 18 21.597823536885965
14 19 17.340476555058125
14 20 19.161143202332447
14 21 15.785077952049065
14 22 17.355628040934512
14 23 16.12351669808557
14 24 16.511465131831088
14 25 15.951810958042932
14 26 14.326592295193118
14 27 14.876871630456154
14 28 15.635577076139187
14 29 16.22038757837953
15 0 17.203690266837587
15 1 12.428153612564905
15 2 13.361224407148779
15 3 15.473372165434508
15 4 18.58859745859533
15 5 17.34241533239385
15 6 13.506895280320217
15 7 17.5951011113956
15 8 16.118989900797864
15 9 16.869439756947543
15 10 18.631135667318162
15 11 17.831934269508398
15 12 18.860363285612454
15 13 17.93575775576957
15 14 16.304203823801032
15 15 15.720080109024016
15 16 18.524548390120056
15 17 16.873588205559177
15 18 16.803209134481683
15 19 16.416254945275416
15 20 16.9246099041346
15 21 18.000299707417415
15 22 16.546105992644165
15 23 19.122709262287678
15 24 18.133667230701814
15 25 14.720782676960587
15 26 18.909397798259462
15 27 15.491005638001651
15 28 17.044070063480422
15 29 14.165329465241548
16 0 14.461517445867342
16 1 16.461327022498068
16 2 15.887343725324195
16 3 14.84182599645039
16 4 14.698022465799271
16 5 15.362656216438928
16 6 14.421634302263714
16 7 14.770049662578847
16 8 17.227542225129216
16 9 15.279145966402952
16 10 15.35845004271459
16 11 18.10767247939995
16 12 16.28157844539928
16 13 20.991034752763117
16 14 19.944027598235678
16 15 18.524548390120056
16 16 17.04333590934846
16 17 17.86318606593964
16 18 18.040145722329427
16 19 19.026469482845513
16 20 19.294472856805147
16 21 16.082449142092752
16 22 19.314548671972116
16 23 18.111930982230106
16 24 16.40712819253106
16 25 14.051696880381398
16 26 17.37336218127953
16 27 15.75304171337697
16 28 14.478617396978388
16 29 15.557787257414851
17 0 14.047522950470936
17 1 14.081616432584507
17 2 13.297937939276743
17 3 14.147840423593435
17 4 15.09913767197948
17 5 13.647044727654597
17 6 13.931958014616212
17 7 15.864388472336778
17 8 15.981278147553297
17 9 14.817489955006742
17 10 18.21247059868997
17 11 16.189526945521393
17 12 16.46170093828081
17 13 13.783359129822061
17 14 18.95666134060193
17 15 16.873588205559177
17 16 17.86318606593964
17 17 18.781425922602107
17 18 20.666218543783565
17 19 19.31567849883322
17 20 18.749447597931113
17 21 18.935527328300317
17 22 19.46710036193789
17 23 18.935169568488174
17 24 16.63783133254372
17 25 17.549978276933455
17 26 15.767862702046306
17 27 16.479843395253184
17 28 17.524979616602806
17 29 12.928389041395992
18 0 12.771097158124556
18 1 15.260251054494255
18 2 15.141916814780728
18 3 12.192149874714538
18 4 15.726266835508403
18 5 15.910743842010355
18 6 16.551473665947665
18 7 17.049327064975746
18 8 15.671114683182866
18 9 13.825739459855964
18 10 16.607729968264454
18 11 15.680585341477821
18 12 19.072443976504008
18 13 19.020372003340448
18 14 21.597823536885965
18 15 16.803209134481683
18 16 18.040145722329427
18 17 20.666218543783565
18 18 20.88322904339167
18 19 21.642072673704853
18 20 23.669168640211474
18 21 24.069232606696247
18 22 20.996334118530104
18 23 23.92587597179109
18 24 19.799758953638754
18 25 17.041943135421743
18 26 19.222877942879755
18 27 15.0992402626959
18 28 15.258028565625336
18 29 14.45313281554783
19 0 13.990241774524863
19 1 13.856395113793639
19 2 15.062214807371767
19 3 12.765638895567145
19 4 13.458551717544893
19 5 13.521500954205576
19 6 14.361936082358413
19 7 15.145463586228972
19 8 18.13297396873561
19 9 15.837750561225938
19 10 15.560918904896075
19 11 16.574344813664045
19 12 16.30671982560022
19 13 17.369441621213685
19 14 17.340476555058125
19 15 16.416254945275416
19 16 19.026469482845513
19 17 19.31567849883322
19 18 21.642072673704853
19 19 23.142044517600958
19 20 23.670842430971813
19 21 23.096756465130106
19 22 22.379308034349584
19 23 20.492758560178903
19 24 18.613084545644334
19 25 18.16738987180945
19 26 17.85289330511348
19 27 16.99835794053338
19 28 15.739227309635526
19 29 15.435459059894265
20 0 14.762247024305365
20 1 13.530199270807628
20 2 14.415650042140948
20 3 16.85126745446255
20 4 15.278839438696643
20 5 15.736780404718242
20 6 14.524064171436214
20 7 15.098821454309432
20 8 13.209673728396979
20 9 14.79851221275827
20 10 16.532483693801
20 11 15.955547395856904
20 12 16.273406786097713
20 13 17.045121456663367
20 14 19.161143202332447
20 15 16.9246099041346
20 16 19.294472856805147
20 17 18.749447597931113
20 18 23.669168640211474
20 19 23.670842430971813
20 20 9.681415595611181
20 21 21.647781470347592
20 22 18.006321130185245
20 23 21.094662126335596
20 24 19.317792517371426
20 25 19.831143393295143
20 26 17.48025600116362
20 27 13.96423874381218
20 28 15.790332430118124
20 29 16.28718048912618
21 0 13.78109425610689
21 1 16.881757911773896
21 2 12.415844906376366
21 3 14.625582102573398
21 4 13.24864183497723
21 5 14.548361791956234
21 6 17.60153053737598
21 7 15.158790473616133
21 8 15.64734403481227
21 9 17.076715637109494
21 10 16.1631654347741
21 11 14.651034603682302
21 12 17.70270348536184
21 13 14.626706822541887
21 14 15.785077952049065
21 15 18.000299707417415
21 16 16.082449142092752
21 17 18.935527328300317
21 18 24.069232606696247
21 19 23.096756465130106
21 20 21.647781470347592
21 21 25.72944664732873
21 22 21.908886027246005
21 23 20.056375337519597
21 24 20.184484420179484
21 25 18.01851121789978
21 26 20.104120869376498
21 27 17.68655862568824
21 28 17.03658160788723
21 29 19.66766335028833
22 0 15.52981191127468
22 1 12.780379776124825
22 2 16.430034541887355
22 3 14.55913513749302
22 4 14.649522635617366
22 5 14.585842466125804
22 6 15.433003506779869
22 7 16.272097808001465
22 8 15.38094183501146
22 9 14.115007601633458
22 10 14.593208601886682
22 11 15.337140977964193
22 12 17.57742389364837
22 13 16.17110102148223
22 14 17.355628040934512
22 15 16.546105992644165
22 16 19.314548671972116
22 17 19.46710036193789
22 18 20.996334118530104
22 19 22.379308034349584
22 20 18.006321130185245
22 21 21.908886027246005
22 22 22.390291128590814
22 23 17.92618429346109
22 24 19.10205787288116
22 25 17.438300271121815
22 26 16.35527121786895
22 27 21.873882010758948
22 28 19.14222381834501
22 29 15.588544330251636
23 0 14.23096655244518
23 1 15.374061487093847
23 2 13.421084076182206
23 3 15.691720027561834
23 4 12.89697319488264
23 5 14.566947261777754
23 6 14.029413879149788
23 7 14.459258775442878
23 8 15.527735886998142
23 9 16.691212715638056
23 10 15.361714456999108
23 11 15.798589638319692
23 12 12.929369637482871
23 13 18.864788104144168
23 14 16.12351669808557
23 15 19.122709262287678
23 16 18.111930982230106
23 17 18.935169568488174
23 18 23.92587597179109
23 19 20.492758560178903
23 20 21.094662126335596
23 21 20.056375337519597
23 22 17.92618429346109
23 23 22.60394254102669
23 24 19.244748977497572
23 25 16.470989498528493
23 26 20.262518245046667
23 27 19.28852088252265
23 28 18.852543597273858
23 29 15.683172850076673
24 0 14.651756029931725
24 1 13.73124050426111
24 2 13.017922505089626
24 3 14.359123730215746
24 4 13.194723061551612
24 5 15.033402063302816
24 6 13.63947754376499
24 7 15.416091761043557
24 8 14.589481842719051
24 9 14.960868061284597
24 10 18.296661523709595
24 11 15.827081669262556
24 12 15.92372012413614
24 13 17.945646303085553
24 14 16.511465131831088
24 15 18.133667230701814
24 16 16.40712819253106
24 17 16.63783133254372
24 18 19.799758953638754
24 19 18.613084545644334
24 20 19.317792517371426
24 21 20.184484420179484
24 22 19.10205787288116
24 23 19.244748977497572
24 24 20.421486866521203
24 25 20.346045650347936
24 26 20.60135097857869
24 27 16.01803486458092
24 28 17.967557474628855
24 29 15.926263926401125
25 0 16.491682957235497
25 1 13.457936895541877
25 2 16.214042040766145
25 3 15.393086154198535
25 4 13.725566498868233
25 5 12.57252229076951
25 6 14.423596458482429
25 7 14.35410466590323
25 8 13.490192327827883
25 9 15.12513116477736
25 10 14.957303114450879
25 11 16.651235862374413
25 12 14.786806087173035
25 13 15.815349499566276
25 14 15.951810958042932
25 15 14.720782676960587
25 16 14.051696880381398
25 17 17.549978276933455
25 18 17.041943135421743
25 19 18.16738987180945
25 20 19.831143393295143
25 21 18.01851121789978
25 22 17.438300271121815
25 23 16.470989498528493
25 24 20.346045650347936
25 25 7.080430626423827
25 26 20.91609433394253
25 27 19.62281743433954
25 28 19.75276103184525
25 29 16.705425872721353
26 0 14.321194368191195
26 1 12.323528963774855
26 2 13.216454147172689
26 3 13.578078937782514
26 4 12.883592762055457
26 5 13.415336834569647
26 6 13.809802744499224
26 7 14.472046743308349
26 8 13.917472114608103
26 9 14.660803270880734
26 10 13.72943600266521
26 11 13.190073530135377
26 12 14.436085299121842
26 13 13.949145209761562
26 14 14.326592295193118
26 15 18.909397798259462
26 16 17.37336218127953
26 17 15.767862702046306
26 18 19.222877942879755
26 19 17.85289330511348
26 20 17.48025600116362
26 21 20.104120869376498
26 22 16.35527121786895
26 23 20.262518245046667
26 24 20.60135097857869
26 25 20.91609433394253
26 26 17.867693509707138
26 27 18.582693615273794
26 28 14.885454816557928
26 29 14.541360544637945
27 0 15.927840445587428
27 1 15.852045846426595
27 2 15.03495456978709
27 3 16.136676211674065
27 4 11.26939028658835
27 5 12.58979241554926
27 6 13.948384055506947
27 7 14.563061689565863
27 8 14.254409053224455
27 9 14.353319957563084
27 10 12.967777391358911
27 11 16.19790973070476
27 12 16.674430666138683
27 13 13.364267723219156
27 14 14.876871630456154
27 15 15.491005638001651
27 16 15.75304171337697
27 17 16.479843395253184
27 18 15.0992402626959
27 19 16.99835794053338
27 20 13.96423874381218
27 21 17.68655862568824
27 22 21.873882010758948
27 23 19.28852088252265
27 24 16.01803486458092
27 25 19.62281743433954
27 26 18.582693615273794
27 27 17.10455286658382
27 28 17.29389961456115
27 29 17.97425892031896
28 0 12.769677478290353
28 1 12.351582625270469
28 2 15.31384102388875
28 3 13.784099017183793
28 4 14.63811150384336
28 5 14.644941198113953
28 6 14.110393900459298
28 7 14.585585128989038
28 8 14.771880441097977
28 9 13.540713688772184
28 10 13.95666118467452
28 11 12.781096626115678
28 12 15.923490513115759
28 13 14.290965772415902
28 14 15.635577076139187
28 15 17.044070063480422
28 16 14.478617396978388
28 17 17.524979616602806
28 18 15.258028565625336
28 19 15.739227309635526
28 20 15.790332430118124
28 21 17.03658160788723
28 22 19.14222381834501
28 23 18.852543597273858
28 24 17.967557474628855
28 25 19.75276103184525
28 26 14.885454816557928
28 27 17.29389961456115
28 28 16.534182271888117
28 29 15.032071196036304
29 0 14.36974109403951
29 1 11.983668696682159
29 2 13.32241375631952
29 3 14.090707419047412
29 4 15.564830974276346
29 5 12.970510083490261
29 6 12.329077576639314
29 7 16.615652360583375
29 8 12.654835770470982
29 9 13.644966678696766
29 10 14.788626044443355
29 11 14.93402045333339
29 12 14.910714577838645
29 13 15.494917351926924
29 14 16.22038757837953
29 15 14.165329465241548
29 16 15.557787257414851
29 17 12.928389041395992
29 18 14.45313281554783
29 19 15.435459059894265
29 20 16.28718048912618
29 21 19.66766335028833
29 22 15.588544330251636
29 23 15.683172850076673
29 24 15.926263926401125
29 25 16.705425872721353
29 26 14.541360544637945
29 27 17.97425892031896
29 28 15.032071196036304
29 29 17.41430872782475
