0 0 3.446884945321281
0 1 3.4145736137940657
0 2 3.024921769810172
0 3 3.1871911670774145
0 4 3.38211379455044
0 5 3.701234476254929
0 6 3.3621431563959425
0 7 3.7719547339658828
0 8 3.435978306019756
0 9 3.639055282870609
0 10 3.471754230468962
0 11 3.879671611313684
0 12 3.558271569565187
0 13 3.1765802020242058
0 14 3.6620424779346687
0 15 3.290451958702012
0 16 3.6985650812881965
0 17 3.936790687722723
0 18 3.5228424069379365
0 19 3.5460206184526117
0 20 4.049337230942205
0 21 3.098447965707477
0 22 3.0855722219212685
0 23 3.329814101598632
0 24 2.9592419925242384
0 25 2.760260494961026
0 26 3.0132644525410863
0 27 3.035913264654337
0 28 3.612795202588826
0 29 2.7388273425294902
1 0 3.4145736137940657
1 1 3.360692896941134
1 2 3.0926014939281727
1 3 3.5115274049261775
1 4 3.6054020408803287
1 5 3.8903341147564285
1 6 3.4995414354784034
1 7 4.352818599692054
1 8 4.250034934063105
1 9 4.650546507098668
1 10 4.690323313145186
1 11 4.597424385891881
1 12 3.8314766340660467
1 13 4.618525512760771
1 14 3.9827241222219025
1 15 4.4055989596696525
1 16 3.6011841918010674
1 17 3.5439591234682726
1 18 3.708496764639665
1 19 4.085642527429049
1 20 3.707713782699469
1 21 3.5499612939474736
1 22 3.634498963839034
1 23 3.3977092527710115
1 24 3.3830291937235457
1 25 3.046417575341355
1 26 3.0397489666988045
1 27 2.7157380868684324
1 28 2.9797989127345037
1 29 3.633692084468539
2 0 3.024921769810172
2 1 3.0926014939281727
2 2 3.4889422189378125
2 3 3.4879173156722625
2 4 3.5250482854864873
2 5 4.082584733868195
2 6 3.995946330333657
2 7 4.025712070536505
2 8 4.406239998711849
2 9 3.573613172148385
2 10 4.919534304489448
2 11 3.711288554302646
2 12 4.503636399139557
2 13 3.9034910628382757
2 14 4.461536402606863
2 15 4.295926005499012
2 16 4.225772982678444
2 17 3.82747466986001
2 18 4.3609235749886075
2 19 3.7036132268835287
2 20 3.295794990471788
2 21 3.4232378922723665
2 22 3.0869442460231498
2 23 3.740645468174379
2 24 3.6339267979454224
2 25 3.1257485040186657
2 26 3.684324225204644
2 27 3.3616742976234404
2 28 3.2077949496267766
2 29 3.216388011897716
3 0 3.1871911670774145
3 1 3.5115274049261775
3 2 3.4879173156722625
3 3 3.5288938615447667
3 4 4.397497786058578
3 5 3.9842393179410447
3 6 3.50505012343768
3 7 4.121497831513535
3 8 5.227017185283322
3 9 5.1776480603656925
3 10 4.838959178586014
3 11 5.733466215007694
3 12 4.133036406419773
3 13 4.775409165664129
3 14 4.19327166103111
3 15 3.879363961704378
3 16 4.028057557183038
3 17 3.893921002739793
3 18 4.616403093087442
3 19 4.529049109512198
3 20 3.69316483424579
3 21 3.847829846357661
3 22 3.2398307987647983
3 23 3.72499365656963
3 24 3.640075586600226
3 25 3.420685812044119
3 26 3.4173574818944985
3 27 3.0772939138297493
3 28 3.3369863590853903
3 29 3.0843903158554364
4 0 3.38211379455044
4 1 3.6054020408803287
4 2 3.5250482854864873
4 3 4.397497786058578
4 4 3.774802932591368
4 5 3.9960561901943117
4 6 4.230794385186239
4 7 4.822046305349388
4 8 4.853910308658009
4 9 4.665724965811949
4 10 4.319807122076206
4 11 5.480911262629823
4 12 4.353336241789312
4 13 4.030117430865913
4 14 5.247922581369078
4 15 3.417414729324693
4 16 5.22213132734926
4 17 4.525352017386873
4 18 4.068866433189328
4 19 3.8886034241812464
4 20 4.090855460980608
4 21 3.6951557572683584
4 22 3.8496493968378585
4 23 3.683639750344024
4 24 3.4924729942612665
4 25 4.225831102889181
4 26 4.078274587081998
4 27 4.224983278041138
4 28 3.9136904557141903
4 29 3.039748966699318
5 0 3.701234476254929
5 1 3.8903341147564285
5 2 4.082584733868195
5 3 3.9842393179410447
5 4 3.9960561901943117
5 5 5.044638624269779
5 6 5.684924519557953
5 7 4.763578720307479
5 8 4.391919556866092
5 9 5.7272460836928545
5 10 5.484317616041108
5 11 5.367426500779436
5 12 5.7685404695580855
5 13 4.660565622440467
5 14 5.143193906699204
5 15 4.684704401477819
5 16 4.985498836072715
5 17 5.341109917729928
5 18 4.361844372802784
5 19 3.9056301918014817
5 20 3.7674735696491113
5 21 3.751153047837236
5 22 4.468198220256848
5 23 3.758800243176434
5 24 3.760467896398
5 25 3.7077143484843056
5 26 3.668256165702638
5 27 4.159053359278533
5 28 3.449531217582963
5 29 3.6143937334566814
6 0 3.3621431563959425
6 1 3.4995414354784034
6 2 3.995946330333657
6 3 3.50505012343768
6 4 4.230794385186239
6 5 5.684924519557953
6 6 4.921559953522881
6 7 4.969541906780794
6 8 5.817359184367571
6 9 5.065145124282795
6 10 5.516642329560149
6 11 5.400268650125583
6 12 6.507118111785398
6 13 5.934750828655089
6 14 5.0373570546143736
6 15 5.692386749966376
6 16 5.449774361567487
6 17 4.611281878077198
6 18 4.5224779808398665
6 19 4.42175674130033
6 20 4.556739988998884
6 21 3.9220331202318337
6 22 3.62154836892227
6 23 3.9139411203424284
6 24 4.397496973379911
6 25 4.086544504531869
6 26 3.5072180551542416
6 27 3.5478687208493485
6 28 3.3441299965036517
6 29 4.084110657537485
7 0 3.7719547339658828
7 1 4.352818599692054
7 2 4.025712070536505
7 3 4.121497831513535
7 4 4.822046305349388
7 5 4.763578720307479
7 6 4.969541906780794
7 7 5.380762328852682
7 8 5.793688734233481
7 9 5.219549386613731
7 10 6.847894048471296
7 11 6.8945312347853625
7 12 5.643532891649257
7 13 5.935045627031465
7 14 5.669903097580964
7 15 6.437119888818631
7 16 4.6553815818398885
7 17 5.026118544888124
7 18 4.511486859051515
7 19 4.761641960821987
7 20 4.727692498316853
7 21 4.048729218972718
7 22 4.061532923619515
7 23 4.763809364409306
7 24 3.4645547697292502
7 25 4.122761082125527
7 26 3.6497672009162656
7 27 3.5439029530855044
7 28 3.2798716703039683
7 29 3.5268680349131967
8 0 3.435978306019756
8 1 4.250034934063105
8 2 4.406239998711849
8 3 5.227017185283322
8 4 4.853910308658009
8 5 4.391919556866092
8 6 5.817359184367571
8 7 5.793688734233481
8 8 6.186530484243735
8 9 8.033258209987714
8 10 7.479548777152551
8 11 7.994059261588667
8 12 6.085965715016141
8 13 6.820730945669897
8 14 5.251704252216123
8 15 5.533938929075765
8 16 5.036517257001399
8 17 5.283403324233542
8 18 4.882120536651201
8 19 4.806170046045195
8 20 4.6396886044036085
8 21 4.872829857511488
8 22 4.7222189844333435
8 23 4.412075456185788
8 24 3.7872401243636475
8 25 3.7727171754379056
8 26 4.0688389423747235
8 27 4.189983658756595
8 28 4.105404379000307
8 29 3.287160548182856
9 0 3.639055282870609
9 1 4.650546507098668
9 2 3.573613172148385
9 3 5.1776480603656925
9 4 4.665724965811949
9 5 5.7272460836928545
9 6 5.065145124282795
9 7 5.219549386613731
9 8 8.033258209987714
9 9 7.595604604805266
9 10 10.85136253906981
9 11 8.462082117973853
9 12 6.824013038786478
9 13 7.253884111021272
9 14 6.1573077824547635
9 15 5.210367127145847
9 16 5.39507471962392
9 17 5.269248420541944
9 18 5.878412971383131
9 19 4.590716993662392
9 20 4.634504124115314
9 21 4.606045527698951
9 22 4.561984466781037
9 23 4.91507020238794
9 24 4.277007420297795
9 25 4.3472915413845
9 26 4.009682622538017
9 27 3.8839896624941006
9 28 4.49524629955179
9 29 3.9955455416208494
10 0 3.471754230468962
10 1 4.690323313145186
10 2 4.919534304489448
10 3 4.838959178586014
10 4 4.319807122076206
10 5 5.484317616041108
10 6 5.516642329560149
10 7 6.847894048471296
10 8 7.479548777152551
10 9 10.85136253906981
10 10 23.901414369192644
10 11 10.225496231206499
10 12 7.338879261817006
10 13 7.404209075062265
10 14 5.874520643994053
10 15 5.077382971239449
10 16 5.279467202183141
10 17 5.066112878103294
10 18 5.0735801834496685
10 19 4.672760086138822
10 20 4.808234475906006
10 21 5.139603043952291
10 22 4.459035961687597
10 23 4.250103543436718
10 24 4.234370238344221
10 25 4.733159323710136
10 26 3.987561898579723
10 27 4.777377093056697
10 28 3.557163645424048
10 29 4.6409765913315955
11 0 3.879671611313684
11 1 4.597424385891881
11 2 3.711288554302646
11 3 5.733466215007694
11 4 5.480911262629823
11 5 5.367426500779436
11 6 5.400268650125583
11 7 6.8945312347853625
11 8 7.994059261588667
11 9 8.462082117973853
11 10 10.225496231206499
11 11 10.593488697909704
11 12 7.719885679339284
11 13 6.799707126365143
11 14 6.201998339711204
11 15 5.681468016467976
11 16 5.924970933790388
11 17 6.763929478086481
11 18 4.995464253752049
11 19 5.167083557252175
11 20 4.699666574159088
11 21 5.2822244125334485
11 22 5.644919943278488
11 23 4.74398990536136
11 24 4.671796557030106
11 25 3.613579719871306
11 26 5.607729882312972
11 27 3.640873761827292
11 28 4.2354469601583205
11 29 3.4216725839810738
12 0 3.558271569565187
12 1 3.8314766340660467
12 2 4.503636399139557
12 3 4.133036406419773
12 4 4.353336241789312
12 5 5.7685404695580855
12 6 6.507118111785398
12 7 5.643532891649257
12 8 6.085965715016141
12 9 6.824013038786478
12 10 7.338879261817006
12 11 7.719885679339284
12 12 7.4915857275788
12 13 6.924248481163805
12 14 5.934258461291833
12 15 6.143410351337324
12 16 5.265394051479211
12 17 4.727580408737469
12 18 5.319680239144402
12 19 5.408350036760006
12 20 5.308509987136261
12 21 5.068838116870629
12 22 4.944769196151082
12 23 5.1165777987285965
12 24 5.375692301762784
12 25 4.781125839944012
12 26 4.515635377382315
12 27 5.447096058294914
12 28 4.000197252688061
12 29 3.9855683620008957
13 0 3.1765802020242058
13 1 4.618525512760771
13 2 3.9034910628382757
13 3 4.775409165664129
13 4 4.030117430865913
13 5 4.660565622440467
13 6 5.934750828655089
13 7 5.935045627031465
13 8 6.820730945669897
13 9 7.253884111021272
13 10 7.404209075062265
13 11 6.799707126365143
13 12 6.924248481163805
13 13 5.649697228749574
13 14 6.23375286012165
13 15 5.203699068362235
13 16 4.618952360795232
13 17 6.219993839625976
13 18 5.039389785841647
13 19 5.570294864307074
13 20 5.148192114653007
13 21 6.000583761670135
13 22 5.9071070528444025
13 23 5.735793906902882
13 24 4.513169497694478
13 25 4.872048069116527
13 26 4.466096680595466
13 27 5.106282097503605
13 28 4.857201357694227
13 29 3.781650641722353
14 0 3.6620424779346687
14 1 3.9827241222219025
14 2 4.461536402606863
14 3 4.19327166103111
14 4 5.247922581369078
14 5 5.143193906699204
14 6 5.0373570546143736
14 7 5.669903097580964
14 8 5.251704252216123
14 9 6.1573077824547635
14 10 5.874520643994053
14 11 6.201998339711204
14 12 5.934258461291833
14 13 6.23375286012165
14 14 6.377235064763913
14 15 6.349813853884903
14 16 4.851750446367453
14 17 5.492808212837827
14 18 5.061989891457649
14 19 5.060720103355183
14 20 5.593281686229991
14 21 5.574450605443901
14 22 4.908431441202617
14 23 4.430560715206331
14 24 5.409238849789727
14 25 4.860526618161375
14 26 5.093899482735331
14 27 4.555932419220966
14 28 5.052696201173241
14 29 4.474589676794353
15 0 3.290451958702012
15 1 4.4055989596696525
15 2 4.295926005499012
15 3 3.879363961704378
15 4 3.417414729324693
15 5 4.684704401477819
15 6 5.692386749966376
15 7 6.437119888818631
15 8 5.533938929075765
15 9 5.210367127145847
15 10 5.077382971239449
15 11 5.681468016467976
15 12 6.143410351337324
15 13 5.203699068362235
15 14 6.349813853884903
15 15 6.0411878104927
15 16 5.234996498411561
15 17 5.958398485618495
15 18 5.6244464632113145
15 19 6.26274032178411
15 20 6.038475777430849
15 21 5.3318644771971115
15 22 5.56643689258708
15 23 4.794481003682329
15 24 5.123148074972261
15 25 5.527050289054664
15 26 4.46001583318985
15 27 5.069623359050056
15 28 4.821735130605701
15 29 4.757787596470697
16 0 3.6985650812881965
16 1 3.6011841918010674
16 2 4.225772982678444
16 3 4.028057557183038
16 4 5.22213132734926
16 5 4.985498836072715
16 6 5.449774361567487
16 7 4.6553815818398885
16 8 5.036517257001399
16 9 5.39507471962392
16 10 5.279467202183141
16 11 5.924970933790388
16 12 5.265394051479211
16 13 4.618952360795232
16 14 4.851750446367453
16 15 5.234996498411561
16 16 5.480217385325039
16 17 6.483291305429331
16 18 6.114659918515868
16 19 6.770594489500777
16 20 6.348503972239113
16 21 6.080997228994146
16 22 5.081532017222228
16 23 6.015514983267761
16 24 5.654928733774049
16 25 5.829862589206781
16 26 5.61155109214455
16 27 5.295363684057461
16 28 4.356301145941257
16 29 3.97621640307326
17 0 3.936790687722723
17 1 3.5439591234682726
17 2 3.82747466986001
17 3 3.893921002739793
17 4 4.525352017386873
17 5 5.341109917729928
17 6 4.611281878077198
17 7 5.026118544888124
17 8 5.283403324233542
17 9 5.269248420541944
17 10 5.066112878103294
17 11 6.763929478086481
17 12 4.727580408737469
17 13 6.219993839625976
17 14 5.492808212837827
17 15 5.958398485618495
17 16 6.483291305429331
17 17 6.627896495552421
17 18 6.328666269148341
17 19 7.642929639512941
17 20 6.532256309736378
17 21 6.504495678215939
17 22 6.84488367564913
17 23 7.145794934948522
17 24 6.354662443893591
17 25 5.8056282741424745
17 26 6.003360570045153
17 27 5.381810329564554
17 28 5.156218877146203
17 29 4.36387542558905
18 0 3.5228424069379365
18 1 3.708496764639665
18 2 4.3609235749886075
18 3 4.616403093087442
18 4 4.068866433189328
18 5 4.361844372802784
18 6 4.5224779808398665
18 7 4.511486859051515
18 8 4.882120536651201
18 9 5.878412971383131
18 10 5.0735801834496685
18 11 4.995464253752049
18 12 5.319680239144402
18 13 5.039389785841647
18 14 5.061989891457649
18 15 5.6244464632113145
18 16 6.114659918515868
18 17 6.328666269148341
18 18 6.633846263071712
18 19 8.65885928267835
18 20 8.60137177818613
18 21 7.996018252140236
18 22 6.254332545213095
18 23 5.508358451132694
18 24 6.577898946942904
18 25 5.69915145028219
18 26 5.283108838606026
18 27 5.959990744261045
18 28 5.208226890235168
18 29 4.909352179194236
19 0 3.5460206184526117
19 1 4.085642527429049
19 2 3.7036132268835287
19 3 4.529049109512198
19 4 3.8886034241812464
19 5 3.9056301918014817
19 6 4.42175674130033
19 7 4.761641960821987
19 8 4.806170046045195
19 9 4.590716993662392
19 10 4.672760086138822
19 11 5.167083557252175
19 12 5.408350036760006
19 13 5.570294864307074
19 14 5.060720103355183
19 15 6.26274032178411
19 16 6.770594489500777
19 17 7.642929639512941
19 18 8.65885928267835
19 19 10.43942090842192
19 20 12.681593391523432
19 21 9.094215057107347
19 22 7.801309101729297
19 23 8.000396429296206
19 24 7.393848002027427
19 25 5.6976581139187354
19 26 5.827746613146706
19 27 5.374282740311267
19 28 4.669540160760821
19 29 5.069403315254062
20 0 4.049337230942205
20 1 3.707713782699469
20 2 3.295794990471788
20 3 3.69316483424579
20 4 4.090855460980608
20 5 3.7674735696491113
20 6 4.556739988998884
20 7 4.727692498316853
20 8 4.6396886044036085
20 9 4.634504124115314
20 10 4.808234475906006
20 11 4.699666574159088
20 12 5.308509987136261
20 13 5.148192114653007
20 14 5.593281686229991
20 15 6.038475777430849
20 16 6.348503972239113
20 17 6.532256309736378
20 18 8.60137177818613
20 19 12.681593391523432
20 20 23.350876173048327
20 21 10.439285480624473
20 22 9.449471088832256
20 23 6.223122105833612
20 24 6.848081092497035
20 25 5.959594078953122
20 26 6.391761146269709
20 27 6.254253645877269
20 28 5.025806872738102
20 29 4.438977935240911
21 0 3.098447965707477
21 1 3.5499612939474736
21 2 3.4232378922723665
21 3 3.847829846357661
21 4 3.6951557572683584
21 5 3.751153047837236
21 6 3.9220331202318337
21 7 4.048729218972718
21 8 4.872829857511488
21 9 4.606045527698951
21 10 5.139603043952291
21 11 5.2822244125334485
21 12 5.068838116870629
21 13 6.000583761670135
21 14 5.574450605443901
21 15 5.3318644771971115
21 16 6.080997228994146
21 17 6.504495678215939
21 18 7.996018252140236
21 19 9.094215057107347
21 20 10.439285480624473
21 21 9.56621251276611
21 22 8.515050842533807
21 23 7.655665220297115
21 24 6.596578673607197
21 25 7.13581391111356
21 26 5.888026325400421
21 27 5.527610407622505
21 28 5.718665633177099
21 29 4.362343624986243
22 0 3.0855722219212685
22 1 3.634498963839034
22 2 3.0869442460231498
22 3 3.2398307987647983
22 4 3.8496493968378585
22 5 4.468198220256848
22 6 3.62154836892227
22 7 4.061532923619515
22 8 4.7222189844333435
22 9 4.561984466781037
22 10 4.459035961687597
22 11 5.644919943278488
22 12 4.944769196151082
22 13 5.9071070528444025
22 14 4.908431441202617
22 15 5.56643689258708
22 16 5.081532017222228
22 17 6.84488367564913
22 18 6.254332545213095
22 19 7.801309101729297
22 20 9.449471088832256
22 21 8.515050842533807
22 22 7.527770293233118
22 23 7.602708946850021
22 24 7.985904747448343
22 25 6.136211648131895
22 26 6.919887100508684
22 27 5.647324811853751
22 28 5.3148340325128425
22 29 5.4067589474126
23 0 3.329814101598632
23 1 3.3977092527710115
23 2 3.740645468174379
23 3 3.72499365656963
23 4 3.683639750344024
23 5 3.758800243176434
23 6 3.9139411203424284
23 7 4.763809364409306
23 8 4.412075456185788
23 9 4.91507020238794
23 10 4.250103543436718
23 11 4.74398990536136
23 12 5.1165777987285965
23 13 5.735793906902882
23 14 4.430560715206331
23 15 4.794481003682329
23 16 6.015514983267761
23 17 7.145794934948522
23 18 5.508358451132694
23 19 8.000396429296206
23 20 6.223122105833612
23 21 7.655665220297115
23 22 7.602708946850021
23 23 6.153506169935538
23 24 7.889788181965366
23 25 7.635467045063125
23 26 7.749556176533877
23 27 6.081044291145863
23 28 5.802472062441465
23 29 5.3666671214548085
24 0 2.9592419925242384
24 1 3.3830291937235457
24 2 3.6339267979454224
24 3 3.640075586600226
24 4 3.4924729942612665
24 5 3.760467896398
24 6 4.397496973379911
24 7 3.4645547697292502
24 8 3.7872401243636475
24 9 4.277007420297795
24 10 4.234370238344221
24 11 4.671796557030106
24 12 5.375692301762784
24 13 4.513169497694478
24 14 5.409238849789727
24 15 5.123148074972261
24 16 5.654928733774049
24 17 6.354662443893591
24 18 6.577898946942904
24 19 7.393848002027427
24 20 6.848081092497035
24 21 6.596578673607197
24 22 7.985904747448343
24 23 7.889788181965366
24 24 8.611581095378204
24 25 9.502074795706166
24 26 7.875407845851107
24 27 7.818957967837651
24 28 5.689143928007483
24 29 5.671894210488131
25 0 2.760260494961026
25 1 3.046417575341355
25 2 3.1257485040186657
25 3 3.420685812044119
25 4 4.225831102889181
25 5 3.7077143484843056
25 6 4.086544504531869
25 7 4.122761082125527
25 8 3.7727171754379056
25 9 4.3472915413845
25 10 4.733159323710136
25 11 3.613579719871306
25 12 4.781125839944012
25 13 4.872048069116527
25 14 4.860526618161375
25 15 5.527050289054664
25 16 5.829862589206781
25 17 5.8056282741424745
25 18 5.69915145028219
25 19 5.6976581139187354
25 20 5.959594078953122
25 21 7.13581391111356
25 22 6.136211648131895
25 23 7.635467045063125
25 24 9.502074795706166
25 25 16.86030345494211
25 26 7.3711935502571
25 27 6.43270356859163
25 28 5.567950669046969
25 29 5.402166554103507
26 0 3.0132644525410863
26 1 3.0397489666988045
26 2 3.684324225204644
26 3 3.4173574818944985
26 4 4.078274587081998
26 5 3.668256165702638
26 6 3.5072180551542416
26 7 3.6497672009162656
26 8 4.0688389423747235
26 9 4.009682622538017
26 10 3.987561898579723
26 11 5.607729882312972
26 12 4.515635377382315
26 13 4.466096680595466
26 14 5.093899482735331
26 15 4.46001583318985
26 16 5.61155109214455
26 17 6.003360570045153
26 18 5.283108838606026
26 19 5.827746613146706
26 20 6.391761146269709
26 21 5.888026325400421
26 22 6.919887100508684
26 23 7.749556176533877
26 24 7.875407845851107
26 25 7.3711935502571
26 26 8.094513390280508
26 27 5.856073784569647
26 28 5.68236057779907
26 29 5.183567347088585
27 0 3.035913264654337
27 1 2.7157380868684324
27 2 3.3616742976234404
27 3 3.0772939138297493
27 4 4.224983278041138
27 5 4.159053359278533
27 6 3.5478687208493485
27 7 3.5439029530855044
27 8 4.189983658756595
27 9 3.8839896624941006
27 10 4.777377093056697
27 11 3.640873761827292
27 12 5.447096058294914
27 13 5.106282097503605
27 14 4.555932419220966
27 15 5.069623359050056
27 16 5.295363684057461
27 17 5.381810329564554
27 18 5.959990744261045
27 19 5.374282740311267
27 20 6.254253645877269
27 21 5.527610407622505
27 22 5.647324811853751
27 23 6.081044291145863
27 24 7.818957967837651
27 25 6.43270356859163
27 26 5.856073784569647
27 27 6.833182483569598
27 28 5.317574187728043
27 29 4.740136872316849
28 0 3.612795202588826
28 1 2.9797989127345037
28 2 3.2077949496267766
28 3 3.3369863590853903
28 4 3.9136904557141903
28 5 3.449531217582963
28 6 3.3441299965036517
28 7 3.2798716703039683
28 8 4.105404379000307
28 9 4.49524629955179
28 10 3.557163645424048
28 11 4.2354469601583205
28 12 4.000197252688061
28 13 4.857201357694227
28 14 5.052696201173241
28 15 4.821735130605701
28 16 4.356301145941257
28 17 5.156218877146203
28 18 5.208226890235168
28 19 4.669540160760821
28 20 5.025806872738102
28 21 5.718665633177099
28 22 5.3148340325128425
28 23 5.802472062441465
28 24 5.689143928007483
28 25 5.567950669046969
28 26 5.68236057779907
28 27 5.317574187728043
28 28 5.590817165532934
28 29 4.883944435811683
29 0 2.7388273425294902
29 1 3.633692084468539
29 2 3.216388011897716
29 3 3.0843903158554364
29 4 3.039748966699318
29 5 3.6143937334566814
29 6 4.084110657537485
29 7 3.5268680349131967
29 8 3.287160548182856
29 9 3.9955455416208494
29 10 4.6409765913315955
29 11 3.4216725839810738
29 12 3.9855683620008957
29 13 3.781650641722353
29 14 4.474589676794353
29 15 4.757787596470697
29 16 3.97621640307326
29 17 4.36387542558905
29 18 4.909352179194236
29 19 5.069403315254062
29 20 4.438977935240911
29 21 4.362343624986243
29 22 5.4067589474126
29 23 5.3666671214548085
29 24 5.671894210488131
29 25 5.402166554103507
29 26 5.183567347088585
29 27 4.740136872316849
29 28 4.883944435811683
29 29 5.126053750403572
