0 0 1.9069859850920086
0 1 1.987836685366979
0 2 1.6162983520379592
0 3 1.7138271497355388
0 4 2.1352906527349798
0 5 1.9006915099708677
0 6 1.960358454015712
0 7 1.8763111959676528
0 8 1.7007554060204373
0 9 1.9252890345910931
0 10 1.9346334246328285
0 11 2.281143219124304
0 12 2.1243895453225754
0 13 1.58182925992324
0 14 1.862164708721031
0 15 1.8143513565386826
0 16 2.260945205401089
0 17 2.360374772833214
0 18 1.9529030279902195
0 19 2.0511295734186676
0 20 2.685570806013483
0 21 1.7633783432617063
0 22 1.6936316848576618
0 23 1.6172494749830317
0 24 1.5363707555329815
0 25 1.6226549968516233
0 26 1.798337514644935
0 27 1.9583577506383416
0 28 2.103909966206871
0 29 1.790149333928064
1 0 1.987836685366979
1 1 2.0350979160427416
1 2 1.5779872376805635
1 3 2.0342201734348375
1 4 1.8401236394884477
1 5 2.1408665623217384
1 6 1.9540367249366748
1 7 2.340318429161114
1 8 2.3047344747507768
1 9 2.5283252841409665
1 10 2.7079732455670475
1 11 2.54125692052864
1 12 2.3477613088012905
1 13 2.681443653026046
1 14 2.1931013548836296
1 15 2.6619411075591035
1 16 2.117900738845968
1 17 1.8319377825541432
1 18 1.8830212020454853
1 19 2.526479880668742
1 20 2.0238289639620963
1 21 2.3708444876096806
1 22 1.9344238872016046
1 23 2.12591188991589
1 24 1.9103432786139702
1 25 1.5521239375383242
1 26 1.4478912534208108
1 27 1.749050019747844
1 28 1.3257147797929003
1 29 2.04534819958626
2 0 1.6162983520379592
2 1 1.5779872376805635
2 2 2.1103845616989694
2 3 1.681827452581527
2 4 1.9653114982118667
2 5 2.1379280162198073
2 6 2.0744401534454933
2 7 2.2039291122658935
2 8 2.2758957350703843
2 9 1.923913032035331
2 10 2.8272931173866
2 11 2.183176004066524
2 12 2.3280199924929343
2 13 2.0750368453046106
2 14 2.3283300538420093
2 15 2.1686899184692825
2 16 2.695639468149269
2 17 1.893229151419757
2 18 2.7054474172750593
2 19 1.9084073922839866
2 20 1.7668946064328122
2 21 1.7613076987417426
2 22 1.7970350280189296
2 23 2.274547020401666
2 24 2.147415147380255
2 25 1.7994846965366422
2 26 2.1004574172296806
2 27 1.994579701068498
2 28 1.837415114824533
2 29 1.8967919157037896
3 0 1.7138271497355388
3 1 2.0342201734348375
3 2 1.681827452581527
3 3 2.035484984397762
3 4 2.2509963914775097
3 5 2.365093603931964
3 6 1.7657850243547957
3 7 2.2275661512470615
3 8 2.8817900563858863
3 9 2.687531358889991
3 10 2.4531770766090655
3 11 3.275304309982861
3 12 2.250109202845001
3 13 2.800146550921637
3 14 2.2496425701301224
3 15 1.888985747261734
3 16 2.411577689210726
3 17 1.8305128917295506
3 18 2.6153848826348254
3 19 2.445170388183936
3 20 2.162009060464675
3 21 2.0504742796510698
3 22 1.6368446262864609
3 23 1.9919977383351442
3 24 2.0547461788494656
3 25 2.0033955624807174
3 26 2.063701905834223
3 27 1.7246486038219782
3 28 1.8351367646758125
3 29 1.6640552002872124
4 0 2.1352906527349798
4 1 1.8401236394884477
4 2 1.9653114982118667
4 3 2.2509963914775097
4 4 2.110418053989528
4 5 2.0202037676287556
4 6 2.26977308501927
4 7 2.4403433593957145
4 8 2.574524925172209
4 9 2.4947718047889893
4 10 2.1484815432642366
4 11 2.7952191077108792
4 12 2.063003989255248
4 13 1.933687864333028
4 14 2.7002783855376395
4 15 1.9203464776257402
4 16 3.0267137117447658
4 17 2.714772282011427
4 18 2.178271023016997
4 19 1.8771821652367153
4 20 2.3951194782069525
4 21 1.9492107092481035
4 22 2.1355020285941353
4 23 2.037645551555243
4 24 1.7609815580231716
4 25 2.205145992182251
4 26 2.1006764752898066
4 27 2.2983078569000193
4 28 2.5188958107262924
4 29 1.6299059919548102
5 0 1.9006915099708677
5 1 2.1408665623217384
5 2 2.1379280162198073
5 3 2.365093603931964
5 4 2.0202037676287556
5 5 2.6366644542850044
5 6 3.107668068705723
5 7 2.4733966432365757
5 8 2.3264928951941894
5 9 3.0472482206661247
5 10 3.219765057505867
5 11 3.0837121057337655
5 12 3.2127115927089736
5 13 2.4507553346954305
5 14 2.9376686681942403
5 15 2.4594698107758552
5 16 2.740462207116067
5 17 3.0909405779075017
5 18 2.500322466342411
5 19 1.9288408034287452
5 20 2.0363844208362005
5 21 2.134907529233814
5 22 2.692046628871224
5 23 2.075215309794464
5 24 2.197841034043426
5 25 1.74431106849148
5 26 2.1548384790527493
5 27 2.3360781155426062
5 28 2.2457236927946846
5 29 1.9135633108843515
6 0 1.960358454015712
6 1 1.9540367249366748
6 2 2.0744401534454933
6 3 1.7657850243547957
6 4 2.26977308501927
6 5 3.107668068705723
6 6 2.727307033068002
6 7 2.908602549938712
6 8 3.0736776241553128
6 9 2.7846408171526535
6 10 3.259400269108635
6 11 2.883315244031809
6 12 3.9566486850848848
6 13 3.0816846873637473
6 14 2.470286716626994
6 15 2.9850876116823675
6 16 2.821722014481017
6 17 2.3368585146155234
6 18 2.59500935948485
6 19 2.298611639326759
6 20 2.1934212088536693
6 21 2.1471616199061696
6 22 1.8473554811169155
6 23 2.0243785127632243
6 24 2.413727767576389
6 25 2.4244007552792692
6 26 1.95582700553196
6 27 1.876619279102535
6 28 1.849278869637618
6 29 2.489046617087345
7 0 1.8763111959676528
7 1 2.340318429161114
7 2 2.2039291122658935
7 3 2.2275661512470615
7 4 2.4403433593957145
7 5 2.4733966432365757
7 6 2.908602549938712
7 7 2.8729004152288327
7 8 2.9402608522192395
7 9 2.6366795870522974
7 10 3.335396670160588
7 11 4.027110863185488
7 12 2.6117632971618887
7 13 3.5681494309713164
7 14 2.8092641789085255
7 15 3.582057064649967
7 16 2.2822724340239455
7 17 2.661282607548001
7 18 2.331379796985201
7 19 2.888317574937897
7 20 2.5128189506809226
7 21 2.0091274565117305
7 22 2.319639474757656
7 23 2.4313932167039365
7 24 1.9901395527166168
7 25 2.392350777650538
7 26 1.898979802332883
7 27 1.999367708826314
7 28 1.6315581297361375
7 29 2.212364945704557
8 0 1.7007554060204373
8 1 2.3047344747507768
8 2 2.2758957350703843
8 3 2.8817900563858863
8 4 2.574524925172209
8 5 2.3264928951941894
8 6 3.0736776241553128
8 7 2.9402608522192395
8 8 3.3234041761357345
8 9 4.42995646870219
8 10 3.570484189916444
8 11 4.965852802725448
8 12 3.7486379546519273
8 13 3.719520416548032
8 14 3.0820082560260236
8 15 3.2497963509673116
8 16 2.9551227502478685
8 17 3.0190876138477383
8 18 2.6021568213223407
8 19 2.5118118615527054
8 20 2.3264535452280204
8 21 3.0011903569848384
8 22 2.972604208634077
8 23 2.702639649228077
8 24 2.0130472365580636
8 25 1.8831486752044
8 26 2.4685424545788073
8 27 2.238890258062867
8 28 2.259971452099605
8 29 1.8695594842784098
9 0 1.9252890345910931
9 1 2.5283252841409665
9 2 1.923913032035331
9 3 2.687531358889991
9 4 2.4947718047889893
9 5 3.0472482206661247
9 6 2.7846408171526535
9 7 2.6366795870522974
9 8 4.42995646870219
9 9 4.267879930042679
9 10 5.950392723955749
9 11 4.751621126508231
9 12 3.0746110791855803
9 13 4.222044634503941
9 14 3.1215785775496845
9 15 3.1262202762875084
9 16 2.6929379781243012
9 17 2.923070136740294
9 18 2.9864316855381783
9 19 2.4515053333503247
9 20 2.339405523454002
9 21 2.5253987668597975
9 22 2.4933302819882925
9 23 2.853701078534362
9 24 2.45018846142566
9 25 2.459878332575487
9 26 1.9192557696993606
9 27 2.0823799997709336
9 28 2.64513317062055
9 29 1.9031912088046707
10 0 1.9346334246328285
10 1 2.7079732455670475
10 2 2.8272931173866
10 3 2.4531770766090655
10 4 2.1484815432642366
10 5 3.219765057505867
10 6 3.259400269108635
10 7 3.335396670160588
10 8 3.570484189916444
10 9 5.950392723955749
10 10 13.25991387054929
10 11 5.478140646164901
10 12 3.5924583799104224
10 13 4.0321657537847395
10 14 3.253249207493039
10 15 2.6699626981725446
10 16 2.6420410605330837
10 17 2.6812550605983225
10 18 2.5187185683643722
10 19 2.533694288549361
10 20 2.6001898208444434
10 21 2.65841536756153
10 22 2.344078193298223
10 23 1.9618390325502997
10 24 2.600739745155864
10 25 2.754153092296108
10 26 2.0314400605824385
10 27 2.3352264035890387
10 28 1.8072686263041533
10 29 2.7216646161175735
11 0 2.281143219124304
11 1 2.54125692052864
11 2 2.183176004066524
11 3 3.275304309982861
11 4 2.7952191077108792
11 5 3.0837121057337655
11 6 2.883315244031809
11 7 4.027110863185488
11 8 4.965852802725448
11 9 4.751621126508231
11 10 5.478140646164901
11 11 5.85988868294604
11 12 3.915773702570847
11 13 3.1890479348958367
11 14 3.1559475372721493
11 15 3.100900241661358
11 16 3.6187614985630843
11 17 4.298913934686472
11 18 2.534029778129445
11 19 2.655682561275332
11 20 2.4036462631195334
11 21 2.6567268899186387
11 22 3.48591557818023
11 23 2.6742864024641713
11 24 2.748244641295175
11 25 1.9005075486898546
11 26 3.2065822222801206
11 27 1.8967812509933086
11 28 1.7791867462490574
11 29 1.9070574414128862
12 0 2.1243895453225754
12 1 2.3477613088012905
12 2 2.3280199924929343
12 3 2.250109202845001
12 4 2.063003989255248
12 5 3.2127115927089736
12 6 3.9566486850848848
12 7 2.6117632971618887
12 8 3.7486379546519273
12 9 3.0746110791855803
12 10 3.5924583799104224
12 11 3.915773702570847
12 12 3.901970858772015
12 13 3.7841260056150445
12 14 2.9196551629555816
12 15 4.1049576015785165
12 16 2.9909657166874886
12 17 2.278959712068402
12 18 3.2683896584974605
12 19 2.738204066430087
12 20 2.864336452633523
12 21 2.8874836477648125
12 22 2.6513807680719603
12 23 2.3803209759302604
12 24 3.134346909498202
12 25 2.5178839937629856
12 26 2.207692392513651
12 27 3.294649442725637
12 28 2.254539514397458
12 29 1.9490921214170156
13 0 1.58182925992324
13 1 2.681443653026046
13 2 2.0750368453046106
13 3 2.800146550921637
13 4 1.933687864333028
13 5 2.4507553346954305
13 6 3.0816846873637473
13 7 3.5681494309713164
13 8 3.719520416548032
13 9 4.222044634503941
13 10 4.0321657537847395
13 11 3.1890479348958367
13 12 3.7841260056150445
13 13 3.180340543041884
13 14 3.825471449281602
13 15 2.5482751928327154
13 16 2.855058140931988
13 17 3.436638608136542
13 18 2.847553282081586
13 19 3.4437044604459994
13 20 2.895573067143188
13 21 2.7981526095297524
13 22 3.414551934524825
13 23 3.4001534749612228
13 24 2.275538276876094
13 25 2.814371091696741
13 26 2.3877706085935464
13 27 2.524845367904596
13 28 2.527903462159973
13 29 1.9390060340201534
14 0 1.862164708721031
14 1 2.1931013548836296
14 2 2.3283300538420093
14 3 2.2496425701301224
14 4 2.7002783855376395
14 5 2.9376686681942403
14 6 2.470286716626994
14 7 2.8092641789085255
14 8 3.0820082560260236
14 9 3.1215785775496845
14 10 3.253249207493039
14 11 3.1559475372721493
14 12 2.9196551629555816
14 13 3.825471449281602
14 14 3.4338958041036456
14 15 3.311936560219412
14 16 2.430504756052398
14 17 3.0030125709075493
14 18 2.667368189379966
14 19 2.3893993547348216
14 20 3.0827658138627343
14 21 2.8240203562232304
14 22 2.9322502831415447
14 23 2.5479698218664804
14 24 3.0243995733836817
14 25 2.5083709452770364
14 26 2.4098743212593363
14 27 2.2429205756164756
14 28 2.7824555540825147
14 29 2.549225368750629
15 0 1.8143513565386826
15 1 2.6619411075591035
15 2 2.1686899184692825
15 3 1.888985747261734
15 4 1.9203464776257402
15 5 2.4594698107758552
15 6 2.9850876116823675
15 7 3.582057064649967
15 8 3.2497963509673116
15 9 3.1262202762875084
15 10 2.6699626981725446
15 11 3.100900241661358
15 12 4.1049576015785165
15 13 2.5482751928327154
15 14 3.311936560219412
15 15 2.990434365485826
15 16 2.794010997155771
15 17 3.128275670909163
15 18 2.9524837419101786
15 19 3.471226952306238
15 20 3.4013308823960253
15 21 2.815467438660175
15 22 3.2126558212429184
15 23 2.5950933647570382
15 24 2.8052081903848114
15 25 2.997760364601368
15 26 2.7669029294814154
15 27 2.6516334351900945
15 28 2.5788646716633203
15 29 2.478284456472248
16 0 2.260945205401089
16 1 2.117900738845968
16 2 2.695639468149269
16 3 2.411577689210726
16 4 3.0267137117447658
16 5 2.740462207116067
16 6 2.821722014481017
16 7 2.2822724340239455
16 8 2.9551227502478685
16 9 2.6929379781243012
16 10 2.6420410605330837
16 11 3.6187614985630843
16 12 2.9909657166874886
16 13 2.855058140931988
16 14 2.430504756052398
16 15 2.794010997155771
16 16 2.889611639235752
16 17 3.679515000140176
16 18 3.2377314164812288
16 19 3.6910968547207834
16 20 4.021676724495365
16 21 3.269430274882735
16 22 2.6022170934705455
16 23 3.4631245031778297
16 24 3.1477720661513247
16 25 2.9535848297112355
16 26 3.164914815969526
16 27 2.7740787138843737
16 28 2.3502540656512463
16 29 2.1193472044749457
17 0 2.360374772833214
17 1 1.8319377825541432
17 2 1.893229151419757
17 3 1.8305128917295506
17 4 2.714772282011427
17 5 3.0909405779075017
17 6 2.3368585146155234
17 7 2.661282607548001
17 8 3.0190876138477383
17 9 2.923070136740294
17 10 2.6812550605983225
17 11 4.298913934686472
17 12 2.278959712068402
17 13 3.436638608136542
17 14 3.0030125709075493
17 15 3.128275670909163
17 16 3.679515000140176
17 17 3.545375879190388
17 18 3.8034945328355176
17 19 4.149929403366071
17 20 3.5789473672876913
17 21 3.506941946989919
17 22 3.9827851733046633
17 23 4.406177873509786
17 24 3.27297775652816
17 25 3.4558403876911328
17 26 3.645866189564319
17 27 2.994105746729576
17 28 3.163743179529929
17 29 2.191731946916795
18 0 1.9529030279902195
18 1 1.8830212020454853
18 2 2.7054474172750593
18 3 2.6153848826348254
18 4 2.178271023016997
18 5 2.500322466342411
18 6 2.59500935948485
18 7 2.331379796985201
18 8 2.6021568213223407
18 9 2.9864316855381783
18 10 2.5187185683643722
18 11 2.534029778129445
18 12 3.2683896584974605
18 13 2.847553282081586
18 14 2.667368189379966
18 15 2.9524837419101786
18 16 3.2377314164812288
18 17 3.8034945328355176
18 18 3.9763413325736274
18 19 5.298856442623796
18 20 5.368159236266522
18 21 4.632211081347738
18 22 3.671882487945772
18 23 3.0317695944884595
18 24 3.5649947305705627
18 25 2.877331332853508
18 26 2.9529941399953645
18 27 3.512857053999091
18 28 2.961930559713893
18 29 2.598683753520149
19 0 2.0511295734186676
19 1 2.526479880668742
19 2 1.9084073922839866
19 3 2.445170388183936
19 4 1.8771821652367153
19 5 1.9288408034287452
19 6 2.298611639326759
19 7 2.888317574937897
19 8 2.5118118615527054
19 9 2.4515053333503247
19 10 2.533694288549361
19 11 2.655682561275332
19 12 2.738204066430087
19 13 3.4437044604459994
19 14 2.3893993547348216
19 15 3.471226952306238
19 16 3.6910968547207834
19 17 4.149929403366071
19 18 5.298856442623796
19 19 6.253027180260864
19 20 7.02762476072724
19 21 5.2190807789766165
19 22 4.699553239760855
19 23 5.147655684171014
19 24 4.505774812046315
19 25 3.118595726842867
19 26 3.0644728666625003
19 27 2.6534679194018036
19 28 2.412226907691609
19 29 2.7597656841232245
20 0 2.685570806013483
20 1 2.0238289639620963
20 2 1.7668946064328122
20 3 2.162009060464675
20 4 2.3951194782069525
20 5 2.0363844208362005
20 6 2.1934212088536693
20 7 2.5128189506809226
20 8 2.3264535452280204
20 9 2.339405523454002
20 10 2.6001898208444434
20 11 2.4036462631195334
20 12 2.864336452633523
20 13 2.895573067143188
20 14 3.0827658138627343
20 15 3.4013308823960253
20 16 4.021676724495365
20 17 3.5789473672876913
20 18 5.368159236266522
20 19 7.02762476072724
20 20 10.325948117926488
20 21 5.11799706589563
20 22 4.9684108303659285
20 23 3.4313262204102326
20 24 3.5528894587902733
20 25 3.2686905757510676
20 26 3.3946236824005673
20 27 2.763193959924225
20 28 2.3291404537975695
20 29 2.1801479519462377
21 0 1.7633783432617063
21 1 2.3708444876096806
21 2 1.7613076987417426
21 3 2.0504742796510698
21 4 1.9492107092481035
21 5 2.134907529233814
21 6 2.1471616199061696
21 7 2.0091274565117305
21 8 3.0011903569848384
21 9 2.5253987668597975
21 10 2.65841536756153
21 11 2.6567268899186387
21 12 2.8874836477648125
21 13 2.7981526095297524
21 14 2.8240203562232304
21 15 2.815467438660175
21 16 3.269430274882735
21 17 3.506941946989919
21 18 4.632211081347738
21 19 5.2190807789766165
21 20 5.11799706589563
21 21 5.335513864005307
21 22 4.630280773813797
21 23 3.9819242743270618
21 24 3.474261514830611
21 25 3.8979674035626846
21 26 3.308879240184358
21 27 2.94775977094804
21 28 3.171139411436953
21 29 3.0741640760663818
22 0 1.6936316848576618
22 1 1.9344238872016046
22 2 1.7970350280189296
22 3 1.6368446262864609
22 4 2.1355020285941353
22 5 2.692046628871224
22 6 1.8473554811169155
22 7 2.319639474757656
22 8 2.972604208634077
22 9 2.4933302819882925
22 10 2.344078193298223
22 11 3.48591557818023
22 12 2.6513807680719603
22 13 3.414551934524825
22 14 2.9322502831415447
22 15 3.2126558212429184
22 16 2.6022170934705455
22 17 3.9827851733046633
22 18 3.671882487945772
22 19 4.699553239760855
22 20 4.9684108303659285
22 21 4.630280773813797
22 22 4.323147502392589
22 23 3.868891228029008
22 24 4.202735585802951
22 25 3.2644830793713733
22 26 3.5280526752593486
22 27 2.9645101743935367
22 28 2.917645404570328
22 29 3.2065870953228632
23 0 1.6172494749830317
23 1 2.12591188991589
23 2 2.274547020401666
23 3 1.9919977383351442
23 4 2.037645551555243
23 5 2.075215309794464
23 6 2.0243785127632243
23 7 2.4313932167039365
23 8 2.702639649228077
23 9 2.853701078534362
23 10 1.9618390325502997
23 11 2.6742864024641713
23 12 2.3803209759302604
23 13 3.4001534749612228
23 14 2.5479698218664804
23 15 2.5950933647570382
23 16 3.4631245031778297
23 17 4.406177873509786
23 18 3.0317695944884595
23 19 5.147655684171014
23 20 3.4313262204102326
23 21 3.9819242743270618
23 22 3.868891228029008
23 23 3.745200211285882
23 24 4.242973455590583
23 25 3.714675329061904
23 26 4.095807338936415
23 27 3.3608112377181416
23 28 3.2570272780471963
23 29 3.6342236089463387
24 0 1.5363707555329815
24 1 1.9103432786139702
24 2 2.147415147380255
24 3 2.0547461788494656
24 4 1.7609815580231716
24 5 2.197841034043426
24 6 2.413727767576389
24 7 1.9901395527166168
24 8 2.0130472365580636
24 9 2.45018846142566
24 10 2.600739745155864
24 11 2.748244641295175
24 12 3.134346909498202
24 13 2.275538276876094
24 14 3.0243995733836817
24 15 2.8052081903848114
24 16 3.1477720661513247
24 17 3.27297775652816
24 18 3.5649947305705627
24 19 4.505774812046315
24 20 3.5528894587902733
24 21 3.474261514830611
24 22 4.202735585802951
24 23 4.242973455590583
24 24 4.28970701842879
24 25 5.39478483153165
24 26 4.510460857169271
24 27 4.11058841723517
24 28 3.2706023272761913
24 29 3.032647704769378
25 0 1.6226549968516233
25 1 1.5521239375383242
25 2 1.7994846965366422
25 3 2.0033955624807174
25 4 2.205145992182251
25 5 1.74431106849148
25 6 2.4244007552792692
25 7 2.392350777650538
25 8 1.8831486752044
25 9 2.459878332575487
25 10 2.754153092296108
25 11 1.9005075486898546
25 12 2.5178839937629856
25 13 2.814371091696741
25 14 2.5083709452770364
25 15 2.997760364601368
25 16 2.9535848297112355
25 17 3.4558403876911328
25 18 2.877331332853508
25 19 3.118595726842867
25 20 3.2686905757510676
25 21 3.8979674035626846
25 22 3.2644830793713733
25 23 3.714675329061904
25 24 5.39478483153165
25 25 8.188009071469226
25 26 4.310950740583575
25 27 4.050058249529382
25 28 3.4571674980978058
25 29 3.0967833749637936
26 0 1.798337514644935
26 1 1.4478912534208108
26 2 2.1004574172296806
26 3 2.063701905834223
26 4 2.1006764752898066
26 5 2.1548384790527493
26 6 1.95582700553196
26 7 1.898979802332883
26 8 2.4685424545788073
26 9 1.9192557696993606
26 10 2.0314400605824385
26 11 3.2065822222801206
26 12 2.207692392513651
26 13 2.3877706085935464
26 14 2.4098743212593363
26 15 2.7669029294814154
26 16 3.164914815969526
26 17 3.645866189564319
26 18 2.9529941399953645
26 19 3.0644728666625003
26 20 3.3946236824005673
26 21 3.308879240184358
26 22 3.5280526752593486
26 23 4.095807338936415
26 24 4.510460857169271
26 25 4.310950740583575
26 26 3.8297331268346704
26 27 2.9476297042034583
26 28 2.7138988636565036
26 29 2.756443197358575
27 0 1.9583577506383416
27 1 1.749050019747844
27 2 1.994579701068498
27 3 1.7246486038219782
27 4 2.2983078569000193
27 5 2.3360781155426062
27 6 1.876619279102535
27 7 1.999367708826314
27 8 2.238890258062867
27 9 2.0823799997709336
27 10 2.3352264035890387
27 11 1.8967812509933086
27 12 3.294649442725637
27 13 2.524845367904596
27 14 2.2429205756164756
27 15 2.6516334351900945
27 16 2.7740787138843737
27 17 2.994105746729576
27 18 3.512857053999091
27 19 2.6534679194018036
27 20 2.763193959924225
27 21 2.94775977094804
27 22 2.9645101743935367
27 23 3.3608112377181416
27 24 4.11058841723517
27 25 4.050058249529382
27 26 2.9476297042034583
27 27 3.77941509046991
27 28 2.8558929863986635
27 29 2.5231132140986996
28 0 2.103909966206871
28 1 1.3257147797929003
28 2 1.837415114824533
28 3 1.8351367646758125
28 4 2.5188958107262924
28 5 2.2457236927946846
28 6 1.849278869637618
28 7 1.6315581297361375
28 8 2.259971452099605
28 9 2.64513317062055
28 10 1.8072686263041533
28 11 1.7791867462490574
28 12 2.254539514397458
28 13 2.527903462159973
28 14 2.7824555540825147
28 15 2.5788646716633203
28 16 2.3502540656512463
28 17 3.163743179529929
28 18 2.961930559713893
28 19 2.412226907691609
28 20 2.3291404537975695
28 21 3.171139411436953
28 22 2.917645404570328
28 23 3.2570272780471963
28 24 3.2706023272761913
28 25 3.4571674980978058
28 26 2.7138988636565036
28 27 2.8558929863986635
28 28 3.1379205932880816
28 29 2.7292630670712343
29 0 1.790149333928064
29 1 2.04534819958626
29 2 1.8967919157037896
29 3 1.6640552002872124
29 4 1.6299059919548102
29 5 1.9135633108843515
29 6 2.489046617087345
29 7 2.212364945704557
29 8 1.8695594842784098
29 9 1.9031912088046707
29 10 2.7216646161175735
29 11 1.9070574414128862
29 12 1.9490921214170156
29 13 1.9390060340201534
29 14 2.549225368750629
29 15 2.478284456472248
29 16 2.1193472044749457
29 17 2.191731946916795
29 18 2.598683753520149
29 19 2.7597656841232245
29 20 2.1801479519462377
29 21 3.0741640760663818
29 22 3.2065870953228632
29 23 3.6342236089463387
29 24 3.032647704769378
29 25 3.0967833749637936
29 26 2.756443197358575
29 27 2.5231132140986996
29 28 2.7292630670712343
29 29 2.9828510971840605
