0 0 26.513223309859963
0 1 25.68126471168756
0 2 25.273410182158774
0 3 26.037516721643684
0 4 26.819420234152958
0 5 26.047144638883278
0 6 25.715793868398247
0 7 27.426149227378353
0 8 27.384423966221405
0 9 28.47355711247276
0 10 27.065424392853238
0 11 28.39332052288812
0 12 26.981581386199576
0 13 27.11830366365342
0 14 28.815226911420243
0 15 26.10096960344498
0 16 28.01865680957425
0 17 27.738121542853683
0 18 26.405449392543815
0 19 24.79475379557358
0 20 27.174619593348933
0 21 24.954728592319693
0 22 25.833084765593036
0 23 25.295812415878093
0 24 23.97109831601224
0 25 24.466225563675394
0 26 24.72842023552739
0 27 23.536993100852698
0 28 24.62955605227503
0 29 24.12757203965418
1 0 25.68126471168756
1 1 25.6092775407132
1 2 25.467488805189923
1 3 26.102637126206695
1 4 25.33618231337493
1 5 28.903311499351243
1 6 28.618856458143334
1 7 30.72373507373663
1 8 27.970501565028332
1 9 29.08229083312407
1 10 29.269715661528576
1 11 29.262693619707264
1 12 28.45242329625356
1 13 29.530704126832298
1 14 27.974515403144693
1 15 29.31592284688467
1 16 28.499694249092318
1 17 26.82702108689457
1 18 26.10440711109576
1 19 27.543085449708606
1 20 27.26309815615919
1 21 26.19699086309136
1 22 25.410106745458393
1 23 27.115011424934078
1 24 26.16817676763719
1 25 24.99921242842831
1 26 24.268631804496543
1 27 24.740660700882852
1 28 25.01317855289251
1 29 23.804846970358458
2 0 25.273410182158774
2 1 25.467488805189923
2 2 26.022403184175197
2 3 26.257932813807894
2 4 26.88874041022251
2 5 30.593326452518685
2 6 26.61925100535007
2 7 29.20123714667396
2 8 31.774327277998157
2 9 28.040479593342525
2 10 31.403543913086562
2 11 29.477855422368066
2 12 31.328876255711368
2 13 28.903006583723002
2 14 27.79964697054301
2 15 28.118788399629892
2 16 29.760554257055375
2 17 28.18472041155798
2 18 29.339074214005088
2 19 26.262761382791158
2 20 27.38633516260503
2 21 25.795863054801032
2 22 24.140030259289414
2 23 25.451469053334296
2 24 25.201897380128667
2 25 26.367535853288928
2 26 26.978427977718358
2 27 24.80314891808335
2 28 24.744676239777434
2 29 25.24160940725817
3 0 26.037516721643684
3 1 26.102637126206695
3 2 26.257932813807894
3 3 28.075654957210507
3 4 27.969827502614162
3 5 28.32846810201254
3 6 27.598402232969573
3 7 30.979072745450896
3 8 30.995451777916156
3 9 33.21950280671368
3 10 31.684624073712694
3 11 33.63753240629416
3 12 27.834186676387116
3 13 30.819447388487827
3 14 29.057975592888244
3 15 28.354623865548362
3 16 28.87760241103925
3 17 29.531984441125495
3 18 28.053193679080575
3 19 27.97429763368218
3 20 28.45041398656977
3 21 27.90686986413074
3 22 27.611569080524553
3 23 26.228672123364223
3 24 24.91261863759556
3 25 24.628937846717655
3 26 25.810806934940707
3 27 26.222098843970354
3 28 24.671479912547472
3 29 25.690964224495744
4 0 26.819420234152958
4 1 25.33618231337493
4 2 26.88874041022251
4 3 27.969827502614162
4 4 28.22972530729563
4 5 28.81063375305466
4 6 30.37401616778867
4 7 29.572811578924778
4 8 31.802420768793915
4 9 31.59740231001484
4 10 31.177539715545244
4 11 34.51924462159199
4 12 31.88051564222105
4 13 31.770796751683275
4 14 30.88597721113709
4 15 28.622519193196645
4 16 31.11169857682421
4 17 29.952475428368597
4 18 28.83730082697439
4 19 27.280848076104512
4 20 27.717105911325742
4 21 26.78827451129117
4 22 27.732797644881686
4 23 27.402892487616697
4 24 25.462613724143658
4 25 26.91451952435371
4 26 25.24983918262941
4 27 25.279310267041225
4 28 27.24292236965992
4 29 24.76223109543964
5 0 26.047144638883278
5 1 28.903311499351243
5 2 30.593326452518685
5 3 28.32846810201254
5 4 28.81063375305466
5 5 32.89552795346054
5 6 31.66149349648544
5 7 34.16951658989788
5 8 32.04876806567408
5 9 34.62380586959771
5 10 35.09590508413052
5 11 34.511529147126005
5 12 34.472464778786566
5 13 34.53086730009067
5 14 33.433034130904105
5 15 31.910044211604685
5 16 32.17141952588373
5 17 30.17926233547482
5 18 30.43412701788515
5 19 29.675815118063042
5 20 27.922608709307436
5 21 28.614647690214507
5 22 28.983370064731204
5 23 26.64789300371968
5 24 27.661459796477182
5 25 26.577570579817042
5 26 27.316979629392442
5 27 26.898270873247725
5 28 26.201493436081424
5 29 24.916597714526514
6 0 25.715793868398247
6 1 28.618856458143334
6 2 26.61925100535007
6 3 27.598402232969573
6 4 30.37401616778867
6 5 31.66149349648544
6 6 35.73300672137621
6 7 35.04295530142333
6 8 34.017879963044074
6 9 33.57739396942397
6 10 37.62388246215589
6 11 34.02882941471204
6 12 35.409292466162164
6 13 32.90240789597145
6 14 32.05842238965927
6 15 32.24167855180956
6 16 32.89681978255283
6 17 30.842964670001834
6 18 31.228528305623477
6 19 28.881792048334695
6 20 30.1807788181494
6 21 28.25941744908765
6 22 27.42306144595687
6 23 27.56236283762191
6 24 29.407462819078823
6 25 28.288204445878634
6 26 28.007189946745225
6 27 26.62263687517432
6 28 26.06920291538757
6 29 26.798735243973745
7 0 27.426149227378353
7 1 30.72373507373663
7 2 29.20123714667396
7 3 30.979072745450896
7 4 29.572811578924778
7 5 34.16951658989788
7 6 35.04295530142333
7 7 34.01969204568004
7 8 35.98744209607141
7 9 35.31878778945749
7 10 38.25375296042586
7 11 36.60120201291306
7 12 35.512256587657774
7 13 36.38895174845531
7 14 33.9073282441827
7 15 35.65032515980468
7 16 30.611972547903267
7 17 29.84229813425978
7 18 30.85963792345297
7 19 30.114406617839894
7 20 31.09147911775384
7 21 29.760336495588707
7 22 28.874318238028135
7 23 28.694743307932473
7 24 27.49388491753021
7 25 27.31196190285739
7 26 26.454461103625093
7 27 27.542632576564706
7 28 25.769821859144333
7 29 25.53177474063564
8 0 27.384423966221405
8 1 27.970501565028332
8 2 31.774327277998157
8 3 30.995451777916156
8 4 31.802420768793915
8 5 32.04876806567408
8 6 34.017879963044074
8 7 35.98744209607141
8 8 37.37654257360695
8 9 41.20087733455821
8 10 39.008565776041145
8 11 40.193480703571446
8 12 36.1097331113895
8 13 37.639614397067874
8 14 36.00088171456165
8 15 33.46361728253197
8 16 35.13210947663101
8 17 34.27658752009169
8 18 32.29090906734653
8 19 31.224572893789464
8 20 29.926652422705896
8 21 32.327920635997145
8 22 31.527884168880313
8 23 29.982205748362077
8 24 27.853429641910825
8 25 27.511090191395187
8 26 28.532945888786763
8 27 28.33952583740824
8 28 27.33850009839671
8 29 26.899895612628132
9 0 28.47355711247276
9 1 29.08229083312407
9 2 28.040479593342525
9 3 33.21950280671368
9 4 31.59740231001484
9 5 34.62380586959771
9 6 33.57739396942397
9 7 35.31878778945749
9 8 41.20087733455821
9 9 42.32292132243941
9 10 49.31738235478005
9 11 45.938534938002434
9 12 37.80858376582664
9 13 39.281668177171234
9 14 37.23955008939333
9 15 33.86972281394897
9 16 34.109014595678595
9 17 31.978886966047657
9 18 34.218030517431416
9 19 30.78323348519971
9 20 30.67811334165816
9 21 30.70109887104884
9 22 30.646728663596218
9 23 29.655853160909345
9 24 30.752895459307226
9 25 27.753797880046786
9 26 27.644129926996367
9 27 26.71572297969655
9 28 27.487395058406996
9 29 27.05453035862366
10 0 27.065424392853238
10 1 29.269715661528576
10 2 31.403543913086562
10 3 31.684624073712694
10 4 31.177539715545244
10 5 35.09590508413052
10 6 37.62388246215589
10 7 38.25375296042586
10 8 39.008565776041145
10 9 49.31738235478005
10 10 89.10662121009123
10 11 47.737297827362745
10 12 41.42617720376705
10 13 37.99152387683312
10 14 35.8120736895481
10 15 35.14317890342651
10 16 32.10137575033735
10 17 33.94432427056788
10 18 32.45645595538951
10 19 31.265339079232113
10 20 31.763758428413354
10 21 32.202271485728666
10 22 31.58336934128132
10 23 27.27076747871148
10 24 29.431486965281437
10 25 29.897284511340146
10 26 27.75153709880416
10 27 29.322916159352474
10 28 28.644304623844782
10 29 29.475902281614683
11 0 28.39332052288812
11 1 29.262693619707264
11 2 29.477855422368066
11 3 33.63753240629416
11 4 34.51924462159199
11 5 34.511529147126005
11 6 34.02882941471204
11 7 36.60120201291306
11 8 40.193480703571446
11 9 45.938534938002434
11 10 47.737297827362745
11 11 46.70910362689174
11 12 42.06601742956212
11 13 40.2785823721817
11 14 36.79151557455799
11 15 35.21385127038567
11 16 35.21706592471354
11 17 35.08645500735597
11 18 34.319429260109445
11 19 32.57156336613413
11 20 32.16222201323376
11 21 31.0687591291241
11 22 34.721583047335606
11 23 31.86196010856653
11 24 31.426056839965895
11 25 28.211203796148485
11 26 31.022221526556088
11 27 28.868924618292716
11 28 27.475940340633702
11 29 26.711532038121316
12 0 26.981581386199576
12 1 28.45242329625356
12 2 31.328876255711368
12 3 27.834186676387116
12 4 31.88051564222105
12 5 34.472464778786566
12 6 35.409292466162164
12 7 35.512256587657774
12 8 36.1097331113895
12 9 37.80858376582664
12 10 41.42617720376705
12 11 42.06601742956212
12 12 38.989960398199656
12 13 38.54336916787685
12 14 35.58656114067486
12 15 38.09475459870359
12 16 35.18891968381014
12 17 32.00631547331478
12 18 32.65654604389931
12 19 33.04901146624152
12 20 35.29368512298593
12 21 32.329022523572384
12 22 33.34698647033291
12 23 30.450311699563926
12 24 34.00479044832182
12 25 32.59419489049068
12 26 29.709045108337705
12 27 32.08551578102866
12 28 30.318188517421053
12 29 26.837581184125817
13 0 27.11830366365342
13 1 29.530704126832298
13 2 28.903006583723002
13 3 30.819447388487827
13 4 31.770796751683275
13 5 34.53086730009067
13 6 32.90240789597145
13 7 36.38895174845531
13 8 37.639614397067874
13 9 39.281668177171234
13 10 37.99152387683312
13 11 40.2785823721817
13 12 38.54336916787685
13 13 35.444215384418776
13 14 35.707539041663594
13 15 34.0825983743403
13 16 33.80758724938412
13 17 34.375587255684394
13 18 32.88671842043339
13 19 32.15953488161523
13 20 32.37569886097108
13 21 34.649850820605444
13 22 33.824628296470934
13 23 33.90271919287623
13 24 31.84192708847685
13 25 31.382892739486298
13 26 29.899804017903012
13 27 29.897651701325458
13 28 31.051548590699447
13 29 29.122564398314836
14 0 28.815226911420243
14 1 27.974515403144693
14 2 27.79964697054301
14 3 29.057975592888244
14 4 30.88597721113709
14 5 33.433034130904105
14 6 32.05842238965927
14 7 33.9073282441827
14 8 36.00088171456165
14 9 37.23955008939333
14 10 35.8120736895481
14 11 36.79151557455799
14 12 35.58656114067486
14 13 35.707539041663594
14 14 36.21708880736253
14 15 35.52551306109125
14 16 34.74001464650894
14 17 33.99253028685497
14 18 33.986986010955825
14 19 33.109587963868975
14 20 34.74110935143513
14 21 35.1944686739742
14 22 33.412099950180725
14 23 30.575637862397766
14 24 32.320314726137454
14 25 32.52848300565665
14 26 31.43006729451626
14 27 30.629884110762497
14 28 31.375333455395346
14 29 29.11925281975402
15 0 26.10096960344498
15 1 29.31592284688467
15 2 28.118788399629892
15 3 28.354623865548362
15 4 28.622519193196645
15 5 31.910044211604685
15 6 32.24167855180956
15 7 35.65032515980468
15 8 33.46361728253197
15 9 33.86972281394897
15 10 35.14317890342651
15 11 35.21385127038567
15 12 38.09475459870359
15 13 34.0825983743403
15 14 35.52551306109125
15 15 36.04296997842342
15 16 35.971440003282275
15 17 35.70380452992974
15 18 34.97162056926071
15 19 34.9888426360753
15 20 35.9683122394794
15 21 33.738879513902845
15 22 33.073641720425655
15 23 33.16566129994456
15 24 32.20524727662563
15 25 33.78392597221677
15 26 31.777055866443565
15 27 31.740250595791657
15 28 31.155826997759913
15 29 29.62705882052961
16 0 28.01865680957425
16 1 28.499694249092318
16 2 29.760554257055375
16 3 28.87760241103925
16 4 31.11169857682421
16 5 32.17141952588373
16 6 32.89681978255283
16 7 30.611972547903267
16 8 35.13210947663101
16 9 34.109014595678595
16 10 32.10137575033735
16 11 35.21706592471354
16 12 35.18891968381014
16 13 33.80758724938412
16 14 34.74001464650894
16 15 35.971440003282275
16 16 34.42305344848669
16 17 36.76219209353102
16 18 36.46008398618158
16 19 39.00856274684851
16 20 37.82291205180165
16 21 34.66406891006232
16 22 33.278125954646036
16 23 34.710642356868014
16 24 33.662265257934514
16 25 33.21475534443551
16 26 33.41790906393923
16 27 32.67691760815358
16 28 29.571107124537324
16 29 29.987569861475585
17 0 27.738121542853683
17 1 26.82702108689457
17 2 28.18472041155798
17 3 29.531984441125495
17 4 29.952475428368597
17 5 30.17926233547482
17 6 30.842964670001834
17 7 29.84229813425978
17 8 34.27658752009169
17 9 31.978886966047657
17 10 33.94432427056788
17 11 35.08645500735597
17 12 32.00631547331478
17 13 34.375587255684394
17 14 33.99253028685497
17 15 35.70380452992974
17 16 36.76219209353102
17 17 36.0168198332827
17 18 38.34968389568084
17 19 38.84706508242498
17 20 37.814177551686605
17 21 37.22452345966953
17 22 36.615538646027105
17 23 38.64901712324317
17 24 37.66140620198904
17 25 34.512509582254076
17 26 34.66398256860409
17 27 33.26288737245367
17 28 32.35516337256217
17 29 28.660105538232727
18 0 26.405449392543815
18 1 26.10440711109576
18 2 29.339074214005088
18 3 28.053193679080575
18 4 28.83730082697439
18 5 30.43412701788515
18 6 31.228528305623477
18 7 30.85963792345297
18 8 32.29090906734653
18 9 34.218030517431416
18 10 32.45645595538951
18 11 34.319429260109445
18 12 32.65654604389931
18 13 32.88671842043339
18 14 33.986986010955825
18 15 34.97162056926071
18 16 36.46008398618158
18 17 38.34968389568084
18 18 39.42626717783726
18 19 43.85260504240383
18 20 44.54648391089236
18 21 42.86190494548269
18 22 37.79340141335419
18 23 36.36192449950171
18 24 34.616547112462804
18 25 35.453162917989204
18 26 33.8082593148661
18 27 35.14200402776911
18 28 32.141695380280815
18 29 32.25771671875893
19 0 24.79475379557358
19 1 27.543085449708606
19 2 26.262761382791158
19 3 27.97429763368218
19 4 27.280848076104512
19 5 29.675815118063042
19 6 28.881792048334695
19 7 30.114406617839894
19 8 31.224572893789464
19 9 30.78323348519971
19 10 31.265339079232113
19 11 32.57156336613413
19 12 33.04901146624152
19 13 32.15953488161523
19 14 33.109587963868975
19 15 34.9888426360753
19 16 39.00856274684851
19 17 38.84706508242498
19 18 43.85260504240383
19 19 46.921610922739134
19 20 49.891190639095655
19 21 45.938534938004864
19 22 41.796350453998315
19 23 40.39833206132689
19 24 38.2538854158948
19 25 34.15804178662791
19 26 33.515247554384814
19 27 33.09875719429797
19 28 31.230592771875216
19 29 32.26937420675517
20 0 27.174619593348933
20 1 27.26309815615919
20 2 27.38633516260503
20 3 28.45041398656977
20 4 27.717105911325742
20 5 27.922608709307436
20 6 30.1807788181494
20 7 31.09147911775384
20 8 29.926652422705896
20 9 30.67811334165816
20 10 31.763758428413354
20 11 32.16222201323376
20 12 35.29368512298593
20 13 32.37569886097108
20 14 34.74110935143513
20 15 35.9683122394794
20 16 37.82291205180165
20 17 37.814177551686605
20 18 44.54648391089236
20 19 49.891190639095655
20 20 87.49528990430298
20 21 48.57014928880018
20 22 45.92381389100237
20 23 39.060545075350895
20 24 38.59740757917492
20 25 34.81633069424373
20 26 34.97878723076547
20 27 33.60762734997268
20 28 33.01534453139673
20 29 30.598567746613863
21 0 24.954728592319693
21 1 26.19699086309136
21 2 25.795863054801032
21 3 27.90686986413074
21 4 26.78827451129117
21 5 28.614647690214507
21 6 28.25941744908765
21 7 29.760336495588707
21 8 32.327920635997145
21 9 30.70109887104884
21 10 32.202271485728666
21 11 31.0687591291241
21 12 32.329022523572384
21 13 34.649850820605444
21 14 35.1944686739742
21 15 33.738879513902845
21 16 34.66406891006232
21 17 37.22452345966953
21 18 42.86190494548269
21 19 45.938534938004864
21 20 48.57014928880018
21 21 45.08495936055455
21 22 43.08747585358381
21 23 40.6214977567714
21 24 35.19443560540249
21 25 38.11965737532977
21 26 34.89944031135865
21 27 34.583458621716126
21 28 33.6485755121511
21 29 31.24817915956112
22 0 25.833084765593036
22 1 25.410106745458393
22 2 24.140030259289414
22 3 27.611569080524553
22 4 27.732797644881686
22 5 28.983370064731204
22 6 27.42306144595687
22 7 28.874318238028135
22 8 31.527884168880313
22 9 30.646728663596218
22 10 31.58336934128132
22 11 34.721583047335606
22 12 33.34698647033291
22 13 33.824628296470934
22 14 33.412099950180725
22 15 33.073641720425655
22 16 33.278125954646036
22 17 36.615538646027105
22 18 37.79340141335419
22 19 41.796350453998315
22 20 45.92381389100237
22 21 43.08747585358381
22 22 40.74201515706445
22 23 40.67642248720773
22 24 38.80753711983162
22 25 37.0760258016644
22 26 36.50649100268361
22 27 34.018089602995516
22 28 33.60915794833847
22 29 34.331394444489355
23 0 25.295812415878093
23 1 27.115011424934078
23 2 25.451469053334296
23 3 26.228672123364223
23 4 27.402892487616697
23 5 26.64789300371968
23 6 27.56236283762191
23 7 28.694743307932473
23 8 29.982205748362077
23 9 29.655853160909345
23 10 27.27076747871148
23 11 31.86196010856653
23 12 30.450311699563926
23 13 33.90271919287623
23 14 30.575637862397766
23 15 33.16566129994456
23 16 34.710642356868014
23 17 38.64901712324317
23 18 36.36192449950171
23 19 40.39833206132689
23 20 39.060545075350895
23 21 40.6214977567714
23 22 40.67642248720773
23 23 37.433039073814335
23 24 37.80018942433938
23 25 39.940775424685334
23 26 37.06074129592685
23 27 34.21755134417994
23 28 32.99634377975797
23 29 32.20000272872885
24 0 23.97109831601224
24 1 26.16817676763719
24 2 25.201897380128667
24 3 24.91261863759556
24 4 25.462613724143658
24 5 27.661459796477182
24 6 29.407462819078823
24 7 27.49388491753021
24 8 27.853429641910825
24 9 30.752895459307226
24 10 29.431486965281437
24 11 31.426056839965895
24 12 34.00479044832182
24 13 31.84192708847685
24 14 32.320314726137454
24 15 32.20524727662563
24 16 33.662265257934514
24 17 37.66140620198904
24 18 34.616547112462804
24 19 38.2538854158948
24 20 38.59740757917492
24 21 35.19443560540249
24 22 38.80753711983162
24 23 37.80018942433938
24 24 40.65916197006742
24 25 41.16356829437595
24 26 39.16225537891414
24 27 38.11797259165173
24 28 34.93885933052829
24 29 32.8727771162742
25 0 24.466225563675394
25 1 24.99921242842831
25 2 26.367535853288928
25 3 24.628937846717655
25 4 26.91451952435371
25 5 26.577570579817042
25 6 28.288204445878634
25 7 27.31196190285739
25 8 27.511090191395187
25 9 27.753797880046786
25 10 29.897284511340146
25 11 28.211203796148485
25 12 32.59419489049068
25 13 31.382892739486298
25 14 32.52848300565665
25 15 33.78392597221677
25 16 33.21475534443551
25 17 34.512509582254076
25 18 35.453162917989204
25 19 34.15804178662791
25 20 34.81633069424373
25 21 38.11965737532977
25 22 37.0760258016644
25 23 39.940775424685334
25 24 41.16356829437595
25 25 57.46852369110055
25 26 36.93580017240742
25 27 35.24384383555796
25 28 33.442449416272744
25 29 32.980742943364405
26 0 24.72842023552739
26 1 24.268631804496543
26 2 26.978427977718358
26 3 25.810806934940707
26 4 25.24983918262941
26 5 27.316979629392442
26 6 28.007189946745225
26 7 26.454461103625093
26 8 28.532945888786763
26 9 27.644129926996367
26 10 27.75153709880416
26 11 31.022221526556088
26 12 29.709045108337705
26 13 29.899804017903012
26 14 31.43006729451626
26 15 31.777055866443565
26 16 33.41790906393923
26 17 34.66398256860409
26 18 33.8082593148661
26 19 33.515247554384814
26 20 34.97878723076547
26 21 34.89944031135865
26 22 36.50649100268361
26 23 37.06074129592685
26 24 39.16225537891414
26 25 36.93580017240742
26 26 39.022409829365316
26 27 34.37885397989735
26 28 33.55052076914622
26 29 31.42644625941165
27 0 23.536993100852698
27 1 24.740660700882852
27 2 24.80314891808335
27 3 26.222098843970354
27 4 25.279310267041225
27 5 26.898270873247725
27 6 26.62263687517432
27 7 27.542632576564706
27 8 28.33952583740824
27 9 26.71572297969655
27 10 29.322916159352474
27 11 28.868924618292716
27 12 32.08551578102866
27 13 29.897651701325458
27 14 30.629884110762497
27 15 31.740250595791657
27 16 32.67691760815358
27 17 33.26288737245367
27 18 35.14200402776911
27 19 33.09875719429797
27 20 33.60762734997268
27 21 34.583458621716126
27 22 34.018089602995516
27 23 34.21755134417994
27 24 38.11797259165173
27 25 35.24384383555796
27 26 34.37885397989735
27 27 34.6410388863642
27 28 32.1711095902193
27 29 32.15640834278444
28 0 24.62955605227503
28 1 25.01317855289251
28 2 24.744676239777434
28 3 24.671479912547472
28 4 27.24292236965992
28 5 26.201493436081424
28 6 26.06920291538757
28 7 25.769821859144333
28 8 27.33850009839671
28 9 27.487395058406996
28 10 28.644304623844782
28 11 27.475940340633702
28 12 30.318188517421053
28 13 31.051548590699447
28 14 31.375333455395346
28 15 31.155826997759913
28 16 29.571107124537324
28 17 32.35516337256217
28 18 32.141695380280815
28 19 31.230592771875216
28 20 33.01534453139673
28 21 33.6485755121511
28 22 33.60915794833847
28 23 32.99634377975797
28 24 34.93885933052829
28 25 33.442449416272744
28 26 33.55052076914622
28 27 32.1711095902193
28 28 33.4768260718517
28 29 30.419031088100446
29 0 24.12757203965418
29 1 23.804846970358458
29 2 25.24160940725817
29 3 25.690964224495744
29 4 24.76223109543964
29 5 24.916597714526514
29 6 26.798735243973745
29 7 25.53177474063564
29 8 26.899895612628132
29 9 27.05453035862366
29 10 29.475902281614683
29 11 26.711532038121316
29 12 26.837581184125817
29 13 29.122564398314836
29 14 29.11925281975402
29 15 29.62705882052961
29 16 29.987569861475585
29 17 28.660105538232727
29 18 32.25771671875893
29 19 32.26937420675517
29 20 30.598567746613863
29 21 31.24817915956112
29 22 34.331394444489355
29 23 32.20000272872885
29 24 32.8727771162742
29 25 32.980742943364405
29 26 31.42644625941165
29 27 32.15640834278444
29 28 30.419031088100446
29 29 31.25171508436052
