0 0 3.2477868979381026
0 1 3.345739814615566
0 2 3.1340035534649076
0 3 3.0543036465440743
0 4 3.030119506214783
0 5 3.4817600081753337
0 6 3.56331531215738
0 7 3.2650177651640897
0 8 3.4424409611407967
0 9 3.032546069058841
0 10 3.0980059530133737
0 11 3.162494008331422
0 12 3.340330133224324
0 13 3.1830410431130685
0 14 2.8737905193411066
0 15 3.303296924058038
0 16 3.1866529593105914
0 17 3.3270449093220638
0 18 3.3874298459505323
0 19 3.619764362746041
0 20 3.2247830694083777
0 21 3.1506807365386886
0 22 3.114701022397936
0 23 3.0790938114347024
0 24 3.479276150206322
0 25 3.2905264723995553
0 26 3.4144871649718285
0 27 3.47631438296551
0 28 3.1091565234196135
0 29 3.121130420622602
1 0 3.345739814615566
1 1 3.2977192636442982
1 2 3.3376436888022627
1 3 3.2968395914288746
1 4 3.3359591837326885
1 5 3.219364383521489
1 6 3.1169479616799616
1 7 3.2738406226112806
1 8 3.398285236872601
1 9 3.7924879262114493
1 10 3.5778468143609823
1 11 3.5245463566747173
1 12 3.652558021313532
1 13 3.72616195939983
1 14 3.403537117519698
1 15 3.51108303553859
1 16 3.424782098773775
1 17 3.1285343077867953
1 18 3.450607047098631
1 19 3.4153086548082916
1 20 3.2389709240666202
1 21 3.4658887943868466
1 22 3.425258954406735
1 23 3.4102084897523883
1 24 3.0760467776161975
1 25 2.8687959404400964
1 26 3.0849955683682047
1 27 3.3465430120233925
1 28 3.240862746293721
1 29 3.0588822130853104
2 0 3.1340035534649076
2 1 3.3376436888022627
2 2 3.208124918389159
2 3 3.4107889229424093
2 4 3.6846893951107225
2 5 3.2877836633385358
2 6 3.7818387631533956
2 7 3.608426040311772
2 8 3.7049465454634163
2 9 3.5802473550174723
2 10 3.6044112725962294
2 11 3.529818273173954
2 12 3.476568755392674
2 13 3.557835057837932
2 14 3.463993865414665
2 15 3.6043015546390893
2 16 3.876338236807242
2 17 3.0503224526295516
2 18 3.368926188654419
2 19 3.2337199685707394
2 20 3.2596708674298664
2 21 3.266771181939967
2 22 3.6761360584883724
2 23 3.4872198793450955
2 24 3.233631935521142
2 25 3.2793377399399013
2 26 3.105742742839361
2 27 3.450139410718794
2 28 3.3102149671755243
2 29 3.2347440626948494
3 0 3.0543036465440743
3 1 3.2968395914288746
3 2 3.4107889229424093
3 3 3.5677678453316735
3 4 3.2785305276258505
3 5 3.714381698939531
3 6 3.644279731115217
3 7 3.3430173992254955
3 8 3.6732203744313505
3 9 3.7553651876309226
3 10 4.124572447485572
3 11 4.083467128073217
3 12 3.2419483838005583
3 13 4.398637854274196
3 14 3.3018410911027622
3 15 3.4759982770498885
3 16 3.7564538937296956
3 17 3.8090339601982324
3 18 3.430935007327405
3 19 3.255926092973157
3 20 3.500701119664365
3 21 3.2628916441750424
3 22 3.3244769332851067
3 23 3.478626071595833
3 24 3.4829047927055705
3 25 3.6355215673127432
3 26 3.05610584043056
3 27 3.302562575083908
3 28 3.0571897223186744
3 29 3.1704091692856675
4 0 3.030119506214783
4 1 3.3359591837326885
4 2 3.6846893951107225
4 3 3.2785305276258505
4 4 3.9747488387996417
4 5 3.6634211022203123
4 6 3.7452933901648673
4 7 3.946950904752773
4 8 3.94351833776378
4 9 3.644099948859968
4 10 3.426605332159867
4 11 3.4866079972099784
4 12 3.625885799297103
4 13 3.790525480405012
4 14 3.6946452390648004
4 15 3.8406929552514804
4 16 3.592702543159419
4 17 3.366580986746588
4 18 3.7790114596412927
4 19 3.589813183347721
4 20 3.5550201060178668
4 21 3.675899010415194
4 22 3.343172582881302
4 23 3.112040478738917
4 24 3.1954653391401333
4 25 3.2699883534261516
4 26 3.4733131393818546
4 27 3.143304512508247
4 28 3.252454475868076
4 29 3.1898854176932625
5 0 3.4817600081753337
5 1 3.219364383521489
5 2 3.2877836633385358
5 3 3.714381698939531
5 4 3.6634211022203123
5 5 3.663528672025253
5 6 3.8375507223331797
5 7 3.558942947768184
5 8 4.080026269029731
5 9 4.014185871159723
5 10 3.907052099448147
5 11 3.779058953105105
5 12 3.9227925566842474
5 13 4.121307660218158
5 14 3.715286845069186
5 15 3.6261413876823503
5 16 3.646510786993203
5 17 3.5091136410603423
5 18 3.613284266549261
5 19 3.25614481392378
5 20 3.5314651678722417
5 21 3.6564595687179944
5 22 4.010250701514049
5 23 2.969154212475156
5 24 3.1591318138658875
5 25 3.0504377139802696
5 26 3.4691222595644944
5 27 3.731467632772967
5 28 3.347830237040505
5 29 3.203385531766464
6 0 3.56331531215738
6 1 3.1169479616799616
6 2 3.7818387631533956
6 3 3.644279731115217
6 4 3.7452933901648673
6 5 3.8375507223331797
6 6 3.345374086054769
6 7 4.3477669821742
6 8 4.094308307636333
6 9 4.123456171599233
6 10 4.151798293008071
6 11 3.8158726496922624
6 12 4.166631829373826
6 13 3.65323105254476
6 14 3.9450847564043037
6 15 3.948239449776678
6 16 3.6932355177564786
6 17 3.610089632788676
6 18 3.852726842914901
6 19 3.3777308440488634
6 20 3.397951425830908
6 21 3.6298286659099257
6 22 3.516108160914432
6 23 3.595090804907206
6 24 3.609949112706839
6 25 3.6651857706449036
6 26 3.0564404792965796
6 27 3.233527133059979
6 28 3.2878385314752236
6 29 3.7460151587164536
7 0 3.2650177651640897
7 1 3.2738406226112806
7 2 3.608426040311772
7 3 3.3430173992254955
7 4 3.946950904752773
7 5 3.558942947768184
7 6 4.3477669821742
7 7 4.482388354123533
7 8 3.7410537996653326
7 9 4.336579691877294
7 10 3.669920229999703
7 11 4.274217908860904
7 12 3.850057725483561
7 13 4.08568540964846
7 14 4.049263579573885
7 15 3.6901859548481357
7 16 3.7106797584031113
7 17 3.483248374942574
7 18 3.7795937739292524
7 19 3.6186713696700927
7 20 4.19533416787617
7 21 3.3826479603675286
7 22 3.4643123125811632
7 23 3.4383773099937085
7 24 4.010238195474129
7 25 3.4459216272386315
7 26 3.4465319043455223
7 27 3.25331554516762
7 28 3.248455274994543
7 29 3.4477062006977794
8 0 3.4424409611407967
8 1 3.398285236872601
8 2 3.7049465454634163
8 3 3.6732203744313505
8 4 3.94351833776378
8 5 4.080026269029731
8 6 4.094308307636333
8 7 3.7410537996653326
8 8 4.35531746090759
8 9 4.128202135688131
8 10 4.365635123015652
8 11 3.6521082920963455
8 12 4.682083469119415
8 13 3.997276811290255
8 14 3.8194212743389984
8 15 3.6536996117303917
8 16 3.337092950937802
8 17 3.6043748084484597
8 18 3.239830676934436
8 19 3.9984849598215333
8 20 3.791502416039226
8 21 3.7060651162475065
8 22 3.7168433296830186
8 23 3.3691032296622225
8 24 3.503197115036374
8 25 3.5694227161828853
8 26 3.628331797462816
8 27 3.330825393375192
8 28 3.349976305160681
8 29 3.0528117376185784
9 0 3.032546069058841
9 1 3.7924879262114493
9 2 3.5802473550174723
9 3 3.7553651876309226
9 4 3.644099948859968
9 5 4.014185871159723
9 6 4.123456171599233
9 7 4.336579691877294
9 8 4.128202135688131
9 9 3.662356206302959
9 10 3.6015534908153213
9 11 4.066367772322024
9 12 3.9142944679730616
9 13 3.6000032556385113
9 14 3.510285459246093
9 15 4.186985601724376
9 16 3.5599214262480086
9 17 3.536301633958537
9 18 4.074860101050587
9 19 3.3906170215582287
9 20 3.4049870166181826
9 21 3.8948826665867324
9 22 3.524373796313565
9 23 4.040022274416305
9 24 3.569223297606814
9 25 3.413269497344464
9 26 3.5411017824441937
9 27 3.586202941382833
9 28 3.839777648159008
9 29 3.291438357800237
10 0 3.0980059530133737
10 1 3.5778468143609823
10 2 3.6044112725962294
10 3 4.124572447485572
10 4 3.426605332159867
10 5 3.907052099448147
10 6 4.151798293008071
10 7 3.669920229999703
10 8 4.365635123015652
10 9 3.6015534908153213
10 10 3.3737249214941865
10 11 3.5687586255607853
10 12 3.659175464108759
10 13 4.224290939365198
10 14 3.9331040823480965
10 15 3.968610050927233
10 16 4.001134671584601
10 17 3.8303643722833183
10 18 3.8740828203990123
10 19 3.5830473213290963
10 20 3.527078394513071
10 21 3.599937476906238
10 22 3.507304965912379
10 23 3.6060156868540405
10 24 3.7834882222242343
10 25 3.440526150674934
10 26 3.324761539830368
10 27 3.286852547908748
10 28 3.4912902445828617
10 29 3.559911980429968
11 0 3.162494008331422
11 1 3.5245463566747173
11 2 3.529818273173954
11 3 4.083467128073217
11 4 3.4866079972099784
11 5 3.779058953105105
11 6 3.8158726496922624
11 7 4.274217908860904
11 8 3.6521082920963455
11 9 4.066367772322024
11 10 3.5687586255607853
11 11 3.4824633106719216
11 12 3.707676849939084
11 13 3.9905995680326076
11 14 3.8750544325930556
11 15 3.7243616659107315
11 16 3.99080530524805
11 17 3.5671839032504766
11 18 3.598004680495345
11 19 4.026357431610988
11 20 3.6368602973692945
11 21 3.5846852326610015
11 22 3.6190504825028356
11 23 3.3980206763983696
11 24 3.761563894510156
11 25 3.848963682323719
11 26 3.8517959307470186
11 27 3.4107653787702805
11 28 3.6566239010544854
11 29 3.5913773618598626
12 0 3.340330133224324
12 1 3.652558021313532
12 2 3.476568755392674
12 3 3.2419483838005583
12 4 3.625885799297103
12 5 3.9227925566842474
12 6 4.166631829373826
12 7 3.850057725483561
12 8 4.682083469119415
12 9 3.9142944679730616
12 10 3.659175464108759
12 11 3.707676849939084
12 12 3.852390542904518
12 13 4.006864068645489
12 14 3.710098389999654
12 15 3.5135257831278532
12 16 3.700568865855231
12 17 3.8104940054906273
12 18 3.872380773910171
12 19 3.4596198850918665
12 20 3.6978854676349187
12 21 3.7217955117217794
12 22 4.018464016419612
12 23 3.8507809433040006
12 24 3.3089684933136874
12 25 2.9657029429588433
12 26 3.7441416883893908
12 27 3.70999592532795
12 28 3.560025252258081
12 29 3.542253806227534
13 0 3.1830410431130685
13 1 3.72616195939983
13 2 3.557835057837932
13 3 4.398637854274196
13 4 3.790525480405012
13 5 4.121307660218158
13 6 3.65323105254476
13 7 4.08568540964846
13 8 3.997276811290255
13 9 3.6000032556385113
13 10 4.224290939365198
13 11 3.9905995680326076
13 12 4.006864068645489
13 13 3.8269063998793564
13 14 3.7760345874755012
13 15 3.552211763317999
13 16 4.082617552134324
13 17 4.145129030697489
13 18 3.888446349766803
13 19 3.935335575317108
13 20 3.9534832271073137
13 21 3.5635563671689785
13 22 3.889109119336349
13 23 3.9526222694397304
13 24 3.902196947117261
13 25 3.5555773147458036
13 26 3.386332765680002
13 27 3.8220935052073024
13 28 3.587852736216802
13 29 3.4475976971534474
14 0 2.8737905193411066
14 1 3.403537117519698
14 2 3.463993865414665
14 3 3.3018410911027622
14 4 3.6946452390648004
14 5 3.715286845069186
14 6 3.9450847564043037
14 7 4.049263579573885
14 8 3.8194212743389984
14 9 3.510285459246093
14 10 3.9331040823480965
14 11 3.8750544325930556
14 12 3.710098389999654
14 13 3.7760345874755012
14 14 3.517991211551082
14 15 3.8739903102706728
14 16 4.1804681804101245
14 17 3.856062331234636
14 18 3.9779381749765355
14 19 3.664978120512018
14 20 4.158041913608269
14 21 4.167039809019945
14 22 3.892893901643455
14 23 3.5426318378892243
14 24 3.339675776119136
14 25 3.9343932175475222
14 26 3.674505616452309
14 27 3.3797133282970915
14 28 3.6137195768700368
14 29 3.7152001787614655
15 0 3.303296924058038
15 1 3.51108303553859
15 2 3.6043015546390893
15 3 3.4759982770498885
15 4 3.8406929552514804
15 5 3.6261413876823503
15 6 3.948239449776678
15 7 3.6901859548481357
15 8 3.6536996117303917
15 9 4.186985601724376
15 10 3.968610050927233
15 11 3.7243616659107315
15 12 3.5135257831278532
15 13 3.552211763317999
15 14 3.8739903102706728
15 15 3.6446643818295055
15 16 3.555802856729414
15 17 3.8200834700603328
15 18 3.854826358202601
15 19 4.101719896378066
15 20 3.649808534728195
15 21 3.9182895391146166
15 22 3.8417235434660624
15 23 3.982364019853221
15 24 4.0598102300780186
15 25 3.5585735357401664
15 26 3.633509402563759
15 27 3.879363961707869
15 28 3.4537586930990156
15 29 3.6039916943293018
16 0 3.1866529593105914
16 1 3.424782098773775
16 2 3.876338236807242
16 3 3.7564538937296956
16 4 3.592702543159419
16 5 3.646510786993203
16 6 3.6932355177564786
16 7 3.7106797584031113
16 8 3.337092950937802
16 9 3.5599214262480086
16 10 4.001134671584601
16 11 3.99080530524805
16 12 3.700568865855231
16 13 4.082617552134324
16 14 4.1804681804101245
16 15 3.555802856729414
16 16 3.725893746629769
16 17 3.9337617180001496
16 18 3.980700575835059
16 19 3.918057502745686
16 20 3.698506273419845
16 21 3.5317478024079727
16 22 3.8974168820462576
16 23 3.8087363888624686
16 24 3.6270814290791984
16 25 3.8198787635988265
16 26 3.8338117061531567
16 27 3.603419592375785
16 28 3.7862768389736035
16 29 3.3037520904967677
17 0 3.3270449093220638
17 1 3.1285343077867953
17 2 3.0503224526295516
17 3 3.8090339601982324
17 4 3.366580986746588
17 5 3.5091136410603423
17 6 3.610089632788676
17 7 3.483248374942574
17 8 3.6043748084484597
17 9 3.536301633958537
17 10 3.8303643722833183
17 11 3.5671839032504766
17 12 3.8104940054906273
17 13 4.145129030697489
17 14 3.856062331234636
17 15 3.8200834700603328
17 16 3.9337617180001496
17 17 4.49494492354959
17 18 4.299813042849064
17 19 3.774891483274512
17 20 3.835114281395
17 21 3.7493911458390823
17 22 4.320923392990929
17 23 3.8008032195523533
17 24 4.045148560099665
17 25 3.625649277922968
17 26 4.290052094106062
17 27 3.3374358174640175
17 28 4.209517716952835
17 29 3.4018639851350057
18 0 3.3874298459505323
18 1 3.450607047098631
18 2 3.368926188654419
18 3 3.430935007327405
18 4 3.7790114596412927
18 5 3.613284266549261
18 6 3.852726842914901
18 7 3.7795937739292524
18 8 3.239830676934436
18 9 4.074860101050587
18 10 3.8740828203990123
18 11 3.598004680495345
18 12 3.872380773910171
18 13 3.888446349766803
18 14 3.9779381749765355
18 15 3.854826358202601
18 16 3.980700575835059
18 17 4.299813042849064
18 18 3.991215427333878
18 19 3.9436891340217333
18 20 3.6335150471096536
18 21 3.8990736210468095
18 22 4.152223150563088
18 23 4.1228204358171086
18 24 4.237412664529934
18 25 3.7655107796507323
18 26 3.925959106829865
18 27 3.902428199566868
18 28 3.843220860478877
18 29 3.7136521817727064
19 0 3.619764362746041
19 1 3.4153086548082916
19 2 3.2337199685707394
19 3 3.255926092973157
19 4 3.589813183347721
19 5 3.25614481392378
19 6 3.3777308440488634
19 7 3.6186713696700927
19 8 3.9984849598215333
19 9 3.3906170215582287
19 10 3.5830473213290963
19 11 4.026357431610988
19 12 3.4596198850918665
19 13 3.935335575317108
19 14 3.664978120512018
19 15 4.101719896378066
19 16 3.918057502745686
19 17 3.774891483274512
19 18 3.9436891340217333
19 19 3.663094512140923
19 20 4.03854902199728
19 21 3.6706206801759205
19 22 3.768772862538926
19 23 3.9096738513808367
19 24 3.975263838927874
19 25 3.8790586669454896
19 26 3.62579849972205
19 27 3.6748959256013136
19 28 3.731206024190874
19 29 3.6512814395644564
20 0 3.2247830694083777
20 1 3.2389709240666202
20 2 3.2596708674298664
20 3 3.500701119664365
20 4 3.5550201060178668
20 5 3.5314651678722417
20 6 3.397951425830908
20 7 4.19533416787617
20 8 3.791502416039226
20 9 3.4049870166181826
20 10 3.527078394513071
20 11 3.6368602973692945
20 12 3.6978854676349187
20 13 3.9534832271073137
20 14 4.158041913608269
20 15 3.649808534728195
20 16 3.698506273419845
20 17 3.835114281395
20 18 3.6335150471096536
20 19 4.03854902199728
20 20 4.206246096151459
20 21 3.782867396531553
20 22 3.293463864837301
20 23 3.8298028137481954
20 24 3.8272899206847537
20 25 4.221573288140367
20 26 3.465440192598695
20 27 3.6370821309896906
20 28 3.2789515323899243
20 29 3.6718281295936634
21 0 3.1506807365386886
21 1 3.4658887943868466
21 2 3.266771181939967
21 3 3.2628916441750424
21 4 3.675899010415194
21 5 3.6564595687179944
21 6 3.6298286659099257
21 7 3.3826479603675286
21 8 3.7060651162475065
21 9 3.8948826665867324
21 10 3.599937476906238
21 11 3.5846852326610015
21 12 3.7217955117217794
21 13 3.5635563671689785
21 14 4.167039809019945
21 15 3.9182895391146166
21 16 3.5317478024079727
21 17 3.7493911458390823
21 18 3.8990736210468095
21 19 3.6706206801759205
21 20 3.782867396531553
21 21 3.5215984985918554
21 22 3.5424437245442904
21 23 3.607701661322123
21 24 3.507553548511397
21 25 3.6399624054735624
21 26 4.392075407715419
21 27 3.371752614714539
21 28 3.71514240670438
21 29 3.8492551605859595
22 0 3.114701022397936
22 1 3.425258954406735
22 2 3.6761360584883724
22 3 3.3244769332851067
22 4 3.343172582881302
22 5 4.010250701514049
22 6 3.516108160914432
22 7 3.4643123125811632
22 8 3.7168433296830186
22 9 3.524373796313565
22 10 3.507304965912379
22 11 3.6190504825028356
22 12 4.018464016419612
22 13 3.889109119336349
22 14 3.892893901643455
22 15 3.8417235434660624
22 16 3.8974168820462576
22 17 4.320923392990929
22 18 4.152223150563088
22 19 3.768772862538926
22 20 3.293463864837301
22 21 3.5424437245442904
22 22 3.917311102625913
22 23 3.2948288138950286
22 24 3.6417422770979013
22 25 3.3314823782402834
22 26 3.4054562502503365
22 27 4.1494199726051315
22 28 3.603501580550201
22 29 3.34164714960956
23 0 3.0790938114347024
23 1 3.4102084897523883
23 2 3.4872198793450955
23 3 3.478626071595833
23 4 3.112040478738917
23 5 2.969154212475156
23 6 3.595090804907206
23 7 3.4383773099937085
23 8 3.3691032296622225
23 9 4.040022274416305
23 10 3.6060156868540405
23 11 3.3980206763983696
23 12 3.8507809433040006
23 13 3.9526222694397304
23 14 3.5426318378892243
23 15 3.982364019853221
23 16 3.8087363888624686
23 17 3.8008032195523533
23 18 4.1228204358171086
23 19 3.9096738513808367
23 20 3.8298028137481954
23 21 3.607701661322123
23 22 3.2948288138950286
23 23 3.7949781887776566
23 24 3.416268967810859
23 25 2.952044697386433
23 26 3.333481964178426
23 27 3.7500514538668344
23 28 3.6765095505401257
23 29 3.579949062815121
24 0 3.479276150206322
24 1 3.0760467776161975
24 2 3.233631935521142
24 3 3.4829047927055705
24 4 3.1954653391401333
24 5 3.1591318138658875
24 6 3.609949112706839
24 7 4.010238195474129
24 8 3.503197115036374
24 9 3.569223297606814
24 10 3.7834882222242343
24 11 3.761563894510156
24 12 3.3089684933136874
24 13 3.902196947117261
24 14 3.339675776119136
24 15 4.0598102300780186
24 16 3.6270814290791984
24 17 4.045148560099665
24 18 4.237412664529934
24 19 3.975263838927874
24 20 3.8272899206847537
24 21 3.507553548511397
24 22 3.6417422770979013
24 23 3.416268967810859
24 24 3.4211964383719704
24 25 3.143935529972436
24 26 3.107653834627042
24 27 3.122721200835105
24 28 3.5699159671137584
24 29 3.4476643543172902
25 0 3.2905264723995553
25 1 2.8687959404400964
25 2 3.2793377399399013
25 3 3.6355215673127432
25 4 3.2699883534261516
25 5 3.0504377139802696
25 6 3.6651857706449036
25 7 3.4459216272386315
25 8 3.5694227161828853
25 9 3.413269497344464
25 10 3.440526150674934
25 11 3.848963682323719
25 12 2.9657029429588433
25 13 3.5555773147458036
25 14 3.9343932175475222
25 15 3.5585735357401664
25 16 3.8198787635988265
25 17 3.625649277922968
25 18 3.7655107796507323
25 19 3.8790586669454896
25 20 4.221573288140367
25 21 3.6399624054735624
25 22 3.3314823782402834
25 23 2.952044697386433
25 24 3.143935529972436
25 25 2.620970045056825
25 26 2.9626698505245144
25 27 3.1527268172122005
25 28 3.635237683301336
25 29 3.3742035523043
26 0 3.4144871649718285
26 1 3.0849955683682047
26 2 3.105742742839361
26 3 3.05610584043056
26 4 3.4733131393818546
26 5 3.4691222595644944
26 6 3.0564404792965796
26 7 3.4465319043455223
26 8 3.628331797462816
26 9 3.5411017824441937
26 10 3.324761539830368
26 11 3.8517959307470186
26 12 3.7441416883893908
26 13 3.386332765680002
26 14 3.674505616452309
26 15 3.633509402563759
26 16 3.8338117061531567
26 17 4.290052094106062
26 18 3.925959106829865
26 19 3.62579849972205
26 20 3.465440192598695
26 21 4.392075407715419
26 22 3.4054562502503365
26 23 3.333481964178426
26 24 3.107653834627042
26 25 2.9626698505245144
26 26 2.9354695682450487
26 27 3.2175751128602004
26 28 3.59839690348096
26 29 3.7486772109926934
27 0 3.47631438296551
27 1 3.3465430120233925
27 2 3.450139410718794
27 3 3.302562575083908
27 4 3.143304512508247
27 5 3.731467632772967
27 6 3.233527133059979
27 7 3.25331554516762
27 8 3.330825393375192
27 9 3.586202941382833
27 10 3.286852547908748
27 11 3.4107653787702805
27 12 3.70999592532795
27 13 3.8220935052073024
27 14 3.3797133282970915
27 15 3.879363961707869
27 16 3.603419592375785
27 17 3.3374358174640175
27 18 3.902428199566868
27 19 3.6748959256013136
27 20 3.6370821309896906
27 21 3.371752614714539
27 22 4.1494199726051315
27 23 3.7500514538668344
27 24 3.122721200835105
27 25 3.1527268172122005
27 26 3.2175751128602004
27 27 3.332364276911469
27 28 3.342230351674355
27 29 3.551914221363881
28 0 3.1091565234196135
28 1 3.240862746293721
28 2 3.3102149671755243
28 3 3.0571897223186744
28 4 3.252454475868076
28 5 3.347830237040505
28 6 3.2878385314752236
28 7 3.248455274994543
28 8 3.349976305160681
28 9 3.839777648159008
28 10 3.4912902445828617
28 11 3.6566239010544854
28 12 3.560025252258081
28 13 3.587852736216802
28 14 3.6137195768700368
28 15 3.4537586930990156
28 16 3.7862768389736035
28 17 4.209517716952835
28 18 3.843220860478877
28 19 3.731206024190874
28 20 3.2789515323899243
28 21 3.71514240670438
28 22 3.603501580550201
28 23 3.6765095505401257
28 24 3.5699159671137584
28 25 3.635237683301336
28 26 3.59839690348096
28 27 3.342230351674355
28 28 3.6016946199570996
28 29 3.5678988547084485
29 0 3.121130420622602
29 1 3.0588822130853104
29 2 3.2347440626948494
29 3 3.1704091692856675
29 4 3.1898854176932625
29 5 3.203385531766464
29 6 3.7460151587164536
29 7 3.4477062006977794
29 8 3.0528117376185784
29 9 3.291438357800237
29 10 3.559911980429968
29 11 3.5913773618598626
29 12 3.542253806227534
29 13 3.4475976971534474
29 14 3.7152001787614655
29 15 3.6039916943293018
29 16 3.3037520904967677
29 17 3.4018639851350057
29 18 3.7136521817727064
29 19 3.6512814395644564
29 20 3.6718281295936634
29 21 3.8492551605859595
29 22 3.34164714960956
29 23 3.579949062815121
29 24 3.4476643543172902
29 25 3.3742035523043
29 26 3.7486772109926934
29 27 3.551914221363881
29 28 3.5678988547084485
29 29 3.6062900668277384
