0 0 6.387729020210316
0 1 6.954299589730859
0 2 6.947670528163169
0 3 6.349070425481812
0 4 7.5827203318572876
0 5 7.781754926472655
0 6 7.456210539072861
0 7 7.127190095272664
0 8 6.061970503535796
0 9 5.72406560508473
0 10 6.308352428730161
0 11 6.121931707384733
0 12 6.766973706583642
0 13 6.624515729780648
0 14 6.580937332781129
0 15 6.867774810355273
0 16 5.80167071574619
0 17 5.880753709453048
0 18 6.681763556222225
0 19 7.614568339327237
0 20 6.474743365123132
0 21 6.978298183049881
0 22 6.5123675351406405
0 23 6.075304882319346
0 24 6.368354803995676
0 25 6.630380012467811
0 26 7.058244451332653
0 27 7.380796519844661
0 28 7.063126315123067
0 29 7.095868772225591
1 0 6.954299589730859
1 1 6.582843800629229
1 2 7.080874458775433
1 3 6.963537396209539
1 4 7.424647619179419
1 5 6.279588510275716
1 6 5.961541247096625
1 7 5.49258406843935
1 8 7.123328669598337
1 9 7.152671529227812
1 10 6.093486205521331
1 11 6.533412031281714
1 12 6.42797845327937
1 13 6.4250175841987724
1 14 7.106429316121434
1 15 6.883883416139045
1 16 6.939916489098114
1 17 7.486212142383734
1 18 6.658243616513974
1 19 6.088158906397389
1 20 6.144332065863015
1 21 7.8775932088307465
1 22 6.904920311265868
1 23 6.520435291951726
1 24 6.288991119172159
1 25 6.373725177968421
1 26 6.017798022030245
1 27 5.591225472964419
1 28 6.408301289398913
1 29 6.8083487239455245
2 0 6.947670528163169
2 1 7.080874458775433
2 2 7.569302692061425
2 3 6.6458965068890405
2 4 6.458993002904862
2 5 5.468057638234104
2 6 6.825224896644256
2 7 6.017703804293521
2 8 5.081069548064114
2 9 7.094152881344071
2 10 5.229495961838019
2 11 6.116876305362262
2 12 5.720656338289089
2 13 6.36271244873244
2 14 5.761630302727683
2 15 6.039168706562348
2 16 7.49656902011882
2 17 6.804399413084463
2 18 6.780795987106854
2 19 7.415769967554563
2 20 6.2175990600389754
2 21 5.949963822640172
2 22 7.432233862954168
2 23 6.899040409947594
2 24 7.814089293573978
2 25 6.508862754716159
2 26 5.128711568680834
2 27 5.797550900062947
2 28 6.853947574362193
2 29 5.988151682264866
3 0 6.349070425481812
3 1 6.963537396209539
3 2 6.6458965068890405
3 3 5.70583695361155
3 4 6.909731669777191
3 5 7.749082197669477
3 6 7.6465784534012435
3 7 5.943142043067547
3 8 6.648908943127716
3 9 5.980766780301098
3 10 6.478903561300865
3 11 5.661629520066329
3 12 7.007802790950103
3 13 6.746212948319167
3 14 6.856475925916548
3 15 6.026239245056687
3 16 6.890847784066253
3 17 5.332647544277525
3 18 5.594197937546451
3 19 6.567766372483501
3 20 6.612197838730737
3 21 6.015291766445254
3 22 5.472372596737928
3 23 7.033057553952835
3 24 7.200517970960494
3 25 7.204298045609992
3 26 7.121224886329362
3 27 7.076329322332478
3 28 6.406520050673184
3 29 5.824705217989948
4 0 7.5827203318572876
4 1 7.424647619179419
4 2 6.458993002904862
4 3 6.909731669777191
4 4 6.38508575210158
4 5 6.195882905329027
4 6 5.763366650576283
4 7 7.262389664745102
4 8 5.830141100389976
4 9 6.0567768862153155
4 10 7.739559243571753
4 11 5.229911995814968
4 12 6.383377632869132
4 13 5.447326420856339
4 14 5.660932741750562
4 15 7.298207727032395
4 16 5.872134125927025
4 17 6.241562142312448
4 18 5.596598286250773
4 19 6.114374203723742
4 20 6.73560104832683
4 21 6.816888386020261
4 22 6.486308104788166
4 23 6.173272133335158
4 24 6.340376183791563
4 25 6.410015631267418
4 26 6.750535326750559
4 27 5.966880560732299
4 28 6.723943370060177
4 29 6.301617614321184
5 0 7.781754926472655
5 1 6.279588510275716
5 2 5.468057638234104
5 3 7.749082197669477
5 4 6.195882905329027
5 5 5.367495496223045
5 6 6.033998832162389
5 7 5.775839198372818
5 8 6.57055193041934
5 9 6.447800582858757
5 10 5.269977250418431
5 11 5.9069598405458255
5 12 5.708403319514577
5 13 5.819396562535217
5 14 5.343282794316149
5 15 5.864889548773193
5 16 6.079005742820982
5 17 6.168605820476818
5 18 6.598743927853633
5 19 5.339728777853588
5 20 6.660200402437165
5 21 5.2167498496600455
5 22 5.871999959954403
5 23 6.329938801362806
5 24 6.555410251828946
5 25 6.6991656978295975
5 26 6.0033632334699165
5 27 5.694190406635103
5 28 6.703962594941619
5 29 7.10899613174737
6 0 7.456210539072861
6 1 5.961541247096625
6 2 6.825224896644256
6 3 7.6465784534012435
6 4 5.763366650576283
6 5 6.033998832162389
6 6 5.293778773537217
6 7 5.663507927502761
6 8 6.010642593248503
6 9 6.444386519627406
6 10 5.6979852435076275
6 11 7.084581515451095
6 12 6.978990346142569
6 13 6.587946674576247
6 14 7.148161749045648
6 15 5.6377398371666985
6 16 5.814593967589773
6 17 5.623623257500334
6 18 6.666565782117809
6 19 6.755461688097727
6 20 6.451751361096891
6 21 6.458800679233881
6 22 5.603393911273672
6 23 6.80499330928864
6 24 6.5004626121501685
6 25 6.5935231021306935
6 26 5.657890508194771
6 27 6.299405419298961
6 28 5.7292202184489
6 29 6.276545886088588
7 0 7.127190095272664
7 1 5.49258406843935
7 2 6.017703804293521
7 3 5.943142043067547
7 4 7.262389664745102
7 5 5.775839198372818
7 6 5.663507927502761
7 7 7.2012140771164965
7 8 6.059011698748753
7 9 6.52076788412006
7 10 5.005554737298523
7 11 5.32870441070352
7 12 6.044228554614945
7 13 5.607431108419328
7 14 5.838038609535589
7 15 5.148775665180878
7 16 6.013390453030256
7 17 7.33480927953736
7 18 5.890738265664898
7 19 6.240001605748184
7 20 5.871277060004248
7 21 6.551975779090259
7 22 6.9416076819240295
7 23 5.831040369263423
7 24 6.0945348883192745
7 25 6.3639936167038345
7 26 6.8041483664413445
7 27 6.119181213111394
7 28 6.848774177454646
7 29 6.182955893456803
8 0 6.061970503535796
8 1 7.123328669598337
8 2 5.081069548064114
8 3 6.648908943127716
8 4 5.830141100389976
8 5 6.57055193041934
8 6 6.010642593248503
8 7 6.059011698748753
8 8 6.028155303847095
8 9 5.370719977510726
8 10 6.017497061454007
8 11 5.285412278283878
8 12 5.848271366504526
8 13 5.144531485225524
8 14 5.757493950674381
8 15 5.6453605182517865
8 16 5.612903428102376
8 17 6.277713616219324
8 18 6.139568630875755
8 19 5.875687110769933
8 20 5.736822946755459
8 21 5.700291531428533
8 22 5.866867457157739
8 23 5.3317086434731635
8 24 5.495801862286793
8 25 5.944757976952071
8 26 5.7883064452192725
8 27 5.62050333215026
8 28 6.834625024599178
8 29 5.984264269766371
9 0 5.72406560508473
9 1 7.152671529227812
9 2 7.094152881344071
9 3 5.980766780301098
9 4 6.0567768862153155
9 5 6.447800582858757
9 6 6.444386519627406
9 7 6.52076788412006
9 8 5.370719977510726
9 9 4.57064179191254
9 10 3.200465153928184
9 11 3.999967253505531
9 12 5.1065941438948625
9 13 5.177147539061097
9 14 4.626327303625965
9 15 5.9019674274306775
9 16 5.592848132193254
9 17 5.873395006690287
9 18 5.352189315949446
9 19 6.076342609687247
9 20 6.012449422967956
9 21 6.116440954085892
9 22 5.183675248242561
9 23 7.196289676304044
9 24 6.320274123112127
9 25 6.7017157722135305
9 26 6.406077786488167
9 27 6.470480040146251
9 28 6.432050443667237
9 29 6.59128396555654
10 0 6.308352428730161
10 1 6.093486205521331
10 2 5.229495961838019
10 3 6.478903561300865
10 4 7.739559243571753
10 5 5.269977250418431
10 6 5.6979852435076275
10 7 5.005554737298523
10 8 6.017497061454007
10 9 3.200465153928184
10 10 1.1858391328535536
10 11 3.62919949527775
10 12 5.034573815274464
10 13 4.911507949326066
10 14 5.759615594722776
10 15 5.860321988965199
10 16 6.1516868710752854
10 17 6.01458405600202
10 18 6.812964306894123
10 19 6.340962343378401
10 20 6.136180605488943
10 21 6.335889959354979
10 22 5.186052694571445
10 23 6.8834151203495715
10 24 7.549551052521126
10 25 5.8547405358244315
10 26 7.471567680447274
10 27 5.551508922817898
10 28 5.643862988199684
10 29 5.793830649050909
11 0 6.121931707384733
11 1 6.533412031281714
11 2 6.116876305362262
11 3 5.661629520066329
11 4 5.229911995814968
11 5 5.9069598405458255
11 6 7.084581515451095
11 7 5.32870441070352
11 8 5.285412278283878
11 9 3.999967253505531
11 10 3.62919949527775
11 11 3.2540179676377603
11 12 4.408100402699651
11 13 5.015212970635575
11 14 5.685961497886234
11 15 5.19863698866583
11 16 6.086729110609938
11 17 5.602308053181838
11 18 6.24773322199507
11 19 5.861438590251158
11 20 6.560698662208727
11 21 5.906811758610038
11 22 5.800243998321528
11 23 5.564810484335512
11 24 5.5315825900609985
11 25 7.357928307771731
11 26 5.521124015404664
11 27 6.898950400438247
11 28 5.113293001825022
11 29 5.977850800780327
12 0 6.766973706583642
12 1 6.42797845327937
12 2 5.720656338289089
12 3 7.007802790950103
12 4 6.383377632869132
12 5 5.708403319514577
12 6 6.978990346142569
12 7 6.044228554614945
12 8 5.848271366504526
12 9 5.1065941438948625
12 10 5.034573815274464
12 11 4.408100402699651
12 12 4.6456755967844705
12 13 5.03581707721004
12 14 6.105165104977037
12 15 5.0166509185578
12 16 5.052744247819822
12 17 6.016086805299282
12 18 7.120257526601162
12 19 6.293105286062188
12 20 5.064544421769998
12 21 6.071811408851241
12 22 5.222213259645532
12 23 5.815101898207196
12 24 5.464108293568093
12 25 5.312362044382236
12 26 5.884273899098576
12 27 5.494687842759762
12 28 6.205351615817765
12 29 5.54995722708574
13 0 6.624515729780648
13 1 6.4250175841987724
13 2 6.36271244873244
13 3 6.746212948319167
13 4 5.447326420856339
13 5 5.819396562535217
13 6 6.587946674576247
13 7 5.607431108419328
13 8 5.144531485225524
13 9 5.177147539061097
13 10 4.911507949326066
13 11 5.015212970635575
13 12 5.03581707721004
13 13 6.212758270128332
13 14 6.243169405227574
13 15 5.68819745968692
13 16 5.344853782862151
13 17 5.336681105004536
13 18 6.855220864270485
13 19 7.093207992233393
13 20 7.072494215967063
13 21 6.0778055057643
13 22 6.223478509385418
13 23 6.688016544540635
13 24 7.028414158464918
13 25 5.518114388908547
13 26 5.736794458514274
13 27 5.3500602709564635
13 28 6.148137540761403
13 29 6.034366652533177
14 0 6.580937332781129
14 1 7.106429316121434
14 2 5.761630302727683
14 3 6.856475925916548
14 4 5.660932741750562
14 5 5.343282794316149
14 6 7.148161749045648
14 7 5.838038609535589
14 8 5.757493950674381
14 9 4.626327303625965
14 10 5.759615594722776
14 11 5.685961497886234
14 12 6.105165104977037
14 13 6.243169405227574
14 14 5.461529517002941
14 15 4.7170709353475635
14 16 5.805434217313728
14 17 6.288063273955761
14 18 6.152975840666786
14 19 6.4333537752241226
14 20 6.230140492087862
14 21 5.666438239197101
14 22 6.3448223755340445
14 23 6.935383098021597
14 24 6.40461086128309
14 25 5.159567282455968
14 26 6.398326867637174
14 27 6.5929598951226485
14 28 5.71683925854395
14 29 6.083720964410785
15 0 6.867774810355273
15 1 6.883883416139045
15 2 6.039168706562348
15 3 6.026239245056687
15 4 7.298207727032395
15 5 5.864889548773193
15 6 5.6377398371666985
15 7 5.148775665180878
15 8 5.6453605182517865
15 9 5.9019674274306775
15 10 5.860321988965199
15 11 5.19863698866583
15 12 5.0166509185578
15 13 5.68819745968692
15 14 4.7170709353475635
15 15 5.201360626391948
15 16 5.188545775266826
15 17 5.492534647806258
15 18 5.016650918558388
15 19 5.3720811442848735
15 20 4.842970091681728
15 21 5.229059027154748
15 22 5.844990865527217
15 23 6.243868255275356
15 24 6.3390418847656775
15 25 6.463991169350809
15 26 5.547172539781582
15 27 6.092364767136677
15 28 7.012242855098064
15 29 5.738730179939224
16 0 5.80167071574619
16 1 6.939916489098114
16 2 7.49656902011882
16 3 6.890847784066253
16 4 5.872134125927025
16 5 6.079005742820982
16 6 5.814593967589773
16 7 6.013390453030256
16 8 5.612903428102376
16 9 5.592848132193254
16 10 6.1516868710752854
16 11 6.086729110609938
16 12 5.052744247819822
16 13 5.344853782862151
16 14 5.805434217313728
16 15 5.188545775266826
16 16 5.891350488401427
16 17 4.976644088481339
16 18 4.422209405355226
16 19 4.55115825776252
16 20 4.730257861668359
16 21 4.979263613388148
16 22 5.525870630821195
16 23 5.4877562929655435
16 24 5.664146221522661
16 25 5.78438784202108
16 26 6.190663164853867
16 27 5.415108088973334
16 28 5.875635164128116
16 29 6.36888781201478
17 0 5.880753709453048
17 1 7.486212142383734
17 2 6.804399413084463
17 3 5.332647544277525
17 4 6.241562142312448
17 5 6.168605820476818
17 6 5.623623257500334
17 7 7.33480927953736
17 8 6.277713616219324
17 9 5.873395006690287
17 10 6.01458405600202
17 11 5.602308053181838
17 12 6.016086805299282
17 13 5.336681105004536
17 14 6.288063273955761
17 15 5.492534647806258
17 16 4.976644088481339
17 17 5.129581521035891
17 18 4.767078762032549
17 19 4.941676123559362
17 20 5.079001700858376
17 21 4.893065649501297
17 22 5.917418844509657
17 23 5.009178509216405
17 24 4.593366502212365
17 25 5.1172138542836825
17 26 5.329790747050629
17 27 5.872281859185185
17 28 6.032467857976344
17 29 6.255250859422909
18 0 6.681763556222225
18 1 6.658243616513974
18 2 6.780795987106854
18 3 5.594197937546451
18 4 5.596598286250773
18 5 6.598743927853633
18 6 6.666565782117809
18 7 5.890738265664898
18 8 6.139568630875755
18 9 5.352189315949446
18 10 6.812964306894123
18 11 6.24773322199507
18 12 7.120257526601162
18 13 6.855220864270485
18 14 6.152975840666786
18 15 5.016650918558388
18 16 4.422209405355226
18 17 4.767078762032549
18 18 5.0547132026917865
18 19 4.763387712071296
18 20 4.123629011797467
18 21 5.11420456735873
18 22 4.414677327044714
18 23 5.479392499592996
18 24 5.686060424007317
18 25 5.851807292700463
18 26 5.4104126660423155
18 27 5.082336209418697
18 28 5.52186905241218
18 29 4.77843612108239
19 0 7.614568339327237
19 1 6.088158906397389
19 2 7.415769967554563
19 3 6.567766372483501
19 4 6.114374203723742
19 5 5.339728777853588
19 6 6.755461688097727
19 7 6.240001605748184
19 8 5.875687110769933
19 9 6.076342609687247
19 10 6.340962343378401
19 11 5.861438590251158
19 12 6.293105286062188
19 13 7.093207992233393
19 14 6.4333537752241226
19 15 5.3720811442848735
19 16 4.55115825776252
19 17 4.941676123559362
19 18 4.763387712071296
19 19 3.9473230203345984
19 20 3.1868822214400305
19 21 4.7781813340350805
19 22 4.197388349597525
19 23 4.328043205940363
19 24 4.886410487826363
19 25 5.195333969997736
19 26 6.535108183262398
19 27 5.006119678736059
19 28 4.704948996103083
19 29 4.776601572045423
20 0 6.474743365123132
20 1 6.144332065863015
20 2 6.2175990600389754
20 3 6.612197838730737
20 4 6.73560104832683
20 5 6.660200402437165
20 6 6.451751361096891
20 7 5.871277060004248
20 8 5.736822946755459
20 9 6.012449422967956
20 10 6.136180605488943
20 11 6.560698662208727
20 12 5.064544421769998
20 13 7.072494215967063
20 14 6.230140492087862
20 15 4.842970091681728
20 16 4.730257861668359
20 17 5.079001700858376
20 18 4.123629011797467
20 19 3.1868822214400305
20 20 1.2957789250713994
20 21 2.714214224962363
20 22 4.2707300116465
20 23 4.417678775524572
20 24 4.309280297229841
20 25 6.169274871410425
20 26 4.692164901514647
20 27 5.027665107569443
20 28 5.41547295626317
20 29 5.4246889390782576
21 0 6.978298183049881
21 1 7.8775932088307465
21 2 5.949963822640172
21 3 6.015291766445254
21 4 6.816888386020261
21 5 5.2167498496600455
21 6 6.458800679233881
21 7 6.551975779090259
21 8 5.700291531428533
21 9 6.116440954085892
21 10 6.335889959354979
21 11 5.906811758610038
21 12 6.071811408851241
21 13 6.0778055057643
21 14 5.666438239197101
21 15 5.229059027154748
21 16 4.979263613388148
21 17 4.893065649501297
21 18 5.11420456735873
21 19 4.7781813340350805
21 20 2.714214224962363
21 21 4.339586686801728
21 22 3.43340644454758
21 23 3.8571834033254153
21 24 5.987810057729964
21 25 3.890994295506222
21 26 5.6873499827841405
21 27 4.724491687683845
21 28 5.351574181086071
21 29 5.366687002110203
22 0 6.5123675351406405
22 1 6.904920311265868
22 2 7.432233862954168
22 3 5.472372596737928
22 4 6.486308104788166
22 5 5.871999959954403
22 6 5.603393911273672
22 7 6.9416076819240295
22 8 5.866867457157739
22 9 5.183675248242561
22 10 5.186052694571445
22 11 5.800243998321528
22 12 5.222213259645532
22 13 6.223478509385418
22 14 6.3448223755340445
22 15 5.844990865527217
22 16 5.525870630821195
22 17 5.917418844509657
22 18 4.414677327044714
22 19 4.197388349597525
22 20 4.2707300116465
22 21 3.43340644454758
22 22 4.602778680280605
22 23 4.023260952838146
22 24 3.823240112267182
22 25 3.7612020192615683
22 26 4.388497954489267
22 27 4.949793006114096
22 28 5.1075334519915945
22 29 4.456981791460991
23 0 6.075304882319346
23 1 6.520435291951726
23 2 6.899040409947594
23 3 7.033057553952835
23 4 6.173272133335158
23 5 6.329938801362806
23 6 6.80499330928864
23 7 5.831040369263423
23 8 5.3317086434731635
23 9 7.196289676304044
23 10 6.8834151203495715
23 11 5.564810484335512
23 12 5.815101898207196
23 13 6.688016544540635
23 14 6.935383098021597
23 15 6.243868255275356
23 16 5.4877562929655435
23 17 5.009178509216405
23 18 5.479392499592996
23 19 4.328043205940363
23 20 4.417678775524572
23 21 3.8571834033254153
23 22 4.023260952838146
23 23 5.029946106549773
23 24 4.322150786814556
23 25 3.714675329061904
23 26 4.48148082734948
23 27 4.728712568754976
23 28 5.042572238972598
23 29 4.902077006571584
24 0 6.368354803995676
24 1 6.288991119172159
24 2 7.814089293573978
24 3 7.200517970960494
24 4 6.340376183791563
24 5 6.555410251828946
24 6 6.5004626121501685
24 7 6.0945348883192745
24 8 5.495801862286793
24 9 6.320274123112127
24 10 7.549551052521126
24 11 5.5315825900609985
24 12 5.464108293568093
24 13 7.028414158464918
24 14 6.40461086128309
24 15 6.3390418847656775
24 16 5.664146221522661
24 17 4.593366502212365
24 18 5.686060424007317
24 19 4.886410487826363
24 20 4.309280297229841
24 21 5.987810057729964
24 22 3.823240112267182
24 23 4.322150786814556
24 24 3.283337616140729
24 25 2.4661873515573256
24 26 3.8213626706572987
24 27 3.9094789839188255
24 28 4.2471950061622685
24 29 5.490324426310919
25 0 6.630380012467811
25 1 6.373725177968421
25 2 6.508862754716159
25 3 7.204298045609992
25 4 6.410015631267418
25 5 6.6991656978295975
25 6 6.5935231021306935
25 7 6.3639936167038345
25 8 5.944757976952071
25 9 6.7017157722135305
25 10 5.8547405358244315
25 11 7.357928307771731
25 12 5.312362044382236
25 13 5.518114388908547
25 14 5.159567282455968
25 15 6.463991169350809
25 16 5.78438784202108
25 17 5.1172138542836825
25 18 5.851807292700463
25 19 5.195333969997736
25 20 6.169274871410425
25 21 3.890994295506222
25 22 3.7612020192615683
25 23 3.714675329061904
25 24 2.4661873515573256
25 25 0.8957036210437996
25 26 2.7741766339866523
25 27 4.124653038523964
25 28 4.894758505472647
25 29 5.101090392648693
26 0 7.058244451332653
26 1 6.017798022030245
26 2 5.128711568680834
26 3 7.121224886329362
26 4 6.750535326750559
26 5 6.0033632334699165
26 6 5.657890508194771
26 7 6.8041483664413445
26 8 5.7883064452192725
26 9 6.406077786488167
26 10 7.471567680447274
26 11 5.521124015404664
26 12 5.884273899098576
26 13 5.736794458514274
26 14 6.398326867637174
26 15 5.547172539781582
26 16 6.190663164853867
26 17 5.329790747050629
26 18 5.4104126660423155
26 19 6.535108183262398
26 20 4.692164901514647
26 21 5.6873499827841405
26 22 4.388497954489267
26 23 4.48148082734948
26 24 3.8213626706572987
26 25 2.7741766339866523
26 26 3.271642355626405
26 27 4.21680852071056
26 28 4.318939209094054
26 29 5.324704081786541
27 0 7.380796519844661
27 1 5.591225472964419
27 2 5.797550900062947
27 3 7.076329322332478
27 4 5.966880560732299
27 5 5.694190406635103
27 6 6.299405419298961
27 7 6.119181213111394
27 8 5.62050333215026
27 9 6.470480040146251
27 10 5.551508922817898
27 11 6.898950400438247
27 12 5.494687842759762
27 13 5.3500602709564635
27 14 6.5929598951226485
27 15 6.092364767136677
27 16 5.415108088973334
27 17 5.872281859185185
27 18 5.082336209418697
27 19 5.006119678736059
27 20 5.027665107569443
27 21 4.724491687683845
27 22 4.949793006114096
27 23 4.728712568754976
27 24 3.9094789839188255
27 25 4.124653038523964
27 26 4.21680852071056
27 27 4.418676157200821
27 28 4.631988474564073
27 29 5.09724135417749
28 0 7.063126315123067
28 1 6.408301289398913
28 2 6.853947574362193
28 3 6.406520050673184
28 4 6.723943370060177
28 5 6.703962594941619
28 6 5.7292202184489
28 7 6.848774177454646
28 8 6.834625024599178
28 9 6.432050443667237
28 10 5.643862988199684
28 11 5.113293001825022
28 12 6.205351615817765
28 13 6.148137540761403
28 14 5.71683925854395
28 15 7.012242855098064
28 16 5.875635164128116
28 17 6.032467857976344
28 18 5.52186905241218
28 19 4.704948996103083
28 20 5.41547295626317
28 21 5.351574181086071
28 22 5.1075334519915945
28 23 5.042572238972598
28 24 4.2471950061622685
28 25 4.894758505472647
28 26 4.318939209094054
28 27 4.631988474564073
28 28 4.735600841124929
28 29 5.213483939266104
29 0 7.095868772225591
29 1 6.8083487239455245
29 2 5.988151682264866
29 3 5.824705217989948
29 4 6.301617614321184
29 5 7.10899613174737
29 6 6.276545886088588
29 7 6.182955893456803
29 8 5.984264269766371
29 9 6.59128396555654
29 10 5.793830649050909
29 11 5.977850800780327
29 12 5.54995722708574
29 13 6.034366652533177
29 14 6.083720964410785
29 15 5.738730179939224
29 16 6.36888781201478
29 17 6.255250859422909
29 18 4.77843612108239
29 19 4.776601572045423
29 20 5.4246889390782576
29 21 5.366687002110203
29 22 4.456981791460991
29 23 4.902077006571584
29 24 5.490324426310919
29 25 5.101090392648693
29 26 5.324704081786541
29 27 5.09724135417749
29 28 5.213483939266104
29 29 5.8313584433337935
