0 0 4.112619041258785
0 1 4.7349310343998345
0 2 4.459766770191695
0 3 3.731397203547284
0 4 4.592889328524296
0 5 4.883839619790615
0 6 4.644080617045955
0 7 4.437846515019085
0 8 3.4424409611407967
0 9 3.090822755083459
0 10 3.7655679052317366
0 11 3.3698706646154495
0 12 3.847421594017422
0 13 3.544848144089385
0 14 4.151746691992795
0 15 4.487174564371775
0 16 3.4660716592233674
0 17 3.2654329665568405
0 18 4.282422241226657
0 19 5.305335660881567
0 20 3.564675624544459
0 21 4.228765126494897
0 22 3.5807618300246142
0 23 3.1143189761684775
0 24 4.486326423812897
0 25 3.7118618420697045
0 26 4.466673257774898
0 27 4.620133954134807
0 28 4.3093599886978575
0 29 4.3246771479527695
1 0 4.7349310343998345
1 1 3.832995146667402
1 2 4.174167043717261
1 3 4.176847064576234
1 4 5.042430612334409
1 5 3.70108624184401
1 6 3.402271908241511
1 7 2.7680018526720045
1 8 4.319743349178441
1 9 4.259725932088968
1 10 3.3527287802258687
1 11 3.865420027872024
1 12 3.6656496271246914
1 13 3.8219278041507603
1 14 4.078170669813277
1 15 4.13119431627679
1 16 4.001315768667853
1 17 4.535411132027674
1 18 3.8193254035829196
1 19 3.9159377495503764
1 20 3.813286498607768
1 21 5.233513097649029
1 22 4.632573808831101
1 23 3.5789481890009793
1 24 3.1527923816430348
1 25 3.7569041149463898
1 26 3.506611629378526
1 27 3.10691906318206
1 28 3.9200366257876222
1 29 4.301933949080138
2 0 4.459766770191695
2 1 4.174167043717261
2 2 4.693052765229765
2 3 4.319189992871794
2 4 3.8162854449361054
2 5 2.7014550047510824
2 6 3.945696595179106
2 7 3.3448769685908877
2 8 2.672854293512893
2 9 4.533358293876355
2 10 2.663456241359499
2 11 3.6913710844226677
2 12 3.1386303693856354
2 13 4.004766070672771
2 14 3.676656779936958
2 15 3.831206737255594
2 16 3.911064671179535
2 17 4.00665143105481
2 18 3.7640073987961737
2 19 4.506703522909023
2 20 3.603912510535237
2 21 3.7700019530090363
2 22 4.6251557278519995
2 23 4.31870714186762
2 24 5.153796353712613
2 25 3.206694182409587
2 26 2.6201475701399266
2 27 3.1374255225677765
2 28 4.199220719498654
2 29 3.3754737854728725
3 0 3.731397203547284
3 1 4.176847064576234
3 2 4.319189992871794
3 3 3.2999692903552043
3 4 4.162384043041585
3 5 4.848661284498738
3 6 4.366947694774814
3 7 3.207339381026723
3 8 3.494366065268534
3 9 3.2909920730313997
3 10 3.518017675796517
3 11 3.1316309201001307
3 12 4.598730649396648
3 13 3.6027363266635075
3 14 4.064657300195677
3 15 3.5685740079541977
3 16 4.409178826867567
3 17 2.638028091291576
3 18 3.227588291886815
3 19 4.0365741588577375
3 20 3.686749377093076
3 21 3.1905720119051915
3 22 3.110745443621328
3 23 4.333542648513453
3 24 4.731888701521768
3 25 4.380146466641859
3 26 4.368238239311072
3 27 3.6022318951009082
3 28 3.818401160581063
3 29 3.2359473433277484
4 0 4.592889328524296
4 1 5.042430612334409
4 2 3.8162854449361054
4 3 4.162384043041585
4 4 3.803366633478264
4 5 3.596894084625512
4 6 3.1322644840088496
4 7 4.352922997813058
4 8 2.953665721030903
4 9 3.3818524556691694
4 10 3.931458517764754
4 11 2.3240250295539027
4 12 3.546320907149518
4 13 2.902227022564124
4 14 3.299592042178163
4 15 4.181543316129367
4 16 3.077564270817176
4 17 3.430225607747664
4 18 3.3736503688147184
4 19 3.9319063576353805
4 20 4.1898451249496285
4 21 3.8706061174860804
4 22 3.3687092289631453
4 23 3.704810093736806
4 24 3.8884832010894437
4 25 3.7772557774832856
4 26 4.03238096001509
4 27 3.5211654248441127
4 28 3.5768733784800757
4 29 3.473705009983185
5 0 4.883839619790615
5 1 3.70108624184401
5 2 2.7014550047510824
5 3 4.848661284498738
5 4 3.596894084625512
5 5 2.690473932943882
5 6 3.5156770055161024
5 7 2.7230264896373044
5 8 3.4262055248986925
5 9 3.89796740355232
5 10 2.5161695094836007
5 11 2.986037966638126
5 12 3.113253998406248
5 13 2.9647714348562695
5 14 2.6034292763795706
5 15 3.009021673256907
5 16 3.6866804284655883
5 17 3.8078086861695137
5 18 3.360837309894847
5 19 3.286657549797229
5 20 4.139890497223622
5 21 2.9010638602894976
5 22 3.0408571221192444
5 23 3.516159683877389
5 24 3.5317907945900138
5 25 4.004752827539014
5 26 3.5802180177257745
5 27 3.670979895852667
5 28 3.94558293900434
5 29 3.986159946040797
6 0 4.644080617045955
6 1 3.402271908241511
6 2 3.945696595179106
6 3 4.366947694774814
6 4 3.1322644840088496
6 5 3.5156770055161024
6 6 2.5733646815805917
6 7 2.7805215729598256
6 8 2.823823461455571
6 9 3.8357178805014778
6 10 2.553117341102664
6 11 3.908652595663583
6 12 3.5791508975991473
6 13 3.3149689180498747
6 14 4.214696273051093
6 15 2.9691489287824617
6 16 3.0131397089988834
6 17 3.3068331843271195
6 18 3.8173604461927906
6 19 4.00502371508651
6 20 3.46765299354026
6 21 3.3895716701341345
6 22 3.0921954879033287
6 23 3.794104760178855
6 24 3.6163346359014854
6 25 3.7752895604043117
6 26 3.20178465095162
6 27 4.0801538095060135
6 28 3.1981891612447644
6 29 3.7045310484316647
7 0 4.437846515019085
7 1 2.7680018526720045
7 2 3.3448769685908877
7 3 3.207339381026723
7 4 4.352922997813058
7 5 2.7230264896373044
7 6 2.7805215729598256
7 7 3.6029774184388
7 8 2.7062942380557726
7 9 3.3044101318252816
7 10 1.8620171676338977
7 11 2.3414004228848797
7 12 2.8265941044145766
7 13 2.7135028606787857
7 14 2.755554223700798
7 15 2.4708601717624052
7 16 3.4449823705615175
7 17 4.024488128882716
7 18 3.2078718198975764
7 19 3.8106374728172256
7 20 2.823909003860252
7 21 3.543726434670744
7 22 4.0983182511110074
7 23 3.655696526707954
7 24 3.4966537947730667
7 25 3.7800845027645518
7 26 3.8021936733443233
7 27 3.506000247704911
7 28 4.503016661017581
7 29 3.5268680349131967
8 0 3.4424409611407967
8 1 4.319743349178441
8 2 2.672854293512893
8 3 3.494366065268534
8 4 2.953665721030903
8 5 3.4262055248986925
8 6 2.823823461455571
8 7 2.7062942380557726
8 8 2.5104940705061076
8 9 1.9867606715673531
8 10 2.5637205084924464
8 11 2.3142700114846635
8 12 2.76567278424452
8 13 2.6881988465051685
8 14 2.753481302354538
8 15 2.613764779420852
8 16 2.9985804377515137
8 17 3.2360280411900906
8 18 2.993710943189417
8 19 3.212989024318302
8 20 3.1768428146011414
8 21 2.858901973903865
8 22 3.1162293021698377
8 23 2.696148120847225
8 24 3.477375023279349
8 25 3.4966646991863515
8 26 3.3559409059230854
8 27 3.0007054687458843
8 28 3.979148990614854
8 29 3.9630057786494777
9 0 3.090822755083459
9 1 4.259725932088968
9 2 4.533358293876355
9 3 3.2909920730313997
9 4 3.3818524556691694
9 5 3.89796740355232
9 6 3.8357178805014778
9 7 3.3044101318252816
9 8 1.9867606715673531
9 9 1.7767340841310222
9 10 0
9 11 1.3067622103085799
9 12 2.3059583093891853
9 13 2.18816524415851
9 14 1.9745355708259273
9 15 3.0818270137692254
9 16 2.840118192129387
9 17 3.2387707964193155
9 18 2.5838930773218123
9 19 2.8976391519764073
9 20 3.5932914384871126
9 21 3.5514108203529675
9 22 3.0362151897434253
9 23 4.381769848275875
9 24 3.0302684151907457
9 25 3.8867368929407955
9 26 4.2364843076975855
9 27 3.554297221263769
9 28 3.8461208931724866
9 29 3.6445428559550512
10 0 3.7655679052317366
10 1 3.3527287802258687
10 2 2.663456241359499
10 3 3.518017675796517
10 4 3.931458517764754
10 5 2.5161695094836007
10 6 2.553117341102664
10 7 1.8620171676338977
10 8 2.5637205084924464
10 9 0
10 10 0
10 11 0
10 12 1.90656898305246
10 13 2.0949034658484553
10 14 2.7361764857722912
10 15 2.9278168656870136
10 16 2.8266378158541725
10 17 3.144090755582557
10 18 3.754358978135952
10 19 3.4709369545791247
10 20 3.094827473138759
10 21 3.323019209451912
10 22 2.8199436911858324
10 23 4.609390647108689
10 24 4.500107465236193
10 25 3.217509037069196
10 26 4.45023098017424
10 27 3.372391976611643
10 28 3.1470486014773087
10 29 3.374104000431251
11 0 3.3698706646154495
11 1 3.865420027872024
11 2 3.6913710844226677
11 3 3.1316309201001307
11 4 2.3240250295539027
11 5 2.986037966638126
11 6 3.908652595663583
11 7 2.3414004228848797
11 8 2.3142700114846635
11 9 1.3067622103085799
11 10 0
11 11 0
11 12 1.7003035519912297
11 13 2.0614829463853948
11 14 2.5515154956901256
11 15 2.5360348159316626
11 16 2.9948371022591043
11 17 2.4878821068823838
11 18 3.3960989953981913
11 19 3.3320023986120044
11 20 3.7332752127742754
11 21 2.848564431927877
11 22 2.8069275661349398
11 23 3.009675456238556
11 24 2.901777861479263
11 25 4.476654248863488
11 26 2.9814069683185185
11 27 3.632271579283105
11 28 3.0350832730130977
11 29 3.3516693631060734
12 0 3.847421594017422
12 1 3.6656496271246914
12 2 3.1386303693856354
12 3 4.598730649396648
12 4 3.546320907149518
12 5 3.113253998406248
12 6 3.5791508975991473
12 7 2.8265941044145766
12 8 2.76567278424452
12 9 2.3059583093891853
12 10 1.90656898305246
12 11 1.7003035519912297
12 12 2.1691388192029946
12 13 2.051853352372841
12 14 2.765364442961994
12 15 2.1740379097198295
12 16 2.258248458426334
12 17 3.0676540188606856
12 18 3.3299283759168685
12 19 2.9128865130871846
12 20 2.291695056148824
12 21 3.4631813220855228
12 22 2.313525497203719
12 23 3.2034226218126864
12 24 2.4756477705486506
12 25 2.8142347689661267
12 26 3.3126282691221616
12 27 3.0112619988667677
12 28 3.1026758079088825
12 29 3.073363410698017
13 0 3.544848144089385
13 1 3.8219278041507603
13 2 4.004766070672771
13 3 3.6027363266635075
13 4 2.902227022564124
13 5 2.9647714348562695
13 6 3.3149689180498747
13 7 2.7135028606787857
13 8 2.6881988465051685
13 9 2.18816524415851
13 10 2.0949034658484553
13 11 2.0614829463853948
13 12 2.051853352372841
13 13 2.901195874222754
13 14 2.7778808062475635
13 15 2.897673071191863
13 16 2.5683964328546063
13 17 2.6798420204009847
13 18 3.4207322841108905
13 19 4.1754344918820685
13 20 3.602366492981289
13 21 2.973037147625362
13 22 3.104959866338259
13 23 3.8582983289190094
13 24 3.4406227939439624
13 25 2.7878204210203563
13 26 3.2502649552638254
13 27 3.138643983205541
13 28 3.2748330931653964
13 29 2.910115074802196
14 0 4.151746691992795
14 1 4.078170669813277
14 2 3.676656779936958
14 3 4.064657300195677
14 4 3.299592042178163
14 5 2.6034292763795706
14 6 4.214696273051093
14 7 2.755554223700798
14 8 2.753481302354538
14 9 1.9745355708259273
14 10 2.7361764857722912
14 11 2.5515154956901256
14 12 2.765364442961994
14 13 2.7778808062475635
14 14 2.571917877767424
14 15 2.22266710247544
14 16 2.7892935533744185
14 17 3.2919860669533105
14 18 3.1042248512454895
14 19 3.644180640635216
14 20 3.163526894315725
14 21 2.8769132456313202
14 22 3.1426769805276775
14 23 3.281476285737134
14 24 3.625676331457727
14 25 2.7449255006145505
14 26 3.250013992891031
14 27 3.741121428860293
14 28 3.242580809515817
14 29 3.2806486813035525
15 0 4.487174564371775
15 1 4.13119431627679
15 2 3.831206737255594
15 3 3.5685740079541977
15 4 4.181543316129367
15 5 3.009021673256907
15 6 2.9691489287824617
15 7 2.4708601717624052
15 8 2.613764779420852
15 9 3.0818270137692254
15 10 2.9278168656870136
15 11 2.5360348159316626
15 12 2.1740379097198295
15 13 2.897673071191863
15 14 2.22266710247544
15 15 2.3315644199482195
15 16 2.35621293151665
15 17 2.389881487976769
15 18 2.1868951231646654
15 19 2.45165657806369
15 20 2.13901752597269
15 21 2.19396176340407
15 22 2.8296441084502297
15 23 3.023007696179741
15 24 3.228721764582518
15 25 3.396410691073526
15 26 3.038692106129348
15 27 3.3305221284889717
15 28 3.493030743936528
15 29 3.556457031694263
16 0 3.4660716592233674
16 1 4.001315768667853
16 2 3.911064671179535
16 3 4.409178826867567
16 4 3.077564270817176
16 5 3.6866804284655883
16 6 3.0131397089988834
16 7 3.4449823705615175
16 8 2.9985804377515137
16 9 2.840118192129387
16 10 2.8266378158541725
16 11 2.9948371022591043
16 12 2.258248458426334
16 13 2.5683964328546063
16 14 2.7892935533744185
16 15 2.35621293151665
16 16 2.6747011535367307
16 17 2.1316703983537617
16 18 2.0117136183781827
16 19 1.628144017147064
16 20 1.9090995165387228
16 21 2.1033096297932694
16 22 2.918926530823001
16 23 2.550055264646116
16 24 3.143163322277018
16 25 2.8285292749505597
16 26 3.1604255750958106
16 27 3.0468298584149713
16 28 3.1745969095736988
16 29 3.1887823854433672
17 0 3.2654329665568405
17 1 4.535411132027674
17 2 4.00665143105481
17 3 2.638028091291576
17 4 3.430225607747664
17 5 3.8078086861695137
17 6 3.3068331843271195
17 7 4.024488128882716
17 8 3.2360280411900906
17 9 3.2387707964193155
17 10 3.144090755582557
17 11 2.4878821068823838
17 12 3.0676540188606856
17 13 2.6798420204009847
17 14 3.2919860669533105
17 15 2.389881487976769
17 16 2.1316703983537617
17 17 2.3226267956876465
17 18 1.9186947277352946
17 19 2.19507488524177
17 20 2.0591878864779836
17 21 2.130614171704769
17 22 2.7340890334632375
17 23 2.224455101012214
17 24 2.0225742800498323
17 25 2.554017497676116
17 26 2.3190692563502737
17 27 2.9562056739861635
17 28 3.531415490581772
17 29 3.4192759569079296
18 0 4.282422241226657
18 1 3.8193254035829196
18 2 3.7640073987961737
18 3 3.227588291886815
18 4 3.3736503688147184
18 5 3.360837309894847
18 6 3.8173604461927906
18 7 3.2078718198975764
18 8 2.993710943189417
18 9 2.5838930773218123
18 10 3.754358978135952
18 11 3.3960989953981913
18 12 3.3299283759168685
18 13 3.4207322841108905
18 14 3.1042248512454895
18 15 2.1868951231646654
18 16 2.0117136183781827
18 17 1.9186947277352946
18 18 2.037750982154315
18 19 1.8538384249696758
18 20 1.51781366551226
18 21 2.0066149864983904
18 22 1.6465285600026558
18 23 2.4717611980542853
18 24 2.5929379277942077
18 25 2.652973503844834
18 26 2.3244314920286837
18 27 2.4135499708164563
18 28 2.610739687980479
18 29 2.3783083890318744
19 0 5.305335660881567
19 1 3.9159377495503764
19 2 4.506703522909023
19 3 4.0365741588577375
19 4 3.9319063576353805
19 5 3.286657549797229
19 6 4.00502371508651
19 7 3.8106374728172256
19 8 3.212989024318302
19 9 2.8976391519764073
19 10 3.4709369545791247
19 11 3.3320023986120044
19 12 2.9128865130871846
19 13 4.1754344918820685
19 14 3.644180640635216
19 15 2.45165657806369
19 16 1.628144017147064
19 17 2.19507488524177
19 18 1.8538384249696758
19 19 1.2577775572869667
19 20 0
19 21 1.8485904438512595
19 22 1.5534141172981777
19 23 1.6049724946844988
19 24 2.035211378936443
19 25 2.609294858700743
19 26 3.2424541649496748
19 27 2.6040801916295195
19 28 2.228543574353624
19 29 2.49755516781698
20 0 3.564675624544459
20 1 3.813286498607768
20 2 3.603912510535237
20 3 3.686749377093076
20 4 4.1898451249496285
20 5 4.139890497223622
20 6 3.46765299354026
20 7 2.823909003860252
20 8 3.1768428146011414
20 9 3.5932914384871126
20 10 3.094827473138759
20 11 3.7332752127742754
20 12 2.291695056148824
20 13 3.602366492981289
20 14 3.163526894315725
20 15 2.13901752597269
20 16 1.9090995165387228
20 17 2.0591878864779836
20 18 1.51781366551226
20 19 0
20 20 0
20 21 0
20 22 1.61082189027868
20 23 1.9272000671623064
20 24 1.7394603193137066
20 25 2.865637496916474
20 26 2.1085044810603795
20 27 2.170118183160001
20 28 3.0309822065103353
20 29 2.2347882514937627
21 0 4.228765126494897
21 1 5.233513097649029
21 2 3.7700019530090363
21 3 3.1905720119051915
21 4 3.8706061174860804
21 5 2.9010638602894976
21 6 3.3895716701341345
21 7 3.543726434670744
21 8 2.858901973903865
21 9 3.5514108203529675
21 10 3.323019209451912
21 11 2.848564431927877
21 12 3.4631813220855228
21 13 2.973037147625362
21 14 2.8769132456313202
21 15 2.19396176340407
21 16 2.1033096297932694
21 17 2.130614171704769
21 18 2.0066149864983904
21 19 1.8485904438512595
21 20 0
21 21 1.5350557557964497
21 22 0
21 23 1.3709266313024067
21 24 2.974881009618819
21 25 1.7200333205941483
21 26 2.4765285009236475
21 27 2.2377400087676333
21 28 2.172694889635151
21 29 2.6658766597138155
22 0 3.5807618300246142
22 1 4.632573808831101
22 2 4.6251557278519995
22 3 3.110745443621328
22 4 3.3687092289631453
22 5 3.0408571221192444
22 6 3.0921954879033287
22 7 4.0983182511110074
22 8 3.1162293021698377
22 9 3.0362151897434253
22 10 2.8199436911858324
22 11 2.8069275661349398
22 12 2.313525497203719
22 13 3.104959866338259
22 14 3.1426769805276775
22 15 2.8296441084502297
22 16 2.918926530823001
22 17 2.7340890334632375
22 18 1.6465285600026558
22 19 1.5534141172981777
22 20 1.61082189027868
22 21 0
22 22 1.7359404538800238
22 23 1.5617874502174458
22 24 1.4460898944980987
22 25 1.5929660886246015
22 26 1.7186202542930031
22 27 1.8444350632538973
22 28 2.49642826755375
22 29 2.186012330269357
23 0 3.1143189761684775
23 1 3.5789481890009793
23 2 4.31870714186762
23 3 4.333542648513453
23 4 3.704810093736806
23 5 3.516159683877389
23 6 3.794104760178855
23 7 3.655696526707954
23 8 2.696148120847225
23 9 4.381769848275875
23 10 4.609390647108689
23 11 3.009675456238556
23 12 3.2034226218126864
23 13 3.8582983289190094
23 14 3.281476285737134
23 15 3.023007696179741
23 16 2.550055264646116
23 17 2.224455101012214
23 18 2.4717611980542853
23 19 1.6049724946844988
23 20 1.9272000671623064
23 21 1.3709266313024067
23 22 1.5617874502174458
23 23 2.0160080884168625
23 24 1.743065659445418
23 25 1.3809797924934206
23 26 1.5821634627003827
23 27 1.888371105772801
23 28 1.9930898549075053
23 29 2.1818367544749524
24 0 4.486326423812897
24 1 3.1527923816430348
24 2 5.153796353712613
24 3 4.731888701521768
24 4 3.8884832010894437
24 5 3.5317907945900138
24 6 3.6163346359014854
24 7 3.4966537947730667
24 8 3.477375023279349
24 9 3.0302684151907457
24 10 4.500107465236193
24 11 2.901777861479263
24 12 2.4756477705486506
24 13 3.4406227939439624
24 14 3.625676331457727
24 15 3.228721764582518
24 16 3.143163322277018
24 17 2.0225742800498323
24 18 2.5929379277942077
24 19 2.035211378936443
24 20 1.7394603193137066
24 21 2.974881009618819
24 22 1.4460898944980987
24 23 1.743065659445418
24 24 1.2349852824882028
24 25 0
24 26 1.3289750739873742
24 27 1.4806958277137439
24 28 1.711768151917766
24 29 2.6284387804701095
25 0 3.7118618420697045
25 1 3.7569041149463898
25 2 3.206694182409587
25 3 4.380146466641859
25 4 3.7772557774832856
25 5 4.004752827539014
25 6 3.7752895604043117
25 7 3.7800845027645518
25 8 3.4966646991863515
25 9 3.8867368929407955
25 10 3.217509037069196
25 11 4.476654248863488
25 12 2.8142347689661267
25 13 2.7878204210203563
25 14 2.7449255006145505
25 15 3.396410691073526
25 16 2.8285292749505597
25 17 2.554017497676116
25 18 2.652973503844834
25 19 2.609294858700743
25 20 2.865637496916474
25 21 1.7200333205941483
25 22 1.5929660886246015
25 23 1.3809797924934206
25 24 0
25 25 0
25 26 0.9535539189562434
25 27 1.735425826315136
25 28 2.3279419333924922
25 29 2.4666739799190776
26 0 4.466673257774898
26 1 3.506611629378526
26 2 2.6201475701399266
26 3 4.368238239311072
26 4 4.03238096001509
26 5 3.5802180177257745
26 6 3.20178465095162
26 7 3.8021936733443233
26 8 3.3559409059230854
26 9 4.2364843076975855
26 10 4.45023098017424
26 11 2.9814069683185185
26 12 3.3126282691221616
26 13 3.2502649552638254
26 14 3.250013992891031
26 15 3.038692106129348
26 16 3.1604255750958106
26 17 2.3190692563502737
26 18 2.3244314920286837
26 19 3.2424541649496748
26 20 2.1085044810603795
26 21 2.4765285009236475
26 22 1.7186202542930031
26 23 1.5821634627003827
26 24 1.3289750739873742
26 25 0.9535539189562434
26 26 1.1189280521173586
26 27 1.6838933354515324
26 28 1.8919628803074353
26 29 2.4164319728589523
27 0 4.620133954134807
27 1 3.10691906318206
27 2 3.1374255225677765
27 3 3.6022318951009082
27 4 3.5211654248441127
27 5 3.670979895852667
27 6 4.0801538095060135
27 7 3.506000247704911
27 8 3.0007054687458843
27 9 3.554297221263769
27 10 3.372391976611643
27 11 3.632271579283105
27 12 3.0112619988667677
27 13 3.138643983205541
27 14 3.741121428860293
27 15 3.3305221284889717
27 16 3.0468298584149713
27 17 2.9562056739861635
27 18 2.4135499708164563
27 19 2.6040801916295195
27 20 2.170118183160001
27 21 2.2377400087676333
27 22 1.8444350632538973
27 23 1.888371105772801
27 24 1.4806958277137439
27 25 1.735425826315136
27 26 1.6838933354515324
27 27 1.967455512810336
27 28 2.166022362527418
27 29 2.4572189347077478
28 0 4.3093599886978575
28 1 3.9200366257876222
28 2 4.199220719498654
28 3 3.818401160581063
28 4 3.5768733784800757
28 5 3.94558293900434
28 6 3.1981891612447644
28 7 4.503016661017581
28 8 3.979148990614854
28 9 3.8461208931724866
28 10 3.1470486014773087
28 11 3.0350832730130977
28 12 3.1026758079088825
28 13 3.2748330931653964
28 14 3.242580809515817
28 15 3.493030743936528
28 16 3.1745969095736988
28 17 3.531415490581772
28 18 2.610739687980479
28 19 2.228543574353624
28 20 3.0309822065103353
28 21 2.172694889635151
28 22 2.49642826755375
28 23 1.9930898549075053
28 24 1.711768151917766
28 25 2.3279419333924922
28 26 1.8919628803074353
28 27 2.166022362527418
28 28 2.0742186972582233
28 29 2.511682497482738
29 0 4.3246771479527695
29 1 4.301933949080138
29 2 3.3754737854728725
29 3 3.2359473433277484
29 4 3.473705009983185
29 5 3.986159946040797
29 6 3.7045310484316647
29 7 3.5268680349131967
29 8 3.9630057786494777
29 9 3.6445428559550512
29 10 3.374104000431251
29 11 3.3516693631060734
29 12 3.073363410698017
29 13 2.910115074802196
29 14 3.2806486813035525
29 15 3.556457031694263
29 16 3.1887823854433672
29 17 3.4192759569079296
29 18 2.3783083890318744
29 19 2.49755516781698
29 20 2.2347882514937627
29 21 2.6658766597138155
29 22 2.186012330269357
29 23 2.1818367544749524
29 24 2.6284387804701095
29 25 2.4666739799190776
29 26 2.4164319728589523
29 27 2.4572189347077478
29 28 2.511682497482738
29 29 2.96605812830477
