0 0 31.60681502207962
0 1 30.537176362825367
0 2 32.82522597364048
0 3 30.948027004209017
0 4 32.7736368705778
0 5 33.27488634496084
0 6 33.21480699380333
0 7 34.23113362214141
0 8 33.74367660532506
0 9 30.96002904952314
0 10 31.680027402362697
0 11 30.10417793723135
0 12 33.62771627659423
0 13 34.47504805017185
0 14 33.07651270392604
0 15 34.81841942506801
0 16 29.605584387704823
0 17 29.216808169219043
0 18 31.618832990558875
0 19 33.22261028625121
0 20 29.960899304587922
0 21 32.108528885362446
0 22 32.174840755084624
0 23 32.67237632483337
0 24 32.11004560925882
0 25 32.95048120269186
0 26 29.231940477096952
0 27 32.11665933165555
0 28 29.60095720794532
0 29 30.713703374422288
1 0 30.537176362825367
1 1 32.10815649694665
1 2 33.68062719890081
1 3 30.50692573577512
1 4 34.163643538021425
1 5 30.365681426401753
1 6 31.005202193021752
1 7 29.43851382135873
1 8 34.41852996319685
1 9 34.636746379630644
1 10 32.57436097815277
1 11 32.86371804363779
1 12 33.11303496502638
1 13 29.826707646971535
1 14 33.21539856179835
1 15 32.01243461817831
1 16 31.92447634786609
1 17 34.89568451724409
1 18 34.40802975192113
1 19 31.140826740736472
1 20 31.114390832493946
1 21 32.14932383198375
1 22 32.90926868351199
1 23 31.54807414099583
1 24 29.95152762560883
1 25 30.76571945917615
1 26 32.39656679529064
1 27 28.13226120756017
1 28 31.409242475093333
1 29 30.02823017148289
2 0 32.82522597364048
2 1 33.68062719890081
2 2 32.20038379624557
2 3 33.302326016467845
2 4 31.876446429833745
2 5 30.94078047242236
2 6 32.806522742640894
2 7 32.82064439830744
2 8 31.403832623451816
2 9 34.81619169697041
2 10 29.738607010757097
2 11 32.73546827384898
2 12 31.152176446034485
2 13 31.897224206655913
2 14 31.044400717893456
2 15 31.662000097410694
2 16 33.64991490675223
2 17 32.674933222222855
2 18 32.276417124189436
2 19 34.24240326032107
2 20 31.517234879869477
2 21 31.039612265940914
2 22 34.84648719437175
2 23 31.11479791444489
2 24 31.206320316492874
2 25 32.610730740465655
2 26 27.441293163610585
2 27 29.724278000038844
2 28 32.13530470609506
2 29 30.0876068177014
3 0 30.948027004209017
3 1 30.50692573577512
3 2 33.302326016467845
3 3 31.634784139478423
3 4 34.23952731640065
3 5 35.10343011401802
3 6 36.88037607813871
3 7 32.58051820615772
3 8 32.94496374779086
3 9 32.376003815943534
3 10 34.05692718076322
3 11 31.44651321058253
3 12 33.171759153583615
3 13 34.63620765534917
3 14 32.836576814674075
3 15 33.18619534512563
3 16 31.66373031356063
3 17 33.06676795618946
3 18 28.97041716149345
3 19 32.44743255665719
3 20 34.215771481142234
3 21 32.87565401067109
3 22 32.03009730248464
3 23 34.33142825139132
3 24 31.635337395116302
3 25 32.9887602459084
3 26 30.378356424714642
3 27 32.852024213725784
3 28 30.448457530495546
3 29 31.835168040940836
4 0 32.7736368705778
4 1 34.163643538021425
4 2 31.876446429833745
4 3 34.23952731640065
4 4 33.256936663389375
4 5 33.40543310160217
4 6 31.519530036226193
4 7 33.63253250952763
4 8 33.32806516889597
4 9 32.710243846337534
4 10 35.1432642866316
4 11 30.37547490763039
4 12 31.98963320859488
4 13 32.54834043997148
4 14 32.23274947325063
4 15 35.37714856693359
4 16 32.04911757885473
4 17 32.04177471088669
4 18 32.812454749918864
4 19 31.559177901372966
4 20 32.50304096930621
4 21 32.48827157982788
4 22 31.273879234897272
4 23 30.824019979890227
4 24 31.377489579321967
4 25 31.375119021847848
4 26 32.44262218838835
4 27 29.215707463682993
4 28 29.67296459559439
4 29 30.076650127882832
5 0 33.27488634496084
5 1 30.365681426401753
5 2 30.94078047242236
5 3 35.10343011401802
5 4 33.40543310160217
5 5 29.70283221970046
5 6 32.91272090270394
5 7 30.85333294229921
5 8 33.786129194955144
5 9 32.20646174336371
5 10 32.95250142790375
5 11 31.088283129297874
5 12 33.80633019368924
5 13 34.32893240359891
5 14 32.1415513108311
5 15 32.2523879947896
5 16 30.975256868706033
5 17 34.2857660667535
5 18 32.541510308217646
5 19 28.420433984983998
5 20 33.344306306089834
5 21 29.52714848899993
5 22 31.636897743427802
5 23 32.21585531184513
5 24 31.388049603718443
5 25 32.59417977258476
5 26 30.201277048824917
5 27 30.318956685292253
5 28 31.099744743840628
5 29 32.13712371004912
6 0 33.21480699380333
6 1 31.005202193021752
6 2 32.806522742640894
6 3 36.88037607813871
6 4 31.519530036226193
6 5 32.91272090270394
6 6 28.729778552217606
6 7 32.41613090083817
6 8 33.603027768372804
6 9 35.04224345137618
6 10 32.64172451054621
6 11 35.87491244224396
6 12 34.97517001055357
6 13 33.89153303408064
6 14 34.65775393476678
6 15 30.875505731817622
6 16 31.527620273530918
6 17 30.967834972309532
6 18 32.02427223187096
6 19 33.935228324106504
6 20 34.04921582601843
6 21 35.064534518628975
6 22 31.950534867354644
6 23 33.160432805263135
6 24 30.97404450949877
6 25 32.04867234227687
6 26 30.78768714362426
6 27 31.434158778936933
6 28 30.922778122283145
6 29 31.14627000181964
7 0 34.23113362214141
7 1 29.43851382135873
7 2 32.82064439830744
7 3 32.58051820615772
7 4 33.63253250952763
7 5 30.85333294229921
7 6 32.41613090083817
7 7 37.8312628936074
7 8 32.5334195034726
7 9 36.336281952921084
7 10 34.4952823763511
7 11 31.92329437596856
7 12 36.052954349731955
7 13 33.768035599558225
7 14 34.822732698157886
7 15 32.19020067346329
7 16 35.226477608536754
7 17 34.36984727925284
7 18 32.7994882888834
7 19 32.303261495103754
7 20 31.93273672635146
7 21 32.860008757855994
7 22 32.47495264660718
7 23 31.638235272933347
7 24 33.023476965078316
7 25 31.909361973787252
7 26 32.63620137431853
7 27 28.907129970266077
7 28 35.018808638239044
7 29 31.214761154837177
8 0 33.74367660532506
8 1 34.41852996319685
8 2 31.403832623451816
8 3 32.94496374779086
8 4 33.32806516889597
8 5 33.786129194955144
8 6 33.603027768372804
8 7 32.5334195034726
8 8 33.951679297529616
8 9 34.912215604517314
8 10 38.167244788761984
8 11 31.8139211222615
8 12 34.34683335992836
8 13 31.089394027146927
8 14 34.1857112079451
8 15 31.755152915166303
8 16 33.00954452908455
8 17 30.986324372066008
8 18 32.040314429351604
8 19 33.85176833908841
8 20 32.92284259459047
8 21 30.73429074549025
8 22 30.67483815878913
8 23 30.10338094480465
8 24 30.573356640317446
8 25 32.869504149022255
8 26 30.28646225307378
8 27 29.507642493788868
8 28 31.395506578515928
8 29 29.66186373713569
9 0 30.96002904952314
9 1 34.636746379630644
9 2 34.81619169697041
9 3 32.376003815943534
9 4 32.710243846337534
9 5 32.20646174336371
9 6 35.04224345137618
9 7 36.336281952921084
9 8 34.912215604517314
9 9 34.546721922834585
9 10 33.25187143617746
9 11 33.27462798932091
9 12 36.26620461059163
9 13 32.228600574287626
9 14 30.276212085997553
9 15 33.45850101377961
9 16 32.47163471487202
9 17 31.85169821106906
9 18 30.925759442410413
9 19 31.800418591667178
9 20 32.663063482770646
9 21 33.78353851673647
9 22 30.31399275239146
9 23 33.29535598570679
9 24 32.6922672450293
9 25 33.900265524697346
9 26 32.65944266297775
9 27 34.458177728589504
9 28 31.648563787248918
9 29 32.03162233261533
10 0 31.680027402362697
10 1 32.57436097815277
10 2 29.738607010757097
10 3 34.05692718076322
10 4 35.1432642866316
10 5 32.95250142790375
10 6 32.64172451054621
10 7 34.4952823763511
10 8 38.167244788761984
10 9 33.25187143617746
10 10 13.548610729503022
10 11 33.91282253573698
10 12 34.20020377674722
10 13 33.676096631487454
10 14 35.27585012628214
10 15 34.71185920503867
10 16 34.33499648972252
10 17 33.524808172651134
10 18 35.40211426314479
10 19 32.62860113891177
10 20 31.81723276920193
10 21 31.918707179855435
10 22 31.618618637421143
10 23 35.10497895877834
10 24 32.75973682340385
10 25 29.27370267912216
10 26 33.32938946853899
10 27 30.623115475636478
10 28 30.735253863448882
10 29 30.202242567064214
11 0 30.10417793723135
11 1 32.86371804363779
11 2 32.73546827384898
11 3 31.44651321058253
11 4 30.37547490763039
11 5 31.088283129297874
11 6 35.87491244224396
11 7 31.92329437596856
11 8 31.8139211222615
11 9 33.27462798932091
11 10 33.91282253573698
11 11 30.983563734307623
11 12 33.82335185214792
11 13 34.02304791418464
11 14 35.014055341605314
11 15 31.59496240181036
11 16 32.86926152973263
11 17 29.854585282588605
11 18 32.54084434869182
11 19 33.3290415839512
11 20 32.87972836043362
11 21 32.37146987951242
11 22 29.768964606534666
11 23 29.231803844756882
11 24 31.794536568407707
11 25 34.767083046674955
11 26 29.740454696313122
11 27 33.23883335073989
11 28 31.405956682888522
11 29 31.42932486315164
12 0 33.62771627659423
12 1 33.11303496502638
12 2 31.152176446034485
12 3 33.171759153583615
12 4 31.98963320859488
12 5 33.80633019368924
12 6 34.97517001055357
12 7 36.052954349731955
12 8 34.34683335992836
12 9 36.26620461059163
12 10 34.20020377674722
12 11 33.82335185214792
12 12 33.39730076834599
12 13 32.61659983854503
12 14 35.33969598868512
12 15 29.71652678318115
12 16 32.08238342165559
12 17 33.78546309561365
12 18 34.917524106123494
12 19 32.46824904618675
12 20 30.37823076893976
12 21 31.37552325047871
12 22 32.09401328035797
12 23 31.85625829469283
12 24 29.796189238389115
12 25 30.311196325962776
12 26 33.50985017501471
12 27 28.93580495462779
12 28 31.41754492825105
12 29 31.168423382834813
13 0 34.47504805017185
13 1 29.826707646971535
13 2 31.897224206655913
13 3 34.63620765534917
13 4 32.54834043997148
13 5 34.32893240359891
13 6 33.89153303408064
13 7 33.768035599558225
13 8 31.089394027146927
13 9 32.228600574287626
13 10 33.676096631487454
13 11 34.02304791418464
13 12 32.61659983854503
13 13 32.79114810470192
13 14 32.072752630776954
13 15 34.34348212351513
13 16 32.77190623955616
13 17 32.4065359514241
13 18 35.5646107179143
13 19 34.17179246806442
13 20 34.69215731468563
13 21 32.66934020736685
13 22 31.600988916211218
13 23 33.812886868570786
13 24 34.51771928078583
13 25 30.674874854782715
13 26 32.463145994775495
13 27 32.91005341613577
13 28 31.966861202104937
13 29 31.829249795334686
14 0 33.07651270392604
14 1 33.21539856179835
14 2 31.044400717893456
14 3 32.836576814674075
14 4 32.23274947325063
14 5 32.1415513108311
14 6 34.65775393476678
14 7 34.822732698157886
14 8 34.1857112079451
14 9 30.276212085997553
14 10 35.27585012628214
14 11 35.014055341605314
14 12 35.33969598868512
14 13 32.072752630776954
14 14 32.217884986528894
14 15 31.697973473965313
14 16 34.20298883374308
14 17 35.25014294164612
14 18 36.668222665791845
14 19 34.40365337842555
14 20 34.113480383343315
14 21 32.78439266964037
14 22 32.606989108007696
14 23 34.57245326924715
14 24 32.068093763949086
14 25 32.86769331142366
14 26 32.668167863236654
14 27 33.363443562295075
14 28 31.809413885049405
14 29 32.59566479941733
15 0 34.81841942506801
15 1 32.01243461817831
15 2 31.662000097410694
15 3 33.18619534512563
15 4 35.37714856693359
15 5 32.2523879947896
15 6 30.875505731817622
15 7 32.19020067346329
15 8 31.755152915166303
15 9 33.45850101377961
15 10 34.71185920503867
15 11 31.59496240181036
15 12 29.71652678318115
15 13 34.34348212351513
15 14 31.697973473965313
15 15 32.29390718973057
15 16 30.657477275524666
15 17 33.52356176896848
15 18 32.0729033563006
15 19 32.251237585235536
15 20 32.40523647018791
15 21 33.738879513902845
15 22 31.40231788278483
15 23 36.03682842690979
15 24 33.808223385416944
15 25 30.828958580513543
15 26 32.15132292936859
15 27 32.075286574302794
15 28 32.20308168676025
15 29 32.60013590170294
16 0 29.605584387704823
16 1 31.92447634786609
16 2 33.64991490675223
16 3 31.66373031356063
16 4 32.04911757885473
16 5 30.975256868706033
16 6 31.527620273530918
16 7 35.226477608536754
16 8 33.00954452908455
16 9 32.47163471487202
16 10 34.33499648972252
16 11 32.86926152973263
16 12 32.08238342165559
16 13 32.77190623955616
16 14 34.20298883374308
16 15 30.657477275524666
16 16 33.18965413925753
16 17 33.07090641200844
16 18 32.28236602943161
16 19 31.191560216980292
16 20 30.25832964144132
16 21 32.08858773072362
16 22 34.88530817404655
16 23 33.23478619637685
16 24 31.08136868832289
16 25 31.68680383899598
16 26 30.58070883175094
16 27 31.15128518996617
16 28 31.184714393491912
16 29 32.34770267464727
17 0 29.216808169219043
17 1 34.89568451724409
17 2 32.674933222222855
17 3 33.06676795618946
17 4 32.04177471088669
17 5 34.2857660667535
17 6 30.967834972309532
17 7 34.36984727925284
17 8 30.986324372066008
17 9 31.85169821106906
17 10 33.524808172651134
17 11 29.854585282588605
17 12 33.78546309561365
17 13 32.4065359514241
17 14 35.25014294164612
17 15 33.52356176896848
17 16 33.07090641200844
17 17 33.23014484883158
17 18 32.96523332850949
17 19 33.689680874107076
17 20 33.04553191984285
17 21 33.85472449384682
17 22 35.28230795126411
17 23 30.216504296353747
17 24 31.4467142965072
17 25 30.675746548907746
17 26 30.450780722759152
17 27 31.51502519416924
17 28 32.54890686581104
17 29 30.784366094529442
18 0 31.618832990558875
18 1 34.40802975192113
18 2 32.276417124189436
18 3 28.97041716149345
18 4 32.812454749918864
18 5 32.541510308217646
18 6 32.02427223187096
18 7 32.7994882888834
18 8 32.040314429351604
18 9 30.925759442410413
18 10 35.40211426314479
18 11 32.54084434869182
18 12 34.917524106123494
18 13 35.5646107179143
18 14 36.668222665791845
18 15 32.0729033563006
18 16 32.28236602943161
18 17 32.96523332850949
18 18 34.2897464539641
18 19 32.70673459412619
18 20 32.64005042318841
18 21 34.419408516827005
18 22 33.554518864896224
18 23 32.59635079934089
18 24 33.465178860630616
18 25 34.139397486268315
18 26 31.6622805095115
18 27 29.78652023352703
18 28 30.180327492864013
18 29 29.482296286787786
19 0 33.22261028625121
19 1 31.140826740736472
19 2 34.24240326032107
19 3 32.44743255665719
19 4 31.559177901372966
19 5 28.420433984983998
19 6 33.935228324106504
19 7 32.303261495103754
19 8 33.85176833908841
19 9 31.800418591667178
19 10 32.62860113891177
19 11 33.3290415839512
19 12 32.46824904618675
19 13 34.17179246806442
19 14 34.40365337842555
19 15 32.251237585235536
19 16 31.191560216980292
19 17 33.689680874107076
19 18 32.70673459412619
19 19 32.17360459104486
19 20 31.583101739374648
19 21 34.57076611662068
19 22 32.48347430915112
19 23 29.90729233997456
19 24 31.80211071142299
19 25 32.148745210943915
19 26 34.02637333408131
19 27 30.979574693523595
19 28 30.256849799963007
19 29 28.406139266509832
20 0 29.960899304587922
20 1 31.114390832493946
20 2 31.517234879869477
20 3 34.215771481142234
20 4 32.50304096930621
20 5 33.344306306089834
20 6 34.04921582601843
20 7 31.93273672635146
20 8 32.92284259459047
20 9 32.663063482770646
20 10 31.81723276920193
20 11 32.87972836043362
20 12 30.37823076893976
20 13 34.69215731468563
20 14 34.113480383343315
20 15 32.40523647018791
20 16 30.25832964144132
20 17 33.04553191984285
20 18 32.64005042318841
20 19 31.583101739374648
20 20 17.764927646315662
20 21 32.72441280136809
20 22 33.345039129972676
20 23 32.783308864249165
20 24 31.496400843540368
20 25 33.66075654914571
20 26 31.908548853143422
20 27 31.037632317327713
20 28 31.297271344945287
20 29 32.46945160312111
21 0 32.108528885362446
21 1 32.14932383198375
21 2 31.039612265940914
21 3 32.87565401067109
21 4 32.48827157982788
21 5 29.52714848899993
21 6 35.064534518628975
21 7 32.860008757855994
21 8 30.73429074549025
21 9 33.78353851673647
21 10 31.918707179855435
21 11 32.37146987951242
21 12 31.37552325047871
21 13 32.66934020736685
21 14 32.78439266964037
21 15 33.738879513902845
21 16 32.08858773072362
21 17 33.85472449384682
21 18 34.419408516827005
21 19 34.57076611662068
21 20 32.72441280136809
21 21 34.610461262178774
21 22 30.794156471629105
21 23 30.544392099383504
21 24 33.57739396947859
21 25 30.64448553880169
21 26 34.954170222981276
21 27 29.79166648264077
21 28 31.897151234704747
21 29 30.444704457861953
22 0 32.174840755084624
22 1 32.90926868351199
22 2 34.84648719437175
22 3 32.03009730248464
22 4 31.273879234897272
22 5 31.636897743427802
22 6 31.950534867354644
22 7 32.47495264660718
22 8 30.67483815878913
22 9 30.31399275239146
22 10 31.618618637421143
22 11 29.768964606534666
22 12 32.09401328035797
22 13 31.600988916211218
22 14 32.606989108007696
22 15 31.40231788278483
22 16 34.88530817404655
22 17 35.28230795126411
22 18 33.554518864896224
22 19 32.48347430915112
22 20 33.345039129972676
22 21 30.794156471629105
22 22 32.48670887888375
22 23 29.65828337895554
22 24 30.208782539344146
22 25 28.99914480698477
22 26 30.276776368892325
22 27 33.39209952092146
22 28 29.815998389864575
22 29 27.012010857339337
23 0 32.67237632483337
23 1 31.54807414099583
23 2 31.11479791444489
23 3 34.33142825139132
23 4 30.824019979890227
23 5 32.21585531184513
23 6 33.160432805263135
23 7 31.638235272933347
23 8 30.10338094480465
23 9 33.29535598570679
23 10 35.10497895877834
23 11 29.231803844756882
23 12 31.85625829469283
23 13 33.812886868570786
23 14 34.57245326924715
23 15 36.03682842690979
23 16 33.23478619637685
23 17 30.216504296353747
23 18 32.59635079934089
23 19 29.90729233997456
23 20 32.783308864249165
23 21 30.544392099383504
23 22 29.65828337895554
23 23 33.37494871829444
23 24 31.95038189390933
23 25 29.2410447604577
23 26 30.926051889590376
23 27 32.242435275951145
23 28 31.731308235486104
23 29 27.389106959657713
24 0 32.11004560925882
24 1 29.95152762560883
24 2 31.206320316492874
24 3 31.635337395116302
24 4 31.377489579321967
24 5 31.388049603718443
24 6 30.97404450949877
24 7 33.023476965078316
24 8 30.573356640317446
24 9 32.6922672450293
24 10 32.75973682340385
24 11 31.794536568407707
24 12 29.796189238389115
24 13 34.51771928078583
24 14 32.068093763949086
24 15 33.808223385416944
24 16 31.08136868832289
24 17 31.4467142965072
24 18 33.465178860630616
24 19 31.80211071142299
24 20 31.496400843540368
24 21 33.57739396947859
24 22 30.208782539344146
24 23 31.95038189390933
24 24 30.181891480493086
24 25 25.3146878145149
24 26 27.778711310820267
24 27 27.881281436472527
24 28 28.559327736910067
24 29 30.14058417341711
25 0 32.95048120269186
25 1 30.76571945917615
25 2 32.610730740465655
25 3 32.9887602459084
25 4 31.375119021847848
25 5 32.59417977258476
25 6 32.04867234227687
25 7 31.909361973787252
25 8 32.869504149022255
25 9 33.900265524697346
25 10 29.27370267912216
25 11 34.767083046674955
25 12 30.311196325962776
25 13 30.674874854782715
25 14 32.86769331142366
25 15 30.828958580513543
25 16 31.68680383899598
25 17 30.675746548907746
25 18 34.139397486268315
25 19 32.148745210943915
25 20 33.66075654914571
25 21 30.64448553880169
25 22 28.99914480698477
25 23 29.2410447604577
25 24 25.3146878145149
25 25 11.685625213717856
25 26 26.78821242091028
25 27 28.539088683574324
25 28 30.072145423152268
25 29 30.916220693388542
26 0 29.231940477096952
26 1 32.39656679529064
26 2 27.441293163610585
26 3 30.378356424714642
26 4 32.44262218838835
26 5 30.201277048824917
26 6 30.78768714362426
26 7 32.63620137431853
26 8 30.28646225307378
26 9 32.65944266297775
26 10 33.32938946853899
26 11 29.740454696313122
26 12 33.50985017501471
26 13 32.463145994775495
26 14 32.668167863236654
26 15 32.15132292936859
26 16 30.58070883175094
26 17 30.450780722759152
26 18 31.6622805095115
26 19 34.02637333408131
26 20 31.908548853143422
26 21 34.954170222981276
26 22 30.276776368892325
26 23 30.926051889590376
26 24 27.778711310820267
26 25 26.78821242091028
26 26 28.4406572540149
26 27 30.63444992433609
26 28 30.21963058990485
26 29 30.160492517878463
27 0 32.11665933165555
27 1 28.13226120756017
27 2 29.724278000038844
27 3 32.852024213725784
27 4 29.215707463682993
27 5 30.318956685292253
27 6 31.434158778936933
27 7 28.907129970266077
27 8 29.507642493788868
27 9 34.458177728589504
27 10 30.623115475636478
27 11 33.23883335073989
27 12 28.93580495462779
27 13 32.91005341613577
27 14 33.363443562295075
27 15 32.075286574302794
27 16 31.15128518996617
27 17 31.51502519416924
27 18 29.78652023352703
27 19 30.979574693523595
27 20 31.037632317327713
27 21 29.79166648264077
27 22 33.39209952092146
27 23 32.242435275951145
27 24 27.881281436472527
27 25 28.539088683574324
27 26 30.63444992433609
27 27 27.678276456835636
27 28 30.405726378822077
27 29 30.86403021795545
28 0 29.60095720794532
28 1 31.409242475093333
28 2 32.13530470609506
28 3 30.448457530495546
28 4 29.67296459559439
28 5 31.099744743840628
28 6 30.922778122283145
28 7 35.018808638239044
28 8 31.395506578515928
28 9 31.648563787248918
28 10 30.735253863448882
28 11 31.405956682888522
28 12 31.41754492825105
28 13 31.966861202104937
28 14 31.809413885049405
28 15 32.20308168676025
28 16 31.184714393491912
28 17 32.54890686581104
28 18 30.180327492864013
28 19 30.256849799963007
28 20 31.297271344945287
28 21 31.897151234704747
28 22 29.815998389864575
28 23 31.731308235486104
28 24 28.559327736910067
28 25 30.072145423152268
28 26 30.21963058990485
28 27 30.405726378822077
28 28 28.64336465629202
28 29 30.18243862408189
29 0 30.713703374422288
29 1 30.02823017148289
29 2 30.0876068177014
29 3 31.835168040940836
29 4 30.076650127882832
29 5 32.13712371004912
29 6 31.14627000181964
29 7 31.214761154837177
29 8 29.66186373713569
29 9 32.03162233261533
29 10 30.202242567064214
29 11 31.42932486315164
29 12 31.168423382834813
29 13 31.829249795334686
29 14 32.59566479941733
29 15 32.60013590170294
29 16 32.34770267464727
29 17 30.784366094529442
29 18 29.482296286787786
29 19 28.406139266509832
29 20 32.46945160312111
29 21 30.444704457861953
29 22 27.012010857339337
29 23 27.389106959657713
29 24 30.14058417341711
29 25 30.916220693388542
29 26 30.160492517878463
29 27 30.86403021795545
29 28 30.18243862408189
29 29 29.77393382298291
