0 0 11.974183876804835
0 1 11.925385291712924
0 2 10.438352381871885
0 3 13.018153305606123
0 4 13.802826103985385
0 5 15.118900533061126
0 6 15.878614511099101
0 7 14.090465289017041
0 8 13.798743924338256
0 9 14.525303383218978
0 10 12.86468246977521
0 11 12.621137186235382
0 12 12.010222028033258
0 13 16.253737005718605
0 14 12.503017202030055
0 15 13.38476007123802
0 16 14.418313064699102
0 17 12.308639502966424
0 18 14.869009356828762
0 19 13.644644493469084
0 20 14.872884751793686
0 21 13.715493379355506
0 22 15.455455380614483
0 23 12.666515678519186
0 24 14.359946667508046
0 25 13.79099049006451
0 26 13.982365028825075
0 27 12.884296931271981
0 28 13.43503569918944
0 29 12.558116467582325
1 0 11.925385291712924
1 1 12.475325535222122
1 2 14.409141099876619
1 3 14.291602404758933
1 4 14.77494764667952
1 5 14.73732408097245
1 6 13.924359835173304
1 7 14.026037466307898
1 8 13.865684197864645
1 9 13.610516126137593
1 10 18.771909896949094
1 11 15.295924991084554
1 12 16.560208695095874
1 13 17.132294743561424
1 14 15.745338116818917
1 15 12.793465355363232
1 16 15.978560863213634
1 17 16.26488977979964
1 18 14.314557078451228
1 19 13.570566290631016
1 20 12.666516712030472
1 21 14.51959555105931
1 22 14.782421764991545
1 23 13.7336871403431
1 24 14.744533870209544
1 25 14.191588826925637
1 26 12.475682591947802
1 27 11.655156014671677
1 28 13.178376554795499
1 29 12.515968421632724
2 0 10.438352381871885
2 1 14.409141099876619
2 2 11.417553845916698
2 3 15.161458716363544
2 4 13.878052025572122
2 5 14.573717977042392
2 6 15.400870197204881
2 7 14.02573803549495
2 8 14.75018826608339
2 9 14.216984604584832
2 10 13.50435694968578
2 11 14.836032139287518
2 12 12.63393001588208
2 13 12.879605457094117
2 14 13.713250114397967
2 15 15.445071326592652
2 16 12.602936668392385
2 17 14.293810394259342
2 18 16.225697094046463
2 19 16.251398420745506
2 20 14.65795105169111
2 21 12.087538076753708
2 22 13.627678279037932
2 23 15.009200585849113
2 24 14.639194144486575
2 25 15.08175279584112
2 26 14.787306130997024
2 27 13.758050460514804
2 28 11.872735323087015
2 29 13.178376554795499
3 0 13.018153305606123
3 1 14.291602404758933
3 2 15.161458716363544
3 3 14.613815078647333
3 4 12.833806148284305
3 5 15.633633007054877
3 6 18.592621984046968
3 7 13.269201256916052
3 8 12.536026916000433
3 9 13.499383277901757
3 10 14.475583533310099
3 11 14.29078852243899
3 12 14.40548126122653
3 13 15.031284487650469
3 14 14.5143328540854
3 15 14.581223146068817
3 16 14.460946000808551
3 17 15.099445295084852
3 18 14.857749474518823
3 19 14.708081481064701
3 20 15.038164308461857
3 21 14.634266416339644
3 22 14.163952100186481
3 23 11.940000987263984
3 24 13.460686414352248
3 25 14.822683376619453
3 26 15.8610662113522
3 27 12.737106224875799
3 28 13.758050460514804
3 29 11.655156014671677
4 0 13.802826103985385
4 1 14.77494764667952
4 2 13.878052025572122
4 3 12.833806148284305
4 4 13.744981967384263
4 5 14.788643859341873
4 6 16.68605171588286
4 7 17.75538572497549
4 8 16.340696566215733
4 9 14.526011160317221
4 10 14.73730275808168
4 11 15.27795120618135
4 12 15.825356181492984
4 13 13.07094923206687
4 14 14.226089964689775
4 15 13.159032781789778
4 16 14.28802427572882
4 17 14.060520203997916
4 18 13.443164881962373
4 19 15.37420582720418
4 20 14.411352382839496
4 21 14.561384530575506
4 22 15.206577647423826
4 23 13.341375357892975
4 24 14.409170777403276
4 25 12.988899358895935
4 26 13.583822683925968
4 27 15.8610662113522
4 28 14.787306130997024
4 29 12.475682591947802
5 0 15.118900533061126
5 1 14.73732408097245
5 2 14.573717977042392
5 3 15.633633007054877
5 4 14.788643859341873
5 5 14.8870065684573
5 6 12.612163726429007
5 7 13.59055952840509
5 8 14.496390178224168
5 9 15.464720352740475
5 10 15.885602302858217
5 11 16.870879533306724
5 12 14.540087884322377
5 13 13.767751431052814
5 14 18.697214710297022
5 15 16.044053120944238
5 16 17.491342559435044
5 17 16.34218966463202
5 18 16.52634578270679
5 19 12.6236203718686
5 20 15.429060036884382
5 21 15.592856371898547
5 22 15.520852421439596
5 23 16.326139576067767
5 24 13.138370377672869
5 25 12.085912499912634
5 26 12.988899358895935
5 27 14.822683376619453
5 28 15.08175279584112
5 29 14.191588826925637
6 0 15.878614511099101
6 1 13.924359835173304
6 2 15.400870197204881
6 3 18.592621984046968
6 4 16.68605171588286
6 5 12.612163726429007
6 6 16.004485940576853
6 7 16.727915268239506
6 8 14.336462737414726
6 9 15.455660020171187
6 10 15.766161372848302
6 11 14.535691554525537
6 12 18.761280855234045
6 13 17.078352455239585
6 14 14.272419474879085
6 15 17.454156870052103
6 16 14.834960609306023
6 17 15.60307480434463
6 18 17.314153420368786
6 19 13.020593642744423
6 20 15.617725132786571
6 21 14.923049879305019
6 22 12.478632606331782
6 23 13.976356759665196
6 24 14.767536146597505
6 25 13.138370377672869
6 26 14.409170777403276
6 27 13.460686414352248
6 28 14.639194144486575
6 29 14.744533870209544
7 0 14.090465289017041
7 1 14.026037466307898
7 2 14.02573803549495
7 3 13.269201256916052
7 4 17.75538572497549
7 5 13.59055952840509
7 6 16.727915268239506
7 7 16.23955158813453
7 8 16.33942692710123
7 9 16.01601351122292
7 10 15.569111707696822
7 11 17.894263181699408
7 12 17.9864469959828
7 13 16.79467215691488
7 14 15.545255728646753
7 15 14.978066868982472
7 16 19.43613054543701
7 17 15.715262696969775
7 18 16.38646536585287
7 19 15.001114590567026
7 20 14.173434232655977
7 21 13.298213079602222
7 22 14.032559982725163
7 23 14.069499000128737
7 24 13.976356759665196
7 25 16.326139576067767
7 26 13.341375357892975
7 27 11.940000987263984
7 28 15.009200585849113
7 29 13.7336871403431
8 0 13.798743924338256
8 1 13.865684197864645
8 2 14.75018826608339
8 3 12.536026916000433
8 4 16.340696566215733
8 5 14.496390178224168
8 6 14.336462737414726
8 7 16.33942692710123
8 8 15.05033125706706
8 9 16.705676652846087
8 10 16.042735582140097
8 11 18.873270743087797
8 12 19.70621595002263
8 13 18.826826009647885
8 14 16.50900470920104
8 15 18.64720733327608
8 16 15.209703493725899
8 17 17.504215656390294
8 18 15.301691614009332
8 19 14.33222307760826
8 20 17.052745279247045
8 21 14.255431785932593
8 22 14.504945354699286
8 23 14.032559982725163
8 24 12.478632606331782
8 25 15.520852421439596
8 26 15.206577647423826
8 27 14.163952100186481
8 28 13.627678279037932
8 29 14.782421764991545
9 0 14.525303383218978
9 1 13.610516126137593
9 2 14.216984604584832
9 3 13.499383277901757
9 4 14.526011160317221
9 5 15.464720352740475
9 6 15.455660020171187
9 7 16.01601351122292
9 8 16.705676652846087
9 9 14.787846865705818
9 10 18.04805070395744
9 11 20.080461708428498
9 12 20.727336974615746
9 13 18.262771121452097
9 14 20.161876715157593
9 15 20.056406684549643
9 16 15.443133973713268
9 17 17.82021552873366
9 18 14.908020361561254
9 19 16.28348478376539
9 20 13.958414581211883
9 21 16.519509948273697
9 22 14.255431785932593
9 23 13.298213079602222
9 24 14.923049879305019
9 25 15.592856371898547
9 26 14.561384530575506
9 27 14.634266416339644
9 28 12.087538076753708
9 29 14.51959555105931
10 0 12.86468246977521
10 1 18.771909896949094
10 2 13.50435694968578
10 3 14.475583533310099
10 4 14.73730275808168
10 5 15.885602302858217
10 6 15.766161372848302
10 7 15.569111707696822
10 8 16.042735582140097
10 9 18.04805070395744
10 10 18.572786323963683
10 11 21.327698333645074
10 12 21.489409477484067
10 13 22.620768087975314
10 14 22.09422021572486
10 15 17.775555416301
10 16 18.602479593670267
10 17 15.250923068812197
10 18 16.272712391632204
10 19 16.656895296025578
10 20 18.44338153176699
10 21 13.958414581211883
10 22 17.052745279247045
10 23 14.173434232655977
10 24 15.617725132786571
10 25 15.429060036884382
10 26 14.411352382839496
10 27 15.038164308461857
10 28 14.65795105169111
10 29 12.666516712030472
11 0 12.621137186235382
11 1 15.295924991084554
11 2 14.836032139287518
11 3 14.29078852243899
11 4 15.27795120618135
11 5 16.870879533306724
11 6 14.535691554525537
11 7 17.894263181699408
11 8 18.873270743087797
11 9 20.080461708428498
11 10 21.327698333645074
11 11 24.2991975352528
11 12 24.99701030402047
11 13 23.15866941877117
11 14 21.606137668788026
11 15 20.625800103376545
11 16 17.63583181028252
11 17 22.299412603050225
11 18 16.669657045015132
11 19 18.262761307291782
11 20 16.656895296025578
11 21 16.28348478376539
11 22 14.33222307760826
11 23 15.001114590567026
11 24 13.020593642744423
11 25 12.6236203718686
11 26 15.37420582720418
11 27 14.708081481064701
11 28 16.251398420745506
11 29 13.570566290631016
12 0 12.010222028033258
12 1 16.560208695095874
12 2 12.63393001588208
12 3 14.40548126122653
12 4 15.825356181492984
12 5 14.540087884322377
12 6 18.761280855234045
12 7 17.9864469959828
12 8 19.70621595002263
12 9 20.727336974615746
12 10 21.489409477484067
12 11 24.99701030402047
12 12 7.499430768606517
12 13 26.365886629713128
12 14 21.54868298967158
12 15 19.221351649837505
12 16 19.82593563040848
12 17 17.13902883596929
12 18 17.92480875283707
12 19 16.669657045015132
12 20 16.272712391632204
12 21 14.908020361561254
12 22 15.301691614009332
12 23 16.38646536585287
12 24 17.314153420368786
12 25 16.52634578270679
12 26 13.443164881962373
12 27 14.857749474518823
12 28 16.225697094046463
12 29 14.314557078451228
13 0 16.253737005718605
13 1 17.132294743561424
13 2 12.879605457094117
13 3 15.031284487650469
13 4 13.07094923206687
13 5 13.767751431052814
13 6 17.078352455239585
13 7 16.79467215691488
13 8 18.826826009647885
13 9 18.262771121452097
13 10 22.620768087975314
13 11 23.15866941877117
13 12 26.365886629713128
13 13 19.98126743084247
13 14 21.55032030505735
13 15 21.606844168831365
13 16 19.89559059554063
13 17 18.35780032611189
13 18 17.13902883596929
13 19 22.299412603050225
13 20 15.250923068812197
13 21 17.82021552873366
13 22 17.504215656390294
13 23 15.715262696969775
13 24 15.60307480434463
13 25 16.34218966463202
13 26 14.060520203997916
13 27 15.099445295084852
13 28 14.293810394259342
13 29 16.26488977979964
14 0 12.503017202030055
14 1 15.745338116818917
14 2 13.713250114397967
14 3 14.5143328540854
14 4 14.226089964689775
14 5 18.697214710297022
14 6 14.272419474879085
14 7 15.545255728646753
14 8 16.50900470920104
14 9 20.161876715157593
14 10 22.09422021572486
14 11 21.606137668788026
14 12 21.54868298967158
14 13 21.55032030505735
14 14 21.164701141418572
14 15 21.72581533180821
14 16 20.839843749999996
14 17 19.89559059554063
14 18 19.82593563040848
14 19 17.63583181028252
14 20 18.602479593670267
14 21 15.443133973713268
14 22 15.209703493725899
14 23 19.43613054543701
14 24 14.834960609306023
14 25 17.491342559435044
14 26 14.28802427572882
14 27 14.460946000808551
14 28 12.602936668392385
14 29 15.978560863213634
15 0 13.38476007123802
15 1 12.793465355363232
15 2 15.445071326592652
15 3 14.581223146068817
15 4 13.159032781789778
15 5 16.044053120944238
15 6 17.454156870052103
15 7 14.978066868982472
15 8 18.64720733327608
15 9 20.056406684549643
15 10 17.775555416301
15 11 20.625800103376545
15 12 19.221351649837505
15 13 21.606844168831365
15 14 21.72581533180821
15 15 22.137618876615917
15 16 21.72581533180821
15 17 21.606844168831365
15 18 19.221351649837505
15 19 20.625800103376545
15 20 17.775555416301
15 21 20.056406684549643
15 22 18.64720733327608
15 23 14.978066868982472
15 24 17.454156870052103
15 25 16.044053120944238
15 26 13.159032781789778
15 27 14.581223146068817
15 28 15.445071326592652
15 29 12.793465355363232
16 0 14.418313064699102
16 1 15.978560863213634
16 2 12.602936668392385
16 3 14.460946000808551
16 4 14.28802427572882
16 5 17.491342559435044
16 6 14.834960609306023
16 7 19.43613054543701
16 8 15.209703493725899
16 9 15.443133973713268
16 10 18.602479593670267
16 11 17.63583181028252
16 12 19.82593563040848
16 13 19.89559059554063
16 14 20.839843749999996
16 15 21.72581533180821
16 16 21.164701141418572
16 17 21.55032030505735
16 18 21.54868298967158
16 19 21.606137668788026
16 20 22.09422021572486
16 21 20.161876715157593
16 22 16.50900470920104
16 23 15.545255728646753
16 24 14.272419474879085
16 25 18.697214710297022
16 26 14.226089964689775
16 27 14.5143328540854
16 28 13.713250114397967
16 29 15.745338116818917
17 0 12.308639502966424
17 1 16.26488977979964
17 2 14.293810394259342
17 3 15.099445295084852
17 4 14.060520203997916
17 5 16.34218966463202
17 6 15.60307480434463
17 7 15.715262696969775
17 8 17.504215656390294
17 9 17.82021552873366
17 10 15.250923068812197
17 11 22.299412603050225
17 12 17.13902883596929
17 13 18.35780032611189
17 14 19.89559059554063
17 15 21.606844168831365
17 16 21.55032030505735
17 17 19.98126743084247
17 18 26.365886629713128
17 19 23.15866941877117
17 20 22.620768087975314
17 21 18.262771121452097
17 22 18.826826009647885
17 23 16.79467215691488
17 24 17.078352455239585
17 25 13.767751431052814
17 26 13.07094923206687
17 27 15.031284487650469
17 28 12.879605457094117
17 29 17.132294743561424
18 0 14.869009356828762
18 1 14.314557078451228
18 2 16.225697094046463
18 3 14.857749474518823
18 4 13.443164881962373
18 5 16.52634578270679
18 6 17.314153420368786
18 7 16.38646536585287
18 8 15.301691614009332
18 9 14.908020361561254
18 10 16.272712391632204
18 11 16.669657045015132
18 12 17.92480875283707
18 13 17.13902883596929
18 14 19.82593563040848
18 15 19.221351649837505
18 16 21.54868298967158
18 17 26.365886629713128
18 18 7.499430768606517
18 19 24.99701030402047
18 20 21.489409477484067
18 21 20.727336974615746
18 22 19.70621595002263
18 23 17.9864469959828
18 24 18.761280855234045
18 25 14.540087884322377
18 26 15.825356181492984
18 27 14.40548126122653
18 28 12.63393001588208
18 29 16.560208695095874
19 0 13.644644493469084
19 1 13.570566290631016
19 2 16.251398420745506
19 3 14.708081481064701
19 4 15.37420582720418
19 5 12.6236203718686
19 6 13.020593642744423
19 7 15.001114590567026
19 8 14.33222307760826
19 9 16.28348478376539
19 10 16.656895296025578
19 11 18.262761307291782
19 12 16.669657045015132
19 13 22.299412603050225
19 14 17.63583181028252
19 15 20.625800103376545
19 16 21.606137668788026
19 17 23.15866941877117
19 18 24.99701030402047
19 19 24.2991975352528
19 20 21.327698333645074
19 21 20.080461708428498
19 22 18.873270743087797
19 23 17.894263181699408
19 24 14.535691554525537
19 25 16.870879533306724
19 26 15.27795120618135
19 27 14.29078852243899
19 28 14.836032139287518
19 29 15.295924991084554
20 0 14.872884751793686
20 1 12.666516712030472
20 2 14.65795105169111
20 3 15.038164308461857
20 4 14.411352382839496
20 5 15.429060036884382
20 6 15.617725132786571
20 7 14.173434232655977
20 8 17.052745279247045
20 9 13.958414581211883
20 10 18.44338153176699
20 11 16.656895296025578
20 12 16.272712391632204
20 13 15.250923068812197
20 14 18.602479593670267
20 15 17.775555416301
20 16 22.09422021572486
20 17 22.620768087975314
20 18 21.489409477484067
20 19 21.327698333645074
20 20 18.572786323963683
20 21 18.04805070395744
20 22 16.042735582140097
20 23 15.569111707696822
20 24 15.766161372848302
20 25 15.885602302858217
20 26 14.73730275808168
20 27 14.475583533310099
20 28 13.50435694968578
20 29 18.771909896949094
21 0 13.715493379355506
21 1 14.51959555105931
21 2 12.087538076753708
21 3 14.634266416339644
21 4 14.561384530575506
21 5 15.592856371898547
21 6 14.923049879305019
21 7 13.298213079602222
21 8 14.255431785932593
21 9 16.519509948273697
21 10 13.958414581211883
21 11 16.28348478376539
21 12 14.908020361561254
21 13 17.82021552873366
21 14 15.443133973713268
21 15 20.056406684549643
21 16 20.161876715157593
21 17 18.262771121452097
21 18 20.727336974615746
21 19 20.080461708428498
21 20 18.04805070395744
21 21 14.787846865705818
21 22 16.705676652846087
21 23 16.01601351122292
21 24 15.455660020171187
21 25 15.464720352740475
21 26 14.526011160317221
21 27 13.499383277901757
21 28 14.216984604584832
21 29 13.610516126137593
22 0 15.455455380614483
22 1 14.782421764991545
22 2 13.627678279037932
22 3 14.163952100186481
22 4 15.206577647423826
22 5 15.520852421439596
22 6 12.478632606331782
22 7 14.032559982725163
22 8 14.504945354699286
22 9 14.255431785932593
22 10 17.052745279247045
22 11 14.33222307760826
22 12 15.301691614009332
22 13 17.504215656390294
22 14 15.209703493725899
22 15 18.64720733327608
22 16 16.50900470920104
22 17 18.826826009647885
22 18 19.70621595002263
22 19 18.873270743087797
22 20 16.042735582140097
22 21 16.705676652846087
22 22 15.05033125706706
22 23 16.33942692710123
22 24 14.336462737414726
22 25 14.496390178224168
22 26 16.340696566215733
22 27 12.536026916000433
22 28 14.75018826608339
22 29 13.865684197864645
23 0 12.666515678519186
23 1 13.7336871403431
23 2 15.009200585849113
23 3 11.940000987263984
23 4 13.341375357892975
23 5 16.326139576067767
23 6 13.976356759665196
23 7 14.069499000128737
23 8 14.032559982725163
23 9 13.298213079602222
23 10 14.173434232655977
23 11 15.001114590567026
23 12 16.38646536585287
23 13 15.715262696969775
23 14 19.43613054543701
23 15 14.978066868982472
23 16 15.545255728646753
23 17 16.79467215691488
23 18 17.9864469959828
23 19 17.894263181699408
23 20 15.569111707696822
23 21 16.01601351122292
23 22 16.33942692710123
23 23 16.23955158813453
23 24 16.727915268239506
23 25 13.59055952840509
23 26 17.75538572497549
23 27 13.269201256916052
23 28 14.02573803549495
23 29 14.026037466307898
24 0 14.359946667508046
24 1 14.744533870209544
24 2 14.639194144486575
24 3 13.460686414352248
24 4 14.409170777403276
24 5 13.138370377672869
24 6 14.767536146597505
24 7 13.976356759665196
24 8 12.478632606331782
24 9 14.923049879305019
24 10 15.617725132786571
24 11 13.020593642744423
24 12 17.314153420368786
24 13 15.60307480434463
24 14 14.834960609306023
24 15 17.454156870052103
24 16 14.272419474879085
24 17 17.078352455239585
24 18 18.761280855234045
24 19 14.535691554525537
24 20 15.766161372848302
24 21 15.455660020171187
24 22 14.336462737414726
24 23 16.727915268239506
24 24 16.004485940576853
24 25 12.612163726429007
24 26 16.68605171588286
24 27 18.592621984046968
24 28 15.400870197204881
24 29 13.924359835173304
25 0 13.79099049006451
25 1 14.191588826925637
25 2 15.08175279584112
25 3 14.822683376619453
25 4 12.988899358895935
25 5 12.085912499912634
25 6 13.138370377672869
25 7 16.326139576067767
25 8 15.520852421439596
25 9 15.592856371898547
25 10 15.429060036884382
25 11 12.6236203718686
25 12 16.52634578270679
25 13 16.34218966463202
25 14 17.491342559435044
25 15 16.044053120944238
25 16 18.697214710297022
25 17 13.767751431052814
25 18 14.540087884322377
25 19 16.870879533306724
25 20 15.885602302858217
25 21 15.464720352740475
25 22 14.496390178224168
25 23 13.59055952840509
25 24 12.612163726429007
25 25 14.8870065684573
25 26 14.788643859341873
25 27 15.633633007054877
25 28 14.573717977042392
25 29 14.73732408097245
26 0 13.982365028825075
26 1 12.475682591947802
26 2 14.787306130997024
26 3 15.8610662113522
26 4 13.583822683925968
26 5 12.988899358895935
26 6 14.409170777403276
26 7 13.341375357892975
26 8 15.206577647423826
26 9 14.561384530575506
26 10 14.411352382839496
26 11 15.37420582720418
26 12 13.443164881962373
26 13 14.060520203997916
26 14 14.28802427572882
26 15 13.159032781789778
26 16 14.226089964689775
26 17 13.07094923206687
26 18 15.825356181492984
26 19 15.27795120618135
26 20 14.73730275808168
26 21 14.526011160317221
26 22 16.340696566215733
26 23 17.75538572497549
26 24 16.68605171588286
26 25 14.788643859341873
26 26 13.744981967384263
26 27 12.833806148284305
26 28 13.878052025572122
26 29 14.77494764667952
27 0 12.884296931271981
27 1 11.655156014671677
27 2 13.758050460514804
27 3 12.737106224875799
27 4 15.8610662113522
27 5 14.822683376619453
27 6 13.460686414352248
27 7 11.940000987263984
27 8 14.163952100186481
27 9 14.634266416339644
27 10 15.038164308461857
27 11 14.708081481064701
27 12 14.857749474518823
27 13 15.099445295084852
27 14 14.460946000808551
27 15 14.581223146068817
27 16 14.5143328540854
27 17 15.031284487650469
27 18 14.40548126122653
27 19 14.29078852243899
27 20 14.475583533310099
27 21 13.499383277901757
27 22 12.536026916000433
27 23 13.269201256916052
27 24 18.592621984046968
27 25 15.633633007054877
27 26 12.833806148284305
27 27 14.613815078647333
27 28 15.161458716363544
27 29 14.291602404758933
28 0 13.43503569918944
28 1 13.178376554795499
28 2 11.872735323087015
28 3 13.758050460514804
28 4 14.787306130997024
28 5 15.08175279584112
28 6 14.639194144486575
28 7 15.009200585849113
28 8 13.627678279037932
28 9 12.087538076753708
28 10 14.65795105169111
28 11 16.251398420745506
28 12 16.225697094046463
28 13 14.293810394259342
28 14 12.602936668392385
28 15 15.445071326592652
28 16 13.713250114397967
28 17 12.879605457094117
28 18 12.63393001588208
28 19 14.836032139287518
28 20 13.50435694968578
28 21 14.216984604584832
28 22 14.75018826608339
28 23 14.02573803549495
28 24 15.400870197204881
28 25 14.573717977042392
28 26 13.878052025572122
28 27 15.161458716363544
28 28 11.417553845916698
28 29 14.409141099876619
29 0 12.558116467582325
29 1 12.515968421632724
29 2 13.178376554795499
29 3 11.655156014671677
29 4 12.475682591947802
29 5 14.191588826925637
29 6 14.744533870209544
29 7 13.7336871403431
29 8 14.782421764991545
29 9 14.51959555105931
29 10 12.666516712030472
29 11 13.570566290631016
29 12 14.314557078451228
29 13 16.26488977979964
29 14 15.978560863213634
29 15 12.793465355363232
29 16 15.745338116818917
29 17 17.132294743561424
29 18 16.560208695095874
29 19 15.295924991084554
29 20 18.771909896949094
29 21 13.610516126137593
29 22 13.865684197864645
29 23 14.026037466307898
29 24 13.924359835173304
29 25 14.73732408097245
29 26 14.77494764667952
29 27 14.291602404758933
29 28 14.409141099876619
29 29 12.475325535222122
