0 0 13.364942065250103
0 1 13.674873007423466
0 2 14.169855928010234
0 3 14.45065248503544
0 4 13.673004541253272
0 5 14.5208185177936
0 6 13.472528775860217
0 7 13.608443521081611
0 8 13.284982820069587
0 9 12.779402217242257
0 10 15.44083691544803
0 11 13.988569233829637
0 12 12.557602870281285
0 13 15.094835376550233
0 14 14.055053065567668
0 15 15.854619909949937
0 16 14.894050626054758
0 17 12.403366528026574
0 18 16.046324580111005
0 19 14.015729097033526
0 20 13.073273681671782
0 21 15.151285855076413
0 22 13.43252230795654
0 23 13.737228661975214
0 24 13.03712670234278
0 25 11.50099924035578
0 26 11.791365237089558
0 27 11.890859013663084
0 28 12.25794845018347
0 29 11.61588906029117
1 0 13.674873007423466
1 1 12.00584252635748
1 2 16.592814113009428
1 3 14.666777107823647
1 4 16.075541917169815
1 5 14.739303748673493
1 6 13.665733931814994
1 7 15.364696189712312
1 8 13.79323111883155
1 9 14.075249474731818
1 10 14.250546632398358
1 11 14.04837927768333
1 12 15.920699860820339
1 13 15.698167994026145
1 14 13.397156991346803
1 15 14.010522945119995
1 16 15.411901413648266
1 17 14.270626599897453
1 18 13.346519074719865
1 19 14.016159740260147
1 20 14.28057975602181
1 21 16.766964276613237
1 22 13.993425683977266
1 23 15.455455380614483
1 24 14.257736384035573
1 25 12.456460412850095
1 26 12.147347991110843
1 27 12.695123196419972
1 28 13.507920671863983
1 29 12.635318700805064
2 0 14.169855928010234
2 1 16.592814113009428
2 2 14.070074702598898
2 3 13.844887956411979
2 4 13.981599376873325
2 5 15.16282055557595
2 6 14.96333247661134
2 7 15.516136557344128
2 8 16.941848535024853
2 9 12.929060700266655
2 10 12.617761277951326
2 11 13.228120212300135
2 12 13.691369956475167
2 13 15.022292937213857
2 14 15.948989273772055
2 15 12.582285428266879
2 16 14.9563297393393
2 17 13.85825136827346
2 18 14.24521429316178
2 19 15.388619775981708
2 20 14.772863350789613
2 21 12.4480683091349
2 22 14.51959555105931
2 23 15.907843414274748
2 24 16.504930944767473
2 25 14.363650286540286
2 26 11.868369771483675
2 27 12.574128356762863
2 28 12.114488369548285
2 29 13.507920671863983
3 0 14.45065248503544
3 1 14.666777107823647
3 2 13.844887956411979
3 3 13.225140462900745
3 4 15.826456186619017
3 5 16.01277830815537
3 6 15.673500400561636
3 7 15.513742211654796
3 8 15.207272851631572
3 9 13.705176716511367
3 10 14.399683666999668
3 11 14.675623904689155
3 12 15.674518726299569
3 13 13.742425601179436
3 14 16.113575104453684
3 15 14.810243394820187
3 16 14.576996243558257
3 17 15.272959809203389
3 18 12.64571197421121
3 19 11.84762452436148
3 20 17.685333680038443
3 21 14.65795105169111
3 22 12.944746887348998
3 23 15.44389652226486
3 24 12.09469306857693
3 25 15.48714201903701
3 26 15.862798359077837
3 27 13.44741395033538
3 28 12.574128356762863
3 29 12.695123196419972
4 0 13.673004541253272
4 1 16.075541917169815
4 2 13.981599376873325
4 3 15.826456186619017
4 4 16.982427491749775
4 5 12.176363581456693
4 6 14.83851161710223
4 7 13.023191540362028
4 8 13.971161726570939
4 9 14.23996271063265
4 10 12.769527789746693
4 11 15.535576527312896
4 12 15.76118969699818
4 13 14.20558226920681
4 14 15.464720352740475
4 15 13.038340887379821
4 16 16.35521313664066
4 17 15.986750379778547
4 18 15.428993303011337
4 19 13.904694245793351
4 20 14.708081481064701
4 21 15.057210761655208
4 22 16.276588945033108
4 23 13.613115972519271
4 24 14.160559037944564
4 25 12.968078179578807
4 26 13.614293308558157
4 27 15.862798359077837
4 28 11.868369771483675
4 29 12.147347991110843
5 0 14.5208185177936
5 1 14.739303748673493
5 2 15.16282055557595
5 3 16.01277830815537
5 4 12.176363581456693
5 5 16.498266123332776
5 6 13.324461135929663
5 7 15.010834438255438
5 8 16.802792970031728
5 9 16.67642361447802
5 10 16.248229027693444
5 11 17.53238571331103
5 12 17.65290638279238
5 13 16.188268027099653
5 14 16.419431608701146
5 15 14.646831589929214
5 16 13.31025797797857
5 17 14.646562955673001
5 18 13.769963544931965
5 19 13.443164881962373
5 20 15.458181969352653
5 21 15.322794874071645
5 22 14.666745382378146
5 23 17.426484129897926
5 24 14.070806282458669
5 25 13.156533550709677
5 26 12.968078179578807
5 27 15.48714201903701
5 28 14.363650286540286
5 29 12.456460412850095
6 0 13.472528775860217
6 1 13.665733931814994
6 2 14.96333247661134
6 3 15.673500400561636
6 4 14.83851161710223
6 5 13.324461135929663
6 6 16.0571395904446
6 7 14.314579964342203
6 8 16.598697002362194
6 9 16.345127602032296
6 10 15.27088987999594
6 11 14.318189297840302
6 12 16.317216715479187
6 13 14.528155866186113
6 14 16.63804540240549
6 15 16.632544742293625
6 16 15.654530174139943
6 17 15.351657643788128
6 18 16.34218966463202
6 19 14.93319580571967
6 20 14.612386543180346
6 21 12.950366918747502
6 22 14.4132871839801
6 23 14.45748702136997
6 24 14.759284094390862
6 25 14.070806282458669
6 26 14.160559037944564
6 27 12.09469306857693
6 28 16.504930944767473
6 29 14.257736384035573
7 0 13.608443521081611
7 1 15.364696189712312
7 2 15.516136557344128
7 3 15.513742211654796
7 4 13.023191540362028
7 5 15.010834438255438
7 6 14.314579964342203
7 7 16.568717678263408
7 8 17.377414759259615
7 9 17.76593320966787
7 10 16.64608093689686
7 11 17.114335789772237
7 12 17.29525965794847
7 13 14.852254509866581
7 14 16.788629339449344
7 15 15.819296263527987
7 16 15.434168743602537
7 17 14.834960609306023
7 18 18.100755315622056
7 19 14.59182700728153
7 20 14.821122688313132
7 21 14.484308900062711
7 22 14.452825668793414
7 23 13.661898303849734
7 24 14.45748702136997
7 25 17.426484129897926
7 26 13.613115972519271
7 27 15.44389652226486
7 28 15.907843414274748
7 29 15.455455380614483
8 0 13.284982820069587
8 1 13.79323111883155
8 2 16.941848535024853
8 3 15.207272851631572
8 4 13.971161726570939
8 5 16.802792970031728
8 6 16.598697002362194
8 7 17.377414759259615
8 8 16.2219095214844
8 9 17.39196203220724
8 10 18.701269993567944
8 11 17.369516035208775
8 12 18.955119182748945
8 13 17.790423445627994
8 14 17.38508810551909
8 15 18.493850905788335
8 16 14.978066868982472
8 17 18.36295944766881
8 18 16.389335603527062
8 19 14.401979313581254
8 20 13.500663433345558
8 21 14.47505767681926
8 22 15.344500169960506
8 23 14.452825668793414
8 24 14.4132871839801
8 25 14.666745382378146
8 26 16.276588945033108
8 27 12.944746887348998
8 28 14.51959555105931
8 29 13.993425683977266
9 0 12.779402217242257
9 1 14.075249474731818
9 2 12.929060700266655
9 3 13.705176716511367
9 4 14.23996271063265
9 5 16.67642361447802
9 6 16.345127602032296
9 7 17.76593320966787
9 8 17.39196203220724
9 9 21.334758277427888
9 10 22.54783278693634
9 11 21.657391947459626
9 12 19.641394295716076
9 13 20.800045270930195
9 14 18.980492479309472
9 15 16.50900470920104
9 16 17.197583819574824
9 17 16.9983278091215
9 18 14.012796913818624
9 19 16.55980063128786
9 20 15.500759824233418
9 21 11.736908674807207
9 22 14.47505767681926
9 23 14.484308900062711
9 24 12.950366918747502
9 25 15.322794874071645
9 26 15.057210761655208
9 27 14.65795105169111
9 28 12.4480683091349
9 29 16.766964276613237
10 0 15.44083691544803
10 1 14.250546632398358
10 2 12.617761277951326
10 3 14.399683666999668
10 4 12.769527789746693
10 5 16.248229027693444
10 6 15.27088987999594
10 7 16.64608093689686
10 8 18.701269993567944
10 9 22.54783278693634
10 10 23.82206786430629
10 11 23.408639816968208
10 12 25.20713450126159
10 13 21.326084381890126
10 14 18.262771121452097
10 15 17.924473264808384
10 16 17.43453295489738
10 17 16.164977869456894
10 18 15.699272946282607
10 19 15.890780500463704
10 20 13.959241442624325
10 21 15.500759824233418
10 22 13.500663433345558
10 23 14.821122688313132
10 24 14.612386543180346
10 25 15.458181969352653
10 26 14.708081481064701
10 27 17.685333680038443
10 28 14.772863350789613
10 29 14.28057975602181
11 0 13.988569233829637
11 1 14.04837927768333
11 2 13.228120212300135
11 3 14.675623904689155
11 4 15.535576527312896
11 5 17.53238571331103
11 6 14.318189297840302
11 7 17.114335789772237
11 8 17.369516035208775
11 9 21.657391947459626
11 10 23.408639816968208
11 11 7.929101604545065
11 12 24.136233876520148
11 13 21.489409477484067
11 14 20.357199609267848
11 15 17.063273611474933
11 16 16.560162876110233
11 17 16.835724172231522
11 18 14.144924519160483
11 19 14.473697185422251
11 20 15.890780500463704
11 21 16.55980063128786
11 22 14.401979313581254
11 23 14.59182700728153
11 24 14.93319580571967
11 25 13.443164881962373
11 26 13.904694245793351
11 27 11.84762452436148
11 28 15.388619775981708
11 29 14.016159740260147
12 0 12.557602870281285
12 1 15.920699860820339
12 2 13.691369956475167
12 3 15.674518726299569
12 4 15.76118969699818
12 5 17.65290638279238
12 6 16.317216715479187
12 7 17.29525965794847
12 8 18.955119182748945
12 9 19.641394295716076
12 10 25.20713450126159
12 11 24.136233876520148
12 12 24.2991975352528
12 13 23.985613339060144
12 14 17.413927294887735
12 15 17.207005334086176
12 16 19.686179053353953
12 17 16.114771667327105
12 18 18.262761307291782
12 19 14.144924519160483
12 20 15.699272946282607
12 21 14.012796913818624
12 22 16.389335603527062
12 23 18.100755315622056
12 24 16.34218966463202
12 25 13.769963544931965
12 26 15.428993303011337
12 27 12.64571197421121
12 28 14.24521429316178
12 29 13.346519074719865
13 0 15.094835376550233
13 1 15.698167994026145
13 2 15.022292937213857
13 3 13.742425601179436
13 4 14.20558226920681
13 5 16.188268027099653
13 6 14.528155866186113
13 7 14.852254509866581
13 8 17.790423445627994
13 9 20.800045270930195
13 10 21.326084381890126
13 11 21.489409477484067
13 12 23.985613339060144
13 13 21.688599234359096
13 14 21.539902576615237
13 15 21.34261123096368
13 16 19.005458234592048
13 17 15.225013924590268
13 18 16.114771667327105
13 19 16.835724172231522
13 20 16.164977869456894
13 21 16.9983278091215
13 22 18.36295944766881
13 23 14.834960609306023
13 24 15.351657643788128
13 25 14.646562955673001
13 26 15.986750379778547
13 27 15.272959809203389
13 28 13.85825136827346
13 29 14.270626599897453
14 0 14.055053065567668
14 1 13.397156991346803
14 2 15.948989273772055
14 3 16.113575104453684
14 4 15.464720352740475
14 5 16.419431608701146
14 6 16.63804540240549
14 7 16.788629339449344
14 8 17.38508810551909
14 9 18.980492479309472
14 10 18.262771121452097
14 11 20.357199609267848
14 12 17.413927294887735
14 13 21.539902576615237
14 14 17.89728244199184
14 15 18.29238978835209
14 16 17.877934305666447
14 17 19.005458234592048
14 18 19.686179053353953
14 19 16.560162876110233
14 20 17.43453295489738
14 21 17.197583819574824
14 22 14.978066868982472
14 23 15.434168743602537
14 24 15.654530174139943
14 25 13.31025797797857
14 26 16.35521313664066
14 27 14.576996243558257
14 28 14.9563297393393
14 29 15.411901413648266
15 0 15.854619909949937
15 1 14.010522945119995
15 2 12.582285428266879
15 3 14.810243394820187
15 4 13.038340887379821
15 5 14.646831589929214
15 6 16.632544742293625
15 7 15.819296263527987
15 8 18.493850905788335
15 9 16.50900470920104
15 10 17.924473264808384
15 11 17.063273611474933
15 12 17.207005334086176
15 13 21.34261123096368
15 14 18.29238978835209
15 15 19.204206390381273
15 16 18.29238978835209
15 17 21.34261123096368
15 18 17.207005334086176
15 19 17.063273611474933
15 20 17.924473264808384
15 21 16.50900470920104
15 22 18.493850905788335
15 23 15.819296263527987
15 24 16.632544742293625
15 25 14.646831589929214
15 26 13.038340887379821
15 27 14.810243394820187
15 28 12.582285428266879
15 29 14.010522945119995
16 0 14.894050626054758
16 1 15.411901413648266
16 2 14.9563297393393
16 3 14.576996243558257
16 4 16.35521313664066
16 5 13.31025797797857
16 6 15.654530174139943
16 7 15.434168743602537
16 8 14.978066868982472
16 9 17.197583819574824
16 10 17.43453295489738
16 11 16.560162876110233
16 12 19.686179053353953
16 13 19.005458234592048
16 14 17.877934305666447
16 15 18.29238978835209
16 16 17.89728244199184
16 17 21.539902576615237
16 18 17.413927294887735
16 19 20.357199609267848
16 20 18.262771121452097
16 21 18.980492479309472
16 22 17.38508810551909
16 23 16.788629339449344
16 24 16.63804540240549
16 25 16.419431608701146
16 26 15.464720352740475
16 27 16.113575104453684
16 28 15.948989273772055
16 29 13.397156991346803
17 0 12.403366528026574
17 1 14.270626599897453
17 2 13.85825136827346
17 3 15.272959809203389
17 4 15.986750379778547
17 5 14.646562955673001
17 6 15.351657643788128
17 7 14.834960609306023
17 8 18.36295944766881
17 9 16.9983278091215
17 10 16.164977869456894
17 11 16.835724172231522
17 12 16.114771667327105
17 13 15.225013924590268
17 14 19.005458234592048
17 15 21.34261123096368
17 16 21.539902576615237
17 17 21.688599234359096
17 18 23.985613339060144
17 19 21.489409477484067
17 20 21.326084381890126
17 21 20.800045270930195
17 22 17.790423445627994
17 23 14.852254509866581
17 24 14.528155866186113
17 25 16.188268027099653
17 26 14.20558226920681
17 27 13.742425601179436
17 28 15.022292937213857
17 29 15.698167994026145
18 0 16.046324580111005
18 1 13.346519074719865
18 2 14.24521429316178
18 3 12.64571197421121
18 4 15.428993303011337
18 5 13.769963544931965
18 6 16.34218966463202
18 7 18.100755315622056
18 8 16.389335603527062
18 9 14.012796913818624
18 10 15.699272946282607
18 11 14.144924519160483
18 12 18.262761307291782
18 13 16.114771667327105
18 14 19.686179053353953
18 15 17.207005334086176
18 16 17.413927294887735
18 17 23.985613339060144
18 18 24.2991975352528
18 19 24.136233876520148
18 20 25.20713450126159
18 21 19.641394295716076
18 22 18.955119182748945
18 23 17.29525965794847
18 24 16.317216715479187
18 25 17.65290638279238
18 26 15.76118969699818
18 27 15.674518726299569
18 28 13.691369956475167
18 29 15.920699860820339
19 0 14.015729097033526
19 1 14.016159740260147
19 2 15.388619775981708
19 3 11.84762452436148
19 4 13.904694245793351
19 5 13.443164881962373
19 6 14.93319580571967
19 7 14.59182700728153
19 8 14.401979313581254
19 9 16.55980063128786
19 10 15.890780500463704
19 11 14.473697185422251
19 12 14.144924519160483
19 13 16.835724172231522
19 14 16.560162876110233
19 15 17.063273611474933
19 16 20.357199609267848
19 17 21.489409477484067
19 18 24.136233876520148
19 19 7.929101604545065
19 20 23.408639816968208
19 21 21.657391947459626
19 22 17.369516035208775
19 23 17.114335789772237
19 24 14.318189297840302
19 25 17.53238571331103
19 26 15.535576527312896
19 27 14.675623904689155
19 28 13.228120212300135
19 29 14.04837927768333
20 0 13.073273681671782
20 1 14.28057975602181
20 2 14.772863350789613
20 3 17.685333680038443
20 4 14.708081481064701
20 5 15.458181969352653
20 6 14.612386543180346
20 7 14.821122688313132
20 8 13.500663433345558
20 9 15.500759824233418
20 10 13.959241442624325
20 11 15.890780500463704
20 12 15.699272946282607
20 13 16.164977869456894
20 14 17.43453295489738
20 15 17.924473264808384
20 16 18.262771121452097
20 17 21.326084381890126
20 18 25.20713450126159
20 19 23.408639816968208
20 20 23.82206786430629
20 21 22.54783278693634
20 22 18.701269993567944
20 23 16.64608093689686
20 24 15.27088987999594
20 25 16.248229027693444
20 26 12.769527789746693
20 27 14.399683666999668
20 28 12.617761277951326
20 29 14.250546632398358
21 0 15.151285855076413
21 1 16.766964276613237
21 2 12.4480683091349
21 3 14.65795105169111
21 4 15.057210761655208
21 5 15.322794874071645
21 6 12.950366918747502
21 7 14.484308900062711
21 8 14.47505767681926
21 9 11.736908674807207
21 10 15.500759824233418
21 11 16.55980063128786
21 12 14.012796913818624
21 13 16.9983278091215
21 14 17.197583819574824
21 15 16.50900470920104
21 16 18.980492479309472
21 17 20.800045270930195
21 18 19.641394295716076
21 19 21.657391947459626
21 20 22.54783278693634
21 21 21.334758277427888
21 22 17.39196203220724
21 23 17.76593320966787
21 24 16.345127602032296
21 25 16.67642361447802
21 26 14.23996271063265
21 27 13.705176716511367
21 28 12.929060700266655
21 29 14.075249474731818
22 0 13.43252230795654
22 1 13.993425683977266
22 2 14.51959555105931
22 3 12.944746887348998
22 4 16.276588945033108
22 5 14.666745382378146
22 6 14.4132871839801
22 7 14.452825668793414
22 8 15.344500169960506
22 9 14.47505767681926
22 10 13.500663433345558
22 11 14.401979313581254
22 12 16.389335603527062
22 13 18.36295944766881
22 14 14.978066868982472
22 15 18.493850905788335
22 16 17.38508810551909
22 17 17.790423445627994
22 18 18.955119182748945
22 19 17.369516035208775
22 20 18.701269993567944
22 21 17.39196203220724
22 22 16.2219095214844
22 23 17.377414759259615
22 24 16.598697002362194
22 25 16.802792970031728
22 26 13.971161726570939
22 27 15.207272851631572
22 28 16.941848535024853
22 29 13.79323111883155
23 0 13.737228661975214
23 1 15.455455380614483
23 2 15.907843414274748
23 3 15.44389652226486
23 4 13.613115972519271
23 5 17.426484129897926
23 6 14.45748702136997
23 7 13.661898303849734
23 8 14.452825668793414
23 9 14.484308900062711
23 10 14.821122688313132
23 11 14.59182700728153
23 12 18.100755315622056
23 13 14.834960609306023
23 14 15.434168743602537
23 15 15.819296263527987
23 16 16.788629339449344
23 17 14.852254509866581
23 18 17.29525965794847
23 19 17.114335789772237
23 20 16.64608093689686
23 21 17.76593320966787
23 22 17.377414759259615
23 23 16.568717678263408
23 24 14.314579964342203
23 25 15.010834438255438
23 26 13.023191540362028
23 27 15.513742211654796
23 28 15.516136557344128
23 29 15.364696189712312
24 0 13.03712670234278
24 1 14.257736384035573
24 2 16.504930944767473
24 3 12.09469306857693
24 4 14.160559037944564
24 5 14.070806282458669
24 6 14.759284094390862
24 7 14.45748702136997
24 8 14.4132871839801
24 9 12.950366918747502
24 10 14.612386543180346
24 11 14.93319580571967
24 12 16.34218966463202
24 13 15.351657643788128
24 14 15.654530174139943
24 15 16.632544742293625
24 16 16.63804540240549
24 17 14.528155866186113
24 18 16.317216715479187
24 19 14.318189297840302
24 20 15.27088987999594
24 21 16.345127602032296
24 22 16.598697002362194
24 23 14.314579964342203
24 24 16.0571395904446
24 25 13.324461135929663
24 26 14.83851161710223
24 27 15.673500400561636
24 28 14.96333247661134
24 29 13.665733931814994
25 0 11.50099924035578
25 1 12.456460412850095
25 2 14.363650286540286
25 3 15.48714201903701
25 4 12.968078179578807
25 5 13.156533550709677
25 6 14.070806282458669
25 7 17.426484129897926
25 8 14.666745382378146
25 9 15.322794874071645
25 10 15.458181969352653
25 11 13.443164881962373
25 12 13.769963544931965
25 13 14.646562955673001
25 14 13.31025797797857
25 15 14.646831589929214
25 16 16.419431608701146
25 17 16.188268027099653
25 18 17.65290638279238
25 19 17.53238571331103
25 20 16.248229027693444
25 21 16.67642361447802
25 22 16.802792970031728
25 23 15.010834438255438
25 24 13.324461135929663
25 25 16.498266123332776
25 26 12.176363581456693
25 27 16.01277830815537
25 28 15.16282055557595
25 29 14.739303748673493
26 0 11.791365237089558
26 1 12.147347991110843
26 2 11.868369771483675
26 3 15.862798359077837
26 4 13.614293308558157
26 5 12.968078179578807
26 6 14.160559037944564
26 7 13.613115972519271
26 8 16.276588945033108
26 9 15.057210761655208
26 10 14.708081481064701
26 11 13.904694245793351
26 12 15.428993303011337
26 13 15.986750379778547
26 14 16.35521313664066
26 15 13.038340887379821
26 16 15.464720352740475
26 17 14.20558226920681
26 18 15.76118969699818
26 19 15.535576527312896
26 20 12.769527789746693
26 21 14.23996271063265
26 22 13.971161726570939
26 23 13.023191540362028
26 24 14.83851161710223
26 25 12.176363581456693
26 26 16.982427491749775
26 27 15.826456186619017
26 28 13.981599376873325
26 29 16.075541917169815
27 0 11.890859013663084
27 1 12.695123196419972
27 2 12.574128356762863
27 3 13.44741395033538
27 4 15.862798359077837
27 5 15.48714201903701
27 6 12.09469306857693
27 7 15.44389652226486
27 8 12.944746887348998
27 9 14.65795105169111
27 10 17.685333680038443
27 11 11.84762452436148
27 12 12.64571197421121
27 13 15.272959809203389
27 14 14.576996243558257
27 15 14.810243394820187
27 16 16.113575104453684
27 17 13.742425601179436
27 18 15.674518726299569
27 19 14.675623904689155
27 20 14.399683666999668
27 21 13.705176716511367
27 22 15.207272851631572
27 23 15.513742211654796
27 24 15.673500400561636
27 25 16.01277830815537
27 26 15.826456186619017
27 27 13.225140462900745
27 28 13.844887956411979
27 29 14.666777107823647
28 0 12.25794845018347
28 1 13.507920671863983
28 2 12.114488369548285
28 3 12.574128356762863
28 4 11.868369771483675
28 5 14.363650286540286
28 6 16.504930944767473
28 7 15.907843414274748
28 8 14.51959555105931
28 9 12.4480683091349
28 10 14.772863350789613
28 11 15.388619775981708
28 12 14.24521429316178
28 13 13.85825136827346
28 14 14.9563297393393
28 15 12.582285428266879
28 16 15.948989273772055
28 17 15.022292937213857
28 18 13.691369956475167
28 19 13.228120212300135
28 20 12.617761277951326
28 21 12.929060700266655
28 22 16.941848535024853
28 23 15.516136557344128
28 24 14.96333247661134
28 25 15.16282055557595
28 26 13.981599376873325
28 27 13.844887956411979
28 28 14.070074702598898
28 29 16.592814113009428
29 0 11.61588906029117
29 1 12.635318700805064
29 2 13.507920671863983
29 3 12.695123196419972
29 4 12.147347991110843
29 5 12.456460412850095
29 6 14.257736384035573
29 7 15.455455380614483
29 8 13.993425683977266
29 9 16.766964276613237
29 10 14.28057975602181
29 11 14.016159740260147
29 12 13.346519074719865
29 13 14.270626599897453
29 14 15.411901413648266
29 15 14.010522945119995
29 16 13.397156991346803
29 17 15.698167994026145
29 18 15.920699860820339
29 19 14.04837927768333
29 20 14.250546632398358
29 21 14.075249474731818
29 22 13.79323111883155
29 23 15.364696189712312
29 24 13.665733931814994
29 25 14.739303748673493
29 26 16.075541917169815
29 27 14.666777107823647
29 28 16.592814113009428
29 29 12.00584252635748
