0 0 11.37091963314295
0 1 12.155235973011463
0 2 11.642950715398745
0 3 12.663978079008633
0 4 12.617988597827795
0 5 13.474039020487963
0 6 13.909512697251737
0 7 11.778577810271425
0 8 13.16048760825117
0 9 14.782421764991545
0 10 14.678513884129561
0 11 13.730602987550743
0 12 13.627678279037932
0 13 14.585839093978622
0 14 14.629872887980017
0 15 12.48456752496187
0 16 13.811161215074518
0 17 13.9333715887231
0 18 15.13974616801154
0 19 15.152200476346229
0 20 12.512237385947063
0 21 14.913972385613189
0 22 15.48714201903701
0 23 13.055244434127507
0 24 14.787306130997024
0 25 14.075834602434773
0 26 12.880689681022302
0 27 13.641037214872828
0 28 12.151511228043205
0 29 11.415104701356707
1 0 12.155235973011463
1 1 12.155091255000505
1 2 12.121484485178199
1 3 12.359716615846443
1 4 11.676390448909144
1 5 13.48112999990821
1 6 15.257151792990099
1 7 12.406562576668673
1 8 12.486998550139852
1 9 10.868038506267993
1 10 12.686230167813113
1 11 13.383107299939716
1 12 13.196127889306185
1 13 16.276588945033108
1 14 17.170892011170626
1 15 15.9661890190072
1 16 15.350732525384952
1 17 13.06009676189427
1 18 15.230881027496004
1 19 12.974884644615907
1 20 11.487888221710564
1 21 14.160559037944564
1 22 14.204084712673268
1 23 14.822683376619453
1 24 13.432439504720081
1 25 15.76772945861884
1 26 11.54196000421437
1 27 13.472998347926804
1 28 11.454800931659726
1 29 14.430976615328508
2 0 11.642950715398745
2 1 12.121484485178199
2 2 14.574317944712705
2 3 15.096496932463921
2 4 15.455455380614483
2 5 13.522973126216954
2 6 13.75526495286967
2 7 13.232029879598285
2 8 12.870469625242968
2 9 18.764507842413764
2 10 16.48746702305639
2 11 14.892383592300463
2 12 12.461344385675554
2 13 14.561384530575506
2 14 14.202710973768822
2 15 16.027888101878048
2 16 15.906229111353293
2 17 13.358821032760998
2 18 15.467432962448664
2 19 16.123544783453756
2 20 17.426484129897926
2 21 14.286267114705716
2 22 14.409170777403276
2 23 14.61954921073556
2 24 13.872571954880318
2 25 14.144015669735278
2 26 15.9878614381491
2 27 13.901100651586944
2 28 14.659647965667652
2 29 11.454800931659726
3 0 12.663978079008633
3 1 12.359716615846443
3 2 15.096496932463921
3 3 14.643028037977047
3 4 13.494391426396703
3 5 13.498501622886453
3 6 14.086790280884873
3 7 13.78137771191529
3 8 16.471427422479483
3 9 14.423316486024486
3 10 14.902838795074663
3 11 15.064546722357345
3 12 14.407685060074249
3 13 14.076722895634367
3 14 13.017692454339151
3 15 13.927153640911927
3 16 16.297968866339488
3 17 14.314216851587895
3 18 14.837822632106704
3 19 14.4132871839801
3 20 15.156978146396812
3 21 16.326139576067767
3 22 16.17790862207399
3 23 14.824497172342783
3 24 13.471794273430119
3 25 14.365340780004468
3 26 15.617095599181228
3 27 13.08122111877172
3 28 13.901100651586944
3 29 13.472998347926804
4 0 12.617988597827795
4 1 11.676390448909144
4 2 15.455455380614483
4 3 13.494391426396703
4 4 15.366419878172543
4 5 12.087538076753708
4 6 15.71591730926299
4 7 15.244354235082238
4 8 16.25077233687651
4 9 13.697578908201317
4 10 14.980565244026455
4 11 15.317898956542832
4 12 13.834850161299327
4 13 13.652981461951331
4 14 15.617725132786571
4 15 16.043361797906492
4 16 13.421169505230978
4 17 15.01551384578917
4 18 14.484308900062711
4 19 16.66457156871113
4 20 12.478632606331782
4 21 14.051873867455697
4 22 15.846013327960824
4 23 14.18455547166599
4 24 13.35669200781837
4 25 14.878159664676717
4 26 14.887281809924001
4 27 15.617095599181228
4 28 15.9878614381491
4 29 11.54196000421437
5 0 13.474039020487963
5 1 13.48112999990821
5 2 13.522973126216954
5 3 13.498501622886453
5 4 12.087538076753708
5 5 15.255440496258545
5 6 13.750149428614527
5 7 15.448589930414945
5 8 14.625948443187223
5 9 14.612386543180346
5 10 14.863971787458933
5 11 12.778294565756804
5 12 13.757044030133965
5 13 15.716177672856665
5 14 16.16571240909447
5 15 15.802059855730866
5 16 14.635413234574791
5 17 13.500663433345558
5 18 13.511121765401294
5 19 13.298213079602222
5 20 14.668797171875354
5 21 15.834340716268079
5 22 14.989749185853897
5 23 16.527349817579765
5 24 14.013680182667636
5 25 14.081877508096216
5 26 14.878159664676717
5 27 14.365340780004468
5 28 14.144015669735278
5 29 15.76772945861884
6 0 13.909512697251737
6 1 15.257151792990099
6 2 13.75526495286967
6 3 14.086790280884873
6 4 15.71591730926299
6 5 13.750149428614527
6 6 14.411352382839496
6 7 13.350583492220455
6 8 15.835166188818162
6 9 14.167970082029932
6 10 13.291448589888725
6 11 17.167896425712886
6 12 13.697799014647616
6 13 15.687956708548304
6 14 17.249269047556222
6 15 14.33222307760826
6 16 16.55980063128786
6 17 15.615222412046425
6 18 17.052745279247045
6 19 14.428741851486915
6 20 14.571939747411168
6 21 16.090450958289335
6 22 14.647471663368245
6 23 13.532610369720052
6 24 14.661969629162112
6 25 14.013680182667636
6 26 13.35669200781837
6 27 13.471794273430119
6 28 13.872571954880318
6 29 13.432439504720081
7 0 11.778577810271425
7 1 12.406562576668673
7 2 13.232029879598285
7 3 13.78137771191529
7 4 15.244354235082238
7 5 15.448589930414945
7 6 13.350583492220455
7 7 13.412201817055001
7 8 13.020593642744423
7 9 15.275372684231995
7 10 15.267770785480122
7 11 18.69218603243606
7 12 16.676061876214877
7 13 17.149922611777253
7 14 15.570343210040017
7 15 15.699272946282607
7 16 16.979372920834034
7 17 16.28348478376539
7 18 13.802181889109457
7 19 13.994158055272024
7 20 15.150339880771078
7 21 15.695473844316648
7 22 13.354907708765484
7 23 15.344500169960506
7 24 13.532610369720052
7 25 16.527349817579765
7 26 14.18455547166599
7 27 14.824497172342783
7 28 14.61954921073556
7 29 14.822683376619453
8 0 13.16048760825117
8 1 12.486998550139852
8 2 12.870469625242968
8 3 16.471427422479483
8 4 16.25077233687651
8 5 14.625948443187223
8 6 15.835166188818162
8 7 13.020593642744423
8 8 17.768055735713293
8 9 14.538628931139595
8 10 15.301691614009332
8 11 14.338071357264946
8 12 15.504944379857648
8 13 20.102239465943303
8 14 16.835724172231522
8 15 19.739097159460915
8 16 16.272712391632204
8 17 15.553709451162993
8 18 13.945342843487422
8 19 15.920923422899621
8 20 18.417662482290442
8 21 15.483738481855477
8 22 14.678706546458221
8 23 13.354907708765484
8 24 14.647471663368245
8 25 14.989749185853897
8 26 15.846013327960824
8 27 16.17790862207399
8 28 14.409170777403276
8 29 14.204084712673268
9 0 14.782421764991545
9 1 10.868038506267993
9 2 18.764507842413764
9 3 14.423316486024486
9 4 13.697578908201317
9 5 14.612386543180346
9 6 14.167970082029932
9 7 15.275372684231995
9 8 14.538628931139595
9 9 16.3443816983715
9 10 16.847185467114418
9 11 17.600335792541767
9 12 15.250923068812197
9 13 19.686179053353953
9 14 18.239107406073177
9 15 22.299412603050225
9 16 18.375645166826242
9 17 16.013160121808532
9 18 16.78779137845434
9 19 16.949781786396944
9 20 17.702163298639885
9 21 16.03933026348822
9 22 15.483738481855477
9 23 15.695473844316648
9 24 16.090450958289335
9 25 15.834340716268079
9 26 14.051873867455697
9 27 16.326139576067767
9 28 14.286267114705716
9 29 14.160559037944564
10 0 14.678513884129561
10 1 12.686230167813113
10 2 16.48746702305639
10 3 14.902838795074663
10 4 14.980565244026455
10 5 14.863971787458933
10 6 13.291448589888725
10 7 15.267770785480122
10 8 15.301691614009332
10 9 16.847185467114418
10 10 19.753076815983444
10 11 16.747649701394714
10 12 21.34261123096368
10 13 18.835367097444315
10 14 19.82593563040848
10 15 19.28232732022217
10 16 20.420671050804266
10 17 17.13902883596929
10 18 18.334640450324983
10 19 16.971428555172132
10 20 16.842240576222025
10 21 17.702163298639885
10 22 18.417662482290442
10 23 15.150339880771078
10 24 14.571939747411168
10 25 14.668797171875354
10 26 12.478632606331782
10 27 15.156978146396812
10 28 17.426484129897926
10 29 11.487888221710564
11 0 13.730602987550743
11 1 13.383107299939716
11 2 14.892383592300463
11 3 15.064546722357345
11 4 15.317898956542832
11 5 12.778294565756804
11 6 17.167896425712886
11 7 18.69218603243606
11 8 14.338071357264946
11 9 17.600335792541767
11 10 16.747649701394714
11 11 17.89728244199184
11 12 17.629666085982294
11 13 21.606844168831365
11 14 20.806448694352497
11 15 20.512333217006724
11 16 21.72581533180821
11 17 20.26393628704091
11 18 15.903628261269553
11 19 17.877934305666447
11 20 16.971428555172132
11 21 16.949781786396944
11 22 15.920923422899621
11 23 13.994158055272024
11 24 14.428741851486915
11 25 13.298213079602222
11 26 16.66457156871113
11 27 14.4132871839801
11 28 16.123544783453756
11 29 12.974884644615907
12 0 13.627678279037932
12 1 13.196127889306185
12 2 12.461344385675554
12 3 14.407685060074249
12 4 13.834850161299327
12 5 13.757044030133965
12 6 13.697799014647616
12 7 16.676061876214877
12 8 15.504944379857648
12 9 15.250923068812197
12 10 21.34261123096368
12 11 17.629666085982294
12 12 21.164701141418572
12 13 23.733020118128568
12 14 18.295349582939895
12 15 25.28419829721153
12 16 22.338719255133043
12 17 21.106178971776675
12 18 20.839843749999996
12 19 15.903628261269553
12 20 18.334640450324983
12 21 16.78779137845434
12 22 13.945342843487422
12 23 13.802181889109457
12 24 17.052745279247045
12 25 13.511121765401294
12 26 14.484308900062711
12 27 14.837822632106704
12 28 15.467432962448664
12 29 15.230881027496004
13 0 14.585839093978622
13 1 16.276588945033108
13 2 14.561384530575506
13 3 14.076722895634367
13 4 13.652981461951331
13 5 15.716177672856665
13 6 15.687956708548304
13 7 17.149922611777253
13 8 20.102239465943303
13 9 19.686179053353953
13 10 18.835367097444315
13 11 21.606844168831365
13 12 23.733020118128568
13 13 25.555270535623393
13 14 22.7568715655256
13 15 23.35982632548382
13 16 22.55930685505456
13 17 20.630977870082845
13 18 21.106178971776675
13 19 20.26393628704091
13 20 17.13902883596929
13 21 16.013160121808532
13 22 15.553709451162993
13 23 16.28348478376539
13 24 15.615222412046425
13 25 13.500663433345558
13 26 15.01551384578917
13 27 14.314216851587895
13 28 13.358821032760998
13 29 13.06009676189427
14 0 14.629872887980017
14 1 17.170892011170626
14 2 14.202710973768822
14 3 13.017692454339151
14 4 15.617725132786571
14 5 16.16571240909447
14 6 17.249269047556222
14 7 15.570343210040017
14 8 16.835724172231522
14 9 18.239107406073177
14 10 19.82593563040848
14 11 20.806448694352497
14 12 18.295349582939895
14 13 22.7568715655256
14 14 8.715029420630978
14 15 21.633986562847852
14 16 22.83054871743462
14 17 22.55930685505456
14 18 22.338719255133043
14 19 21.72581533180821
14 20 20.420671050804266
14 21 18.375645166826242
14 22 16.272712391632204
14 23 16.979372920834034
14 24 16.55980063128786
14 25 14.635413234574791
14 26 13.421169505230978
14 27 16.297968866339488
14 28 15.906229111353293
14 29 15.350732525384952
15 0 12.48456752496187
15 1 15.9661890190072
15 2 16.027888101878048
15 3 13.927153640911927
15 4 16.043361797906492
15 5 15.802059855730866
15 6 14.33222307760826
15 7 15.699272946282607
15 8 19.739097159460915
15 9 22.299412603050225
15 10 19.28232732022217
15 11 20.512333217006724
15 12 25.28419829721153
15 13 23.35982632548382
15 14 21.633986562847852
15 15 21.643066406249996
15 16 21.633986562847852
15 17 23.35982632548382
15 18 25.28419829721153
15 19 20.512333217006724
15 20 19.28232732022217
15 21 22.299412603050225
15 22 19.739097159460915
15 23 15.699272946282607
15 24 14.33222307760826
15 25 15.802059855730866
15 26 16.043361797906492
15 27 13.927153640911927
15 28 16.027888101878048
15 29 15.9661890190072
16 0 13.811161215074518
16 1 15.350732525384952
16 2 15.906229111353293
16 3 16.297968866339488
16 4 13.421169505230978
16 5 14.635413234574791
16 6 16.55980063128786
16 7 16.979372920834034
16 8 16.272712391632204
16 9 18.375645166826242
16 10 20.420671050804266
16 11 21.72581533180821
16 12 22.338719255133043
16 13 22.55930685505456
16 14 22.83054871743462
16 15 21.633986562847852
16 16 8.715029420630978
16 17 22.7568715655256
16 18 18.295349582939895
16 19 20.806448694352497
16 20 19.82593563040848
16 21 18.239107406073177
16 22 16.835724172231522
16 23 15.570343210040017
16 24 17.249269047556222
16 25 16.16571240909447
16 26 15.617725132786571
16 27 13.017692454339151
16 28 14.202710973768822
16 29 17.170892011170626
17 0 13.9333715887231
17 1 13.06009676189427
17 2 13.358821032760998
17 3 14.314216851587895
17 4 15.01551384578917
17 5 13.500663433345558
17 6 15.615222412046425
17 7 16.28348478376539
17 8 15.553709451162993
17 9 16.013160121808532
17 10 17.13902883596929
17 11 20.26393628704091
17 12 21.106178971776675
17 13 20.630977870082845
17 14 22.55930685505456
17 15 23.35982632548382
17 16 22.7568715655256
17 17 25.555270535623393
17 18 23.733020118128568
17 19 21.606844168831365
17 20 18.835367097444315
17 21 19.686179053353953
17 22 20.102239465943303
17 23 17.149922611777253
17 24 15.687956708548304
17 25 15.716177672856665
17 26 13.652981461951331
17 27 14.076722895634367
17 28 14.561384530575506
17 29 16.276588945033108
18 0 15.13974616801154
18 1 15.230881027496004
18 2 15.467432962448664
18 3 14.837822632106704
18 4 14.484308900062711
18 5 13.511121765401294
18 6 17.052745279247045
18 7 13.802181889109457
18 8 13.945342843487422
18 9 16.78779137845434
18 10 18.334640450324983
18 11 15.903628261269553
18 12 20.839843749999996
18 13 21.106178971776675
18 14 22.338719255133043
18 15 25.28419829721153
18 16 18.295349582939895
18 17 23.733020118128568
18 18 21.164701141418572
18 19 17.629666085982294
18 20 21.34261123096368
18 21 15.250923068812197
18 22 15.504944379857648
18 23 16.676061876214877
18 24 13.697799014647616
18 25 13.757044030133965
18 26 13.834850161299327
18 27 14.407685060074249
18 28 12.461344385675554
18 29 13.196127889306185
19 0 15.152200476346229
19 1 12.974884644615907
19 2 16.123544783453756
19 3 14.4132871839801
19 4 16.66457156871113
19 5 13.298213079602222
19 6 14.428741851486915
19 7 13.994158055272024
19 8 15.920923422899621
19 9 16.949781786396944
19 10 16.971428555172132
19 11 17.877934305666447
19 12 15.903628261269553
19 13 20.26393628704091
19 14 21.72581533180821
19 15 20.512333217006724
19 16 20.806448694352497
19 17 21.606844168831365
19 18 17.629666085982294
19 19 17.89728244199184
19 20 16.747649701394714
19 21 17.600335792541767
19 22 14.338071357264946
19 23 18.69218603243606
19 24 17.167896425712886
19 25 12.778294565756804
19 26 15.317898956542832
19 27 15.064546722357345
19 28 14.892383592300463
19 29 13.383107299939716
20 0 12.512237385947063
20 1 11.487888221710564
20 2 17.426484129897926
20 3 15.156978146396812
20 4 12.478632606331782
20 5 14.668797171875354
20 6 14.571939747411168
20 7 15.150339880771078
20 8 18.417662482290442
20 9 17.702163298639885
20 10 16.842240576222025
20 11 16.971428555172132
20 12 18.334640450324983
20 13 17.13902883596929
20 14 20.420671050804266
20 15 19.28232732022217
20 16 19.82593563040848
20 17 18.835367097444315
20 18 21.34261123096368
20 19 16.747649701394714
20 20 19.753076815983444
20 21 16.847185467114418
20 22 15.301691614009332
20 23 15.267770785480122
20 24 13.291448589888725
20 25 14.863971787458933
20 26 14.980565244026455
20 27 14.902838795074663
20 28 16.48746702305639
20 29 12.686230167813113
21 0 14.913972385613189
21 1 14.160559037944564
21 2 14.286267114705716
21 3 16.326139576067767
21 4 14.051873867455697
21 5 15.834340716268079
21 6 16.090450958289335
21 7 15.695473844316648
21 8 15.483738481855477
21 9 16.03933026348822
21 10 17.702163298639885
21 11 16.949781786396944
21 12 16.78779137845434
21 13 16.013160121808532
21 14 18.375645166826242
21 15 22.299412603050225
21 16 18.239107406073177
21 17 19.686179053353953
21 18 15.250923068812197
21 19 17.600335792541767
21 20 16.847185467114418
21 21 16.3443816983715
21 22 14.538628931139595
21 23 15.275372684231995
21 24 14.167970082029932
21 25 14.612386543180346
21 26 13.697578908201317
21 27 14.423316486024486
21 28 18.764507842413764
21 29 10.868038506267993
22 0 15.48714201903701
22 1 14.204084712673268
22 2 14.409170777403276
22 3 16.17790862207399
22 4 15.846013327960824
22 5 14.989749185853897
22 6 14.647471663368245
22 7 13.354907708765484
22 8 14.678706546458221
22 9 15.483738481855477
22 10 18.417662482290442
22 11 15.920923422899621
22 12 13.945342843487422
22 13 15.553709451162993
22 14 16.272712391632204
22 15 19.739097159460915
22 16 16.835724172231522
22 17 20.102239465943303
22 18 15.504944379857648
22 19 14.338071357264946
22 20 15.301691614009332
22 21 14.538628931139595
22 22 17.768055735713293
22 23 13.020593642744423
22 24 15.835166188818162
22 25 14.625948443187223
22 26 16.25077233687651
22 27 16.471427422479483
22 28 12.870469625242968
22 29 12.486998550139852
23 0 13.055244434127507
23 1 14.822683376619453
23 2 14.61954921073556
23 3 14.824497172342783
23 4 14.18455547166599
23 5 16.527349817579765
23 6 13.532610369720052
23 7 15.344500169960506
23 8 13.354907708765484
23 9 15.695473844316648
23 10 15.150339880771078
23 11 13.994158055272024
23 12 13.802181889109457
23 13 16.28348478376539
23 14 16.979372920834034
23 15 15.699272946282607
23 16 15.570343210040017
23 17 17.149922611777253
23 18 16.676061876214877
23 19 18.69218603243606
23 20 15.267770785480122
23 21 15.275372684231995
23 22 13.020593642744423
23 23 13.412201817055001
23 24 13.350583492220455
23 25 15.448589930414945
23 26 15.244354235082238
23 27 13.78137771191529
23 28 13.232029879598285
23 29 12.406562576668673
24 0 14.787306130997024
24 1 13.432439504720081
24 2 13.872571954880318
24 3 13.471794273430119
24 4 13.35669200781837
24 5 14.013680182667636
24 6 14.661969629162112
24 7 13.532610369720052
24 8 14.647471663368245
24 9 16.090450958289335
24 10 14.571939747411168
24 11 14.428741851486915
24 12 17.052745279247045
24 13 15.615222412046425
24 14 16.55980063128786
24 15 14.33222307760826
24 16 17.249269047556222
24 17 15.687956708548304
24 18 13.697799014647616
24 19 17.167896425712886
24 20 13.291448589888725
24 21 14.167970082029932
24 22 15.835166188818162
24 23 13.350583492220455
24 24 14.411352382839496
24 25 13.750149428614527
24 26 15.71591730926299
24 27 14.086790280884873
24 28 13.75526495286967
24 29 15.257151792990099
25 0 14.075834602434773
25 1 15.76772945861884
25 2 14.144015669735278
25 3 14.365340780004468
25 4 14.878159664676717
25 5 14.081877508096216
25 6 14.013680182667636
25 7 16.527349817579765
25 8 14.989749185853897
25 9 15.834340716268079
25 10 14.668797171875354
25 11 13.298213079602222
25 12 13.511121765401294
25 13 13.500663433345558
25 14 14.635413234574791
25 15 15.802059855730866
25 16 16.16571240909447
25 17 15.716177672856665
25 18 13.757044030133965
25 19 12.778294565756804
25 20 14.863971787458933
25 21 14.612386543180346
25 22 14.625948443187223
25 23 15.448589930414945
25 24 13.750149428614527
25 25 15.255440496258545
25 26 12.087538076753708
25 27 13.498501622886453
25 28 13.522973126216954
25 29 13.48112999990821
26 0 12.880689681022302
26 1 11.54196000421437
26 2 15.9878614381491
26 3 15.617095599181228
26 4 14.887281809924001
26 5 14.878159664676717
26 6 13.35669200781837
26 7 14.18455547166599
26 8 15.846013327960824
26 9 14.051873867455697
26 10 12.478632606331782
26 11 16.66457156871113
26 12 14.484308900062711
26 13 15.01551384578917
26 14 13.421169505230978
26 15 16.043361797906492
26 16 15.617725132786571
26 17 13.652981461951331
26 18 13.834850161299327
26 19 15.317898956542832
26 20 14.980565244026455
26 21 13.697578908201317
26 22 16.25077233687651
26 23 15.244354235082238
26 24 15.71591730926299
26 25 12.087538076753708
26 26 15.366419878172543
26 27 13.494391426396703
26 28 15.455455380614483
26 29 11.676390448909144
27 0 13.641037214872828
27 1 13.472998347926804
27 2 13.901100651586944
27 3 13.08122111877172
27 4 15.617095599181228
27 5 14.365340780004468
27 6 13.471794273430119
27 7 14.824497172342783
27 8 16.17790862207399
27 9 16.326139576067767
27 10 15.156978146396812
27 11 14.4132871839801
27 12 14.837822632106704
27 13 14.314216851587895
27 14 16.297968866339488
27 15 13.927153640911927
27 16 13.017692454339151
27 17 14.076722895634367
27 18 14.407685060074249
27 19 15.064546722357345
27 20 14.902838795074663
27 21 14.423316486024486
27 22 16.471427422479483
27 23 13.78137771191529
27 24 14.086790280884873
27 25 13.498501622886453
27 26 13.494391426396703
27 27 14.643028037977047
27 28 15.096496932463921
27 29 12.359716615846443
28 0 12.151511228043205
28 1 11.454800931659726
28 2 14.659647965667652
28 3 13.901100651586944
28 4 15.9878614381491
28 5 14.144015669735278
28 6 13.872571954880318
28 7 14.61954921073556
28 8 14.409170777403276
28 9 14.286267114705716
28 10 17.426484129897926
28 11 16.123544783453756
28 12 15.467432962448664
28 13 13.358821032760998
28 14 15.906229111353293
28 15 16.027888101878048
28 16 14.202710973768822
28 17 14.561384530575506
28 18 12.461344385675554
28 19 14.892383592300463
28 20 16.48746702305639
28 21 18.764507842413764
28 22 12.870469625242968
28 23 13.232029879598285
28 24 13.75526495286967
28 25 13.522973126216954
28 26 15.455455380614483
28 27 15.096496932463921
28 28 14.574317944712705
28 29 12.121484485178199
29 0 11.415104701356707
29 1 14.430976615328508
29 2 11.454800931659726
29 3 13.472998347926804
29 4 11.54196000421437
29 5 15.76772945861884
29 6 13.432439504720081
29 7 14.822683376619453
29 8 14.204084712673268
29 9 14.160559037944564
29 10 11.487888221710564
29 11 12.974884644615907
29 12 15.230881027496004
29 13 13.06009676189427
29 14 15.350732525384952
29 15 15.9661890190072
29 16 17.170892011170626
29 17 16.276588945033108
29 18 13.196127889306185
29 19 13.383107299939716
29 20 12.686230167813113
29 21 10.868038506267993
29 22 12.486998550139852
29 23 12.406562576668673
29 24 15.257151792990099
29 25 13.48112999990821
29 26 11.676390448909144
29 27 12.359716615846443
29 28 12.121484485178199
29 29 12.155091255000505
