0 0 10.78996885844093
0 1 11.420115773246774
0 2 13.583767483343536
0 3 14.040470378024828
0 4 11.722163169206057
0 5 15.733766452984414
0 6 13.807104825095259
0 7 16.777546344237624
0 8 15.133917991546687
0 9 14.208193019868839
0 10 13.981729827166962
0 11 11.88978812240011
0 12 13.249082270289259
0 13 14.89283792675082
0 14 14.233864791986328
0 15 13.36252232387885
0 16 12.13643115447498
0 17 12.094034065861461
0 18 15.49121278061752
0 19 12.820369547764988
0 20 13.392289234466183
0 21 12.495288396919985
0 22 16.504930944767473
0 23 14.570028631088679
0 24 14.191588826925637
0 25 10.602269035117617
0 26 12.71941844220156
0 27 13.17606427312083
0 28 13.276231659680057
0 29 11.917536273871487
1 0 11.420115773246774
1 1 13.78617551471776
1 2 12.58964619725944
1 3 13.381018722263486
1 4 12.610474811552182
1 5 13.891781810844938
1 6 14.584058530839007
1 7 13.757002005141365
1 8 12.443415463815274
1 9 14.0086239269458
1 10 14.372944538576284
1 11 14.995956562748837
1 12 15.946024109408588
1 13 17.093677655582404
1 14 17.450314624553876
1 15 16.680239036820534
1 16 15.686339945077163
1 17 15.18182587185018
1 18 15.507469011466839
1 19 12.870469625242968
1 20 14.99547616622285
1 21 15.44389652226486
1 22 13.39023780230751
1 23 14.639194144486575
1 24 15.90029544534141
1 25 15.957904362783356
1 26 12.971120263699014
1 27 12.880689681022302
1 28 12.091838715271855
1 29 11.865485200551225
2 0 13.583767483343536
2 1 12.58964619725944
2 2 14.383461264480106
2 3 12.67259580038571
2 4 15.113271486707687
2 5 11.799471467972083
2 6 14.433766275048635
2 7 15.283934234139505
2 8 14.94732927081213
2 9 14.995775399797994
2 10 13.563394450346468
2 11 13.900865750444238
2 12 14.912943243801921
2 13 16.245322206709112
2 14 16.656941281634023
2 15 14.98620385024334
2 16 14.708081481064701
2 17 15.957117117011371
2 18 16.20980192558711
2 19 16.856193434726627
2 20 16.276588945033108
2 21 14.289343663043638
2 22 11.940000987263984
2 23 15.471445440626834
2 24 13.341380448855785
2 25 13.656770049249518
2 26 15.76772945861884
2 27 13.560984597126577
2 28 13.330756278621822
2 29 12.091838715271855
3 0 14.040470378024828
3 1 13.381018722263486
3 2 12.67259580038571
3 3 17.11945008324519
3 4 14.236370787227937
3 5 14.47773895283356
3 6 13.959252357431712
3 7 15.594112222241112
3 8 14.445313420343066
3 9 12.602936668392385
3 10 13.910958358829358
3 11 15.583499368125846
3 12 13.799176723701338
3 13 15.69710303608753
3 14 19.4119570960261
3 15 13.950039485583929
3 16 15.238563336977524
3 17 14.654754610885927
3 18 14.394539491083842
3 19 15.322794874071645
3 20 13.762505810012433
3 21 15.206577647423826
3 22 14.949669742093842
3 23 12.632951859004082
3 24 14.492706030752306
3 25 13.872571954880318
3 26 15.71264784310428
3 27 14.773310840234537
3 28 13.560984597126577
3 29 12.880689681022302
4 0 11.722163169206057
4 1 12.610474811552182
4 2 15.113271486707687
4 3 14.236370787227937
4 4 14.622908198555391
4 5 14.602968701274337
4 6 14.24521429316178
4 7 14.658412697743987
4 8 13.426292679916566
4 9 15.820770005878165
4 10 15.038205729293887
4 11 13.372312799417179
4 12 13.529490171043946
4 13 15.716093021831714
4 14 13.303053538082452
4 15 15.236423960788576
4 16 13.450866261891484
4 17 13.695199335572251
4 18 14.612386543180346
4 19 14.77182221904734
4 20 15.592856371898547
4 21 14.133212748643498
4 22 14.122044111010778
4 23 15.889675636627617
4 24 14.824497172342783
4 25 13.50643957513816
4 26 12.682068396512296
4 27 15.71264784310428
4 28 15.76772945861884
4 29 12.971120263699014
5 0 15.733766452984414
5 1 13.891781810844938
5 2 11.799471467972083
5 3 14.47773895283356
5 4 14.602968701274337
5 5 14.618078006258488
5 6 15.811193222569095
5 7 14.79228613832348
5 8 15.02838871825596
5 9 16.7172222921169
5 10 14.957014735442842
5 11 14.484902962816257
5 12 16.460308917141905
5 13 19.550496424093105
5 14 14.10461497249865
5 15 15.545817364181389
5 16 15.83815946024906
5 17 14.59182700728153
5 18 14.858927993146041
5 19 15.617725132786571
5 20 17.17817972490507
5 21 15.139024046649393
5 22 13.925559424640419
5 23 15.846013327960824
5 24 15.692524237353979
5 25 13.255020944080075
5 26 13.50643957513816
5 27 13.872571954880318
5 28 13.656770049249518
5 29 15.957904362783356
6 0 13.807104825095259
6 1 14.584058530839007
6 2 14.433766275048635
6 3 13.959252357431712
6 4 14.24521429316178
6 5 15.811193222569095
6 6 14.676287791284755
6 7 14.437906216326619
6 8 13.278430189639604
6 9 15.212777020184769
6 10 16.711161737912757
6 11 16.815433912401332
6 12 14.119688732781352
6 13 16.171656993064857
6 14 13.709130804476098
6 15 17.46668080388464
6 16 16.389335603527062
6 17 15.47312822200629
6 18 15.001114590567026
6 19 13.50167209437688
6 20 15.015490906525757
6 21 15.319059420866793
6 22 15.834340716268079
6 23 15.2201482005816
6 24 13.602582730803556
6 25 15.692524237353979
6 26 14.824497172342783
6 27 14.492706030752306
6 28 13.341380448855785
6 29 15.90029544534141
7 0 16.777546344237624
7 1 13.757002005141365
7 2 15.283934234139505
7 3 15.594112222241112
7 4 14.658412697743987
7 5 14.79228613832348
7 6 14.437906216326619
7 7 14.646562955673001
7 8 15.143998725353772
7 9 15.72543385433969
7 10 14.399997632301101
7 11 15.28201446710122
7 12 13.795796032283244
7 13 14.721591236854435
7 14 16.91301544642689
7 15 16.9983278091215
7 16 16.67774721944841
7 17 15.301691614009332
7 18 15.578815607774242
7 19 14.61272272376047
7 20 17.238921771002286
7 21 14.571939747411168
7 22 14.301735515454277
7 23 16.282593888493277
7 24 15.2201482005816
7 25 15.846013327960824
7 26 15.889675636627617
7 27 12.632951859004082
7 28 15.471445440626834
7 29 14.639194144486575
8 0 15.133917991546687
8 1 12.443415463815274
8 2 14.94732927081213
8 3 14.445313420343066
8 4 13.426292679916566
8 5 15.02838871825596
8 6 13.278430189639604
8 7 15.143998725353772
8 8 14.1348451714358
8 9 16.91763018390096
8 10 14.978066868982472
8 11 16.43794984031953
8 12 16.02248983521872
8 13 15.202105661462237
8 14 17.43453295489738
8 15 17.450426007328872
8 16 17.82021552873366
8 17 14.424648525182223
8 18 15.699272946282607
8 19 15.250227133074432
8 20 13.994158055272024
8 21 14.90482147644745
8 22 13.89954622079439
8 23 14.301735515454277
8 24 15.834340716268079
8 25 13.925559424640419
8 26 14.122044111010778
8 27 14.949669742093842
8 28 11.940000987263984
8 29 13.39023780230751
9 0 14.208193019868839
9 1 14.0086239269458
9 2 14.995775399797994
9 3 12.602936668392385
9 4 15.820770005878165
9 5 16.7172222921169
9 6 15.212777020184769
9 7 15.72543385433969
9 8 16.91763018390096
9 9 16.171412671546413
9 10 17.485775587890487
9 11 17.166622876823272
9 12 20.188286503546454
9 13 17.063273611474933
9 14 16.839753573652025
9 15 18.602479593670267
9 16 18.290353996436497
9 17 18.699792160192064
9 18 20.11224555337393
9 19 13.945342843487422
9 20 16.89159409217372
9 21 16.390699604174493
9 22 14.90482147644745
9 23 14.571939747411168
9 24 15.319059420866793
9 25 15.139024046649393
9 26 14.133212748643498
9 27 15.206577647423826
9 28 14.289343663043638
9 29 15.44389652226486
10 0 13.981729827166962
10 1 14.372944538576284
10 2 13.563394450346468
10 3 13.910958358829358
10 4 15.038205729293887
10 5 14.957014735442842
10 6 16.711161737912757
10 7 14.399997632301101
10 8 14.978066868982472
10 9 17.485775587890487
10 10 20.747367863683166
10 11 17.822541255276242
10 12 17.413927294887735
10 13 20.25518963412199
10 14 20.625800103376545
10 15 18.277545364719042
10 16 17.89728244199184
10 17 18.9683202821872
10 18 16.013160121808532
10 19 18.23505047891199
10 20 16.865752526673848
10 21 16.89159409217372
10 22 13.994158055272024
10 23 17.238921771002286
10 24 15.015490906525757
10 25 17.17817972490507
10 26 15.592856371898547
10 27 13.762505810012433
10 28 16.276588945033108
10 29 14.99547616622285
11 0 11.88978812240011
11 1 14.995956562748837
11 2 13.900865750444238
11 3 15.583499368125846
11 4 13.372312799417179
11 5 14.484902962816257
11 6 16.815433912401332
11 7 15.28201446710122
11 8 16.43794984031953
11 9 17.166622876823272
11 10 17.822541255276242
11 11 21.688599234359096
11 12 24.338261569944624
11 13 21.54868298967158
11 14 19.990719052701138
11 15 21.55805312446322
11 16 18.789433424911376
11 17 20.420671050804266
11 18 17.808462539096304
11 19 15.225013924590268
11 20 18.23505047891199
11 21 13.945342843487422
11 22 15.250227133074432
11 23 14.61272272376047
11 24 13.50167209437688
11 25 15.617725132786571
11 26 14.77182221904734
11 27 15.322794874071645
11 28 16.856193434726627
11 29 12.870469625242968
12 0 13.249082270289259
12 1 15.946024109408588
12 2 14.912943243801921
12 3 13.799176723701338
12 4 13.529490171043946
12 5 16.460308917141905
12 6 14.119688732781352
12 7 13.795796032283244
12 8 16.02248983521872
12 9 20.188286503546454
12 10 17.413927294887735
12 11 24.338261569944624
12 12 19.98126743084247
12 13 20.161356371987395
12 14 20.552882842966095
12 15 21.66093156663993
12 16 20.512333217006724
12 17 16.22004140490441
12 18 18.35780032611189
12 19 17.808462539096304
12 20 16.013160121808532
12 21 20.11224555337393
12 22 15.699272946282607
12 23 15.578815607774242
12 24 15.001114590567026
12 25 14.858927993146041
12 26 14.612386543180346
12 27 14.394539491083842
12 28 16.20980192558711
12 29 15.507469011466839
13 0 14.89283792675082
13 1 17.093677655582404
13 2 16.245322206709112
13 3 15.69710303608753
13 4 15.716093021831714
13 5 19.550496424093105
13 6 16.171656993064857
13 7 14.721591236854435
13 8 15.202105661462237
13 9 17.063273611474933
13 10 20.25518963412199
13 11 21.54868298967158
13 12 20.161356371987395
13 13 8.177591111763858
13 14 22.36646941583877
13 15 18.295349582939895
13 16 20.173835558647053
13 17 21.883006309570114
13 18 16.22004140490441
13 19 20.420671050804266
13 20 18.9683202821872
13 21 18.699792160192064
13 22 14.424648525182223
13 23 15.301691614009332
13 24 15.47312822200629
13 25 14.59182700728153
13 26 13.695199335572251
13 27 14.654754610885927
13 28 15.957117117011371
13 29 15.18182587185018
14 0 14.233864791986328
14 1 17.450314624553876
14 2 16.656941281634023
14 3 19.4119570960261
14 4 13.303053538082452
14 5 14.10461497249865
14 6 13.709130804476098
14 7 16.91301544642689
14 8 17.43453295489738
14 9 16.839753573652025
14 10 20.625800103376545
14 11 19.990719052701138
14 12 20.552882842966095
14 13 22.36646941583877
14 14 25.555270535623393
14 15 19.219970473484793
14 16 20.630977870082845
14 17 20.173835558647053
14 18 20.512333217006724
14 19 18.789433424911376
14 20 17.89728244199184
14 21 18.290353996436497
14 22 17.82021552873366
14 23 16.67774721944841
14 24 16.389335603527062
14 25 15.83815946024906
14 26 13.450866261891484
14 27 15.238563336977524
14 28 14.708081481064701
14 29 15.686339945077163
15 0 13.36252232387885
15 1 16.680239036820534
15 2 14.98620385024334
15 3 13.950039485583929
15 4 15.236423960788576
15 5 15.545817364181389
15 6 17.46668080388464
15 7 16.9983278091215
15 8 17.450426007328872
15 9 18.602479593670267
15 10 18.277545364719042
15 11 21.55805312446322
15 12 21.66093156663993
15 13 18.295349582939895
15 14 19.219970473484793
15 15 23.721720190511586
15 16 19.219970473484793
15 17 18.295349582939895
15 18 21.66093156663993
15 19 21.55805312446322
15 20 18.277545364719042
15 21 18.602479593670267
15 22 17.450426007328872
15 23 16.9983278091215
15 24 17.46668080388464
15 25 15.545817364181389
15 26 15.236423960788576
15 27 13.950039485583929
15 28 14.98620385024334
15 29 16.680239036820534
16 0 12.13643115447498
16 1 15.686339945077163
16 2 14.708081481064701
16 3 15.238563336977524
16 4 13.450866261891484
16 5 15.83815946024906
16 6 16.389335603527062
16 7 16.67774721944841
16 8 17.82021552873366
16 9 18.290353996436497
16 10 17.89728244199184
16 11 18.789433424911376
16 12 20.512333217006724
16 13 20.173835558647053
16 14 20.630977870082845
16 15 19.219970473484793
16 16 25.555270535623393
16 17 22.36646941583877
16 18 20.552882842966095
16 19 19.990719052701138
16 20 20.625800103376545
16 21 16.839753573652025
16 22 17.43453295489738
16 23 16.91301544642689
16 24 13.709130804476098
16 25 14.10461497249865
16 26 13.303053538082452
16 27 19.4119570960261
16 28 16.656941281634023
16 29 17.450314624553876
17 0 12.094034065861461
17 1 15.18182587185018
17 2 15.957117117011371
17 3 14.654754610885927
17 4 13.695199335572251
17 5 14.59182700728153
17 6 15.47312822200629
17 7 15.301691614009332
17 8 14.424648525182223
17 9 18.699792160192064
17 10 18.9683202821872
17 11 20.420671050804266
17 12 16.22004140490441
17 13 21.883006309570114
17 14 20.173835558647053
17 15 18.295349582939895
17 16 22.36646941583877
17 17 8.177591111763858
17 18 20.161356371987395
17 19 21.54868298967158
17 20 20.25518963412199
17 21 17.063273611474933
17 22 15.202105661462237
17 23 14.721591236854435
17 24 16.171656993064857
17 25 19.550496424093105
17 26 15.716093021831714
17 27 15.69710303608753
17 28 16.245322206709112
17 29 17.093677655582404
18 0 15.49121278061752
18 1 15.507469011466839
18 2 16.20980192558711
18 3 14.394539491083842
18 4 14.612386543180346
18 5 14.858927993146041
18 6 15.001114590567026
18 7 15.578815607774242
18 8 15.699272946282607
18 9 20.11224555337393
18 10 16.013160121808532
18 11 17.808462539096304
18 12 18.35780032611189
18 13 16.22004140490441
18 14 20.512333217006724
18 15 21.66093156663993
18 16 20.552882842966095
18 17 20.161356371987395
18 18 19.98126743084247
18 19 24.338261569944624
18 20 17.413927294887735
18 21 20.188286503546454
18 22 16.02248983521872
18 23 13.795796032283244
18 24 14.119688732781352
18 25 16.460308917141905
18 26 13.529490171043946
18 27 13.799176723701338
18 28 14.912943243801921
18 29 15.946024109408588
19 0 12.820369547764988
19 1 12.870469625242968
19 2 16.856193434726627
19 3 15.322794874071645
19 4 14.77182221904734
19 5 15.617725132786571
19 6 13.50167209437688
19 7 14.61272272376047
19 8 15.250227133074432
19 9 13.945342843487422
19 10 18.23505047891199
19 11 15.225013924590268
19 12 17.808462539096304
19 13 20.420671050804266
19 14 18.789433424911376
19 15 21.55805312446322
19 16 19.990719052701138
19 17 21.54868298967158
19 18 24.338261569944624
19 19 21.688599234359096
19 20 17.822541255276242
19 21 17.166622876823272
19 22 16.43794984031953
19 23 15.28201446710122
19 24 16.815433912401332
19 25 14.484902962816257
19 26 13.372312799417179
19 27 15.583499368125846
19 28 13.900865750444238
19 29 14.995956562748837
20 0 13.392289234466183
20 1 14.99547616622285
20 2 16.276588945033108
20 3 13.762505810012433
20 4 15.592856371898547
20 5 17.17817972490507
20 6 15.015490906525757
20 7 17.238921771002286
20 8 13.994158055272024
20 9 16.89159409217372
20 10 16.865752526673848
20 11 18.23505047891199
20 12 16.013160121808532
20 13 18.9683202821872
20 14 17.89728244199184
20 15 18.277545364719042
20 16 20.625800103376545
20 17 20.25518963412199
20 18 17.413927294887735
20 19 17.822541255276242
20 20 20.747367863683166
20 21 17.485775587890487
20 22 14.978066868982472
20 23 14.399997632301101
20 24 16.711161737912757
20 25 14.957014735442842
20 26 15.038205729293887
20 27 13.910958358829358
20 28 13.563394450346468
20 29 14.372944538576284
21 0 12.495288396919985
21 1 15.44389652226486
21 2 14.289343663043638
21 3 15.206577647423826
21 4 14.133212748643498
21 5 15.139024046649393
21 6 15.319059420866793
21 7 14.571939747411168
21 8 14.90482147644745
21 9 16.390699604174493
21 10 16.89159409217372
21 11 13.945342843487422
21 12 20.11224555337393
21 13 18.699792160192064
21 14 18.290353996436497
21 15 18.602479593670267
21 16 16.839753573652025
21 17 17.063273611474933
21 18 20.188286503546454
21 19 17.166622876823272
21 20 17.485775587890487
21 21 16.171412671546413
21 22 16.91763018390096
21 23 15.72543385433969
21 24 15.212777020184769
21 25 16.7172222921169
21 26 15.820770005878165
21 27 12.602936668392385
21 28 14.995775399797994
21 29 14.0086239269458
22 0 16.504930944767473
22 1 13.39023780230751
22 2 11.940000987263984
22 3 14.949669742093842
22 4 14.122044111010778
22 5 13.925559424640419
22 6 15.834340716268079
22 7 14.301735515454277
22 8 13.89954622079439
22 9 14.90482147644745
22 10 13.994158055272024
22 11 15.250227133074432
22 12 15.699272946282607
22 13 14.424648525182223
22 14 17.82021552873366
22 15 17.450426007328872
22 16 17.43453295489738
22 17 15.202105661462237
22 18 16.02248983521872
22 19 16.43794984031953
22 20 14.978066868982472
22 21 16.91763018390096
22 22 14.1348451714358
22 23 15.143998725353772
22 24 13.278430189639604
22 25 15.02838871825596
22 26 13.426292679916566
22 27 14.445313420343066
22 28 14.94732927081213
22 29 12.443415463815274
23 0 14.570028631088679
23 1 14.639194144486575
23 2 15.471445440626834
23 3 12.632951859004082
23 4 15.889675636627617
23 5 15.846013327960824
23 6 15.2201482005816
23 7 16.282593888493277
23 8 14.301735515454277
23 9 14.571939747411168
23 10 17.238921771002286
23 11 14.61272272376047
23 12 15.578815607774242
23 13 15.301691614009332
23 14 16.67774721944841
23 15 16.9983278091215
23 16 16.91301544642689
23 17 14.721591236854435
23 18 13.795796032283244
23 19 15.28201446710122
23 20 14.399997632301101
23 21 15.72543385433969
23 22 15.143998725353772
23 23 14.646562955673001
23 24 14.437906216326619
23 25 14.79228613832348
23 26 14.658412697743987
23 27 15.594112222241112
23 28 15.283934234139505
23 29 13.757002005141365
24 0 14.191588826925637
24 1 15.90029544534141
24 2 13.341380448855785
24 3 14.492706030752306
24 4 14.824497172342783
24 5 15.692524237353979
24 6 13.602582730803556
24 7 15.2201482005816
24 8 15.834340716268079
24 9 15.319059420866793
24 10 15.015490906525757
24 11 13.50167209437688
24 12 15.001114590567026
24 13 15.47312822200629
24 14 16.389335603527062
24 15 17.46668080388464
24 16 13.709130804476098
24 17 16.171656993064857
24 18 14.119688732781352
24 19 16.815433912401332
24 20 16.711161737912757
24 21 15.212777020184769
24 22 13.278430189639604
24 23 14.437906216326619
24 24 14.676287791284755
24 25 15.811193222569095
24 26 14.24521429316178
24 27 13.959252357431712
24 28 14.433766275048635
24 29 14.584058530839007
25 0 10.602269035117617
25 1 15.957904362783356
25 2 13.656770049249518
25 3 13.872571954880318
25 4 13.50643957513816
25 5 13.255020944080075
25 6 15.692524237353979
25 7 15.846013327960824
25 8 13.925559424640419
25 9 15.139024046649393
25 10 17.17817972490507
25 11 15.617725132786571
25 12 14.858927993146041
25 13 14.59182700728153
25 14 15.83815946024906
25 15 15.545817364181389
25 16 14.10461497249865
25 17 19.550496424093105
25 18 16.460308917141905
25 19 14.484902962816257
25 20 14.957014735442842
25 21 16.7172222921169
25 22 15.02838871825596
25 23 14.79228613832348
25 24 15.811193222569095
25 25 14.618078006258488
25 26 14.602968701274337
25 27 14.47773895283356
25 28 11.799471467972083
25 29 13.891781810844938
26 0 12.71941844220156
26 1 12.971120263699014
26 2 15.76772945861884
26 3 15.71264784310428
26 4 12.682068396512296
26 5 13.50643957513816
26 6 14.824497172342783
26 7 15.889675636627617
26 8 14.122044111010778
26 9 14.133212748643498
26 10 15.592856371898547
26 11 14.77182221904734
26 12 14.612386543180346
26 13 13.695199335572251
26 14 13.450866261891484
26 15 15.236423960788576
26 16 13.303053538082452
26 17 15.716093021831714
26 18 13.529490171043946
26 19 13.372312799417179
26 20 15.038205729293887
26 21 15.820770005878165
26 22 13.426292679916566
26 23 14.658412697743987
26 24 14.24521429316178
26 25 14.602968701274337
26 26 14.622908198555391
26 27 14.236370787227937
26 28 15.113271486707687
26 29 12.610474811552182
27 0 13.17606427312083
27 1 12.880689681022302
27 2 13.560984597126577
27 3 14.773310840234537
27 4 15.71264784310428
27 5 13.872571954880318
27 6 14.492706030752306
27 7 12.632951859004082
27 8 14.949669742093842
27 9 15.206577647423826
27 10 13.762505810012433
27 11 15.322794874071645
27 12 14.394539491083842
27 13 14.654754610885927
27 14 15.238563336977524
27 15 13.950039485583929
27 16 19.4119570960261
27 17 15.69710303608753
27 18 13.799176723701338
27 19 15.583499368125846
27 20 13.910958358829358
27 21 12.602936668392385
27 22 14.445313420343066
27 23 15.594112222241112
27 24 13.959252357431712
27 25 14.47773895283356
27 26 14.236370787227937
27 27 17.11945008324519
27 28 12.67259580038571
27 29 13.381018722263486
28 0 13.276231659680057
28 1 12.091838715271855
28 2 13.330756278621822
28 3 13.560984597126577
28 4 15.76772945861884
28 5 13.656770049249518
28 6 13.341380448855785
28 7 15.471445440626834
28 8 11.940000987263984
28 9 14.289343663043638
28 10 16.276588945033108
28 11 16.856193434726627
28 12 16.20980192558711
28 13 15.957117117011371
28 14 14.708081481064701
28 15 14.98620385024334
28 16 16.656941281634023
28 17 16.245322206709112
28 18 14.912943243801921
28 19 13.900865750444238
28 20 13.563394450346468
28 21 14.995775399797994
28 22 14.94732927081213
28 23 15.283934234139505
28 24 14.433766275048635
28 25 11.799471467972083
28 26 15.113271486707687
28 27 12.67259580038571
28 28 14.383461264480106
28 29 12.58964619725944
29 0 11.917536273871487
29 1 11.865485200551225
29 2 12.091838715271855
29 3 12.880689681022302
29 4 12.971120263699014
29 5 15.957904362783356
29 6 15.90029544534141
29 7 14.639194144486575
29 8 13.39023780230751
29 9 15.44389652226486
29 10 14.99547616622285
29 11 12.870469625242968
29 12 15.507469011466839
29 13 15.18182587185018
29 14 15.686339945077163
29 15 16.680239036820534
29 16 17.450314624553876
29 17 17.093677655582404
29 18 15.946024109408588
29 19 14.995956562748837
29 20 14.372944538576284
29 21 14.0086239269458
29 22 12.443415463815274
29 23 13.757002005141365
29 24 14.584058530839007
29 25 13.891781810844938
29 26 12.610474811552182
29 27 13.381018722263486
29 28 12.58964619725944
29 29 13.78617551471776
