0 0 2.796027916935329
0 1 2.914401376750567
0 2 3.310170365250593
0 3 3.3182255752828014
0 4 3.140036455255116
0 5 3.2046475194972137
0 6 2.975552940774361
0 7 3.402328721632697
0 8 3.426423956641557
0 9 2.9383954475943637
0 10 3.2119794030932933
0 11 3.5319947032323418
0 12 3.152829856663686
0 13 3.093130703214362
0 14 3.031625341781242
0 15 4.79098461443982
0 16 3.92998798088653
0 17 3.311718338378072
0 18 3.535287289931146
0 19 3.040575346423992
0 20 3.416641252526286
0 21 2.7895430039569455
0 22 3.147265339996299
0 23 3.441192147039044
0 24 3.328807243493565
0 25 3.0053025320972417
0 26 3.141782572741346
0 27 3.414368049867265
0 28 3.0910662399955022
0 29 3.1715414025718043
1 0 2.914401376750567
1 1 2.778540752154532
1 2 3.2835882734135917
1 3 3.342252685945089
1 4 3.6088772615222746
1 5 3.1302933436319376
1 6 2.9173015516266783
1 7 3.4446307561069567
1 8 3.4449077529225467
1 9 3.367650777390765
1 10 3.384128422781246
1 11 3.1667671095080285
1 12 2.816455127183634
1 13 3.1603781477612896
1 14 2.837562662862942
1 15 3.3387741112133016
1 16 3.2258785741750984
1 17 3.0299766374944492
1 18 3.0419098522702104
1 19 3.313959217793138
1 20 3.8972215031523647
1 21 3.0471017654871746
1 22 3.650129251430734
1 23 2.9620158108040573
1 24 2.774363673404802
1 25 3.2502190744510293
1 26 3.433131525336949
1 27 2.806530465179725
1 28 3.4866012886028166
1 29 3.0020196674258255
2 0 3.310170365250593
2 1 3.2835882734135917
2 2 3.4697801239754695
2 3 2.7926439917767283
2 4 2.9966364272310937
2 5 3.4563375412660102
2 6 3.5126558506944785
2 7 3.2698626047758093
2 8 3.109086660462959
2 9 2.864663594794724
2 10 3.0801469204539824
2 11 3.3340194791654185
2 12 3.8758572873150627
2 13 3.4612419660704075
2 14 3.4318898627309395
2 15 3.4842295833327888
2 16 3.0676915807862417
2 17 3.9433963313298683
2 18 2.7113196344859927
2 19 3.7969316722483613
2 20 3.0235292332448145
2 21 3.3263547311852113
2 22 3.3261735609394942
2 23 2.75808625156238
2 24 3.065947900167842
2 25 3.005708131357497
2 26 2.8725580898135843
2 27 2.6573191209724145
2 28 3.439728560151725
2 29 3.4866012886028166
3 0 3.3182255752828014
3 1 3.342252685945089
3 2 2.7926439917767283
3 3 2.7304104251282157
3 4 2.7913632109431186
3 5 3.995877672022273
3 6 3.3262837122837325
3 7 2.8903323144258524
3 8 3.3886530374371855
3 9 3.558440686217511
3 10 3.619755099093875
3 11 3.89630269489542
3 12 3.6062714114738985
3 13 3.8547558517611757
3 14 3.9175227292213664
3 15 3.706490293845452
3 16 3.3441792724671986
3 17 3.4327128915684475
3 18 3.7376892198266445
3 19 3.077115548142386
3 20 3.385720203829242
3 21 3.1186451454547566
3 22 3.2591210094469156
3 23 3.316342255364614
3 24 4.044081729657751
3 25 3.5175261921678587
3 26 3.1406222611464667
3 27 2.9989972475550353
3 28 2.6573191209724145
3 29 2.806530465179725
4 0 3.140036455255116
4 1 3.6088772615222746
4 2 2.9966364272310937
4 3 2.7913632109431186
4 4 3.078358192435226
4 5 4.027761632190627
4 6 2.9066319574426243
4 7 3.0626355009533164
4 8 3.230262622577635
4 9 3.643851495725509
4 10 3.6534770131847734
4 11 3.7352714131729874
4 12 3.8520477021533863
4 13 3.747963620684059
4 14 3.5362550978246277
4 15 3.871927338802062
4 16 4.3070233720824955
4 17 3.6065381820583244
4 18 3.952259939114628
4 19 3.2918211939243123
4 20 4.131968717169875
4 21 3.417613369675761
4 22 3.5431409768426283
4 23 3.297287017536392
4 24 3.693360042417508
4 25 3.51160214561323
4 26 3.3779107394683003
4 27 3.1406222611464667
4 28 2.8725580898135843
4 29 3.433131525336949
5 0 3.2046475194972137
5 1 3.1302933436319376
5 2 3.4563375412660102
5 3 3.995877672022273
5 4 4.027761632190627
5 5 3.1568146369221877
5 6 3.015383646625993
5 7 3.381004530225493
5 8 3.6826515981728116
5 9 3.6355547551910288
5 10 4.30006064017384
5 11 4.407758918991996
5 12 4.30351974909068
5 13 3.4301181428853833
5 14 3.8027786503181673
5 15 3.473151778002958
5 16 4.075543667179856
5 17 4.2667610554331565
5 18 4.7386447398996
5 19 4.799189116045025
5 20 3.511195009085802
5 21 3.538900830982609
5 22 3.4539894803250935
5 23 3.0534970308891483
5 24 3.484087868836129
5 25 3.2941687378702946
5 26 3.51160214561323
5 27 3.5175261921678587
5 28 3.005708131357497
5 29 3.2502190744510293
6 0 2.975552940774361
6 1 2.9173015516266783
6 2 3.5126558506944785
6 3 3.3262837122837325
6 4 2.9066319574426243
6 5 3.015383646625993
6 6 4.255730489935444
6 7 4.054103887689981
6 8 3.573909035670766
6 9 4.064436417282336
6 10 4.516598146832161
6 11 4.050172748319589
6 12 4.476742914997276
6 13 4.605348993510011
6 14 4.271656334328028
6 15 4.753309797491768
6 16 4.451292458519203
6 17 4.828568774676027
6 18 4.254220628287446
6 19 4.321037873582275
6 20 4.344070953932866
6 21 4.56072540868179
6 22 3.103055038200095
6 23 3.4027461402626193
6 24 3.8190322072419307
6 25 3.484087868836129
6 26 3.693360042417508
6 27 4.044081729657751
6 28 3.065947900167842
6 29 2.774363673404802
7 0 3.402328721632697
7 1 3.4446307561069567
7 2 3.2698626047758093
7 3 2.8903323144258524
7 4 3.0626355009533164
7 5 3.381004530225493
7 6 4.054103887689981
7 7 3.6590741004506584
7 8 5.2987691920370965
7 9 4.411345185302946
7 10 4.728955553024816
7 11 3.9002488072044685
7 12 4.907136240623886
7 13 4.888871272530636
7 14 4.536386044125844
7 15 4.97189467212978
7 16 4.56046196176496
7 17 4.87319295460392
7 18 4.841199235923665
7 19 5.4181121290721155
7 20 4.486831426228358
7 21 4.048506370222913
7 22 4.0126592321505825
7 23 3.6365324873920124
7 24 3.4027461402626193
7 25 3.0534970308891483
7 26 3.297287017536392
7 27 3.316342255364614
7 28 2.75808625156238
7 29 2.9620158108040573
8 0 3.426423956641557
8 1 3.4449077529225467
8 2 3.109086660462959
8 3 3.3886530374371855
8 4 3.230262622577635
8 5 3.6826515981728116
8 6 3.573909035670766
8 7 5.2987691920370965
8 8 3.6382422593918977
8 9 5.606724208683728
8 10 4.593241556557894
8 11 5.515702658576298
8 12 5.246902764203467
8 13 4.76081225799258
8 14 4.737375372025877
8 15 4.911497052648883
8 16 5.558914592689426
8 17 5.201522928822344
8 18 5.754637191841217
8 19 4.502864379785113
8 20 4.10388642620638
8 21 4.048417983793321
8 22 3.647395661285991
8 23 4.0126592321505825
8 24 3.103055038200095
8 25 3.4539894803250935
8 26 3.5431409768426283
8 27 3.2591210094469156
8 28 3.3261735609394942
8 29 3.650129251430734
9 0 2.9383954475943637
9 1 3.367650777390765
9 2 2.864663594794724
9 3 3.558440686217511
9 4 3.643851495725509
9 5 3.6355547551910288
9 6 4.064436417282336
9 7 4.411345185302946
9 8 5.606724208683728
9 9 5.967068960830042
9 10 5.314336708136859
9 11 5.376068688351825
9 12 6.220647610322658
9 13 5.696888991184322
9 14 5.614951421942444
9 15 4.522457402914522
9 16 5.134788250987178
9 17 5.4191163579375505
9 18 5.700019116004902
9 19 4.787342947302954
9 20 4.940671029289301
9 21 4.762810174395541
9 22 4.048417983793321
9 23 4.048506370222913
9 24 4.56072540868179
9 25 3.538900830982609
9 26 3.417613369675761
9 27 3.1186451454547566
9 28 3.3263547311852113
9 29 3.0471017654871746
10 0 3.2119794030932933
10 1 3.384128422781246
10 2 3.0801469204539824
10 3 3.619755099093875
10 4 3.6534770131847734
10 5 4.30006064017384
10 6 4.516598146832161
10 7 4.728955553024816
10 8 4.593241556557894
10 9 5.314336708136859
10 10 5.312026570428849
10 11 5.189879017635593
10 12 5.6323438158843615
10 13 6.622789251074732
10 14 5.676325335747758
10 15 6.14012833803157
10 16 6.082855551218346
10 17 6.23367687595873
10 18 4.777602387726582
10 19 5.134489003040217
10 20 4.976747833820417
10 21 4.940671029289301
10 22 4.10388642620638
10 23 4.486831426228358
10 24 4.344070953932866
10 25 3.511195009085802
10 26 4.131968717169875
10 27 3.385720203829242
10 28 3.0235292332448145
10 29 3.8972215031523647
11 0 3.5319947032323418
11 1 3.1667671095080285
11 2 3.3340194791654185
11 3 3.89630269489542
11 4 3.7352714131729874
11 5 4.407758918991996
11 6 4.050172748319589
11 7 3.9002488072044685
11 8 5.515702658576298
11 9 5.376068688351825
11 10 5.189879017635593
11 11 5.98659770023639
11 12 7.099751891056616
11 13 6.802888150314917
11 14 7.124813609416684
11 15 6.166619554822031
11 16 5.894333851354132
11 17 7.032033605853534
11 18 6.337427696862399
11 19 5.382348922262975
11 20 5.134489003040217
11 21 4.787342947302954
11 22 4.502864379785113
11 23 5.4181121290721155
11 24 4.321037873582275
11 25 4.799189116045025
11 26 3.2918211939243123
11 27 3.077115548142386
11 28 3.7969316722483613
11 29 3.313959217793138
12 0 3.152829856663686
12 1 2.816455127183634
12 2 3.8758572873150627
12 3 3.6062714114738985
12 4 3.8520477021533863
12 5 4.30351974909068
12 6 4.476742914997276
12 7 4.907136240623886
12 8 5.246902764203467
12 9 6.220647610322658
12 10 5.6323438158843615
12 11 7.099751891056616
12 12 7.646698498400046
12 13 7.917826539410134
12 14 8.733752855204338
12 15 6.968045712696191
12 16 8.361871402915984
12 17 7.922262850177698
12 18 7.119140624999999
12 19 6.337427696862399
12 20 4.777602387726582
12 21 5.700019116004902
12 22 5.754637191841217
12 23 4.841199235923665
12 24 4.254220628287446
12 25 4.7386447398996
12 26 3.952259939114628
12 27 3.7376892198266445
12 28 2.7113196344859927
12 29 3.0419098522702104
13 0 3.093130703214362
13 1 3.1603781477612896
13 2 3.4612419660704075
13 3 3.8547558517611757
13 4 3.747963620684059
13 5 3.4301181428853833
13 6 4.605348993510011
13 7 4.888871272530636
13 8 4.76081225799258
13 9 5.696888991184322
13 10 6.622789251074732
13 11 6.802888150314917
13 12 7.917826539410134
13 13 9.105532901790625
13 14 10.099464318808842
13 15 10.024365838298216
13 16 9.268391695045395
13 17 8.476332509000146
13 18 7.922262850177698
13 19 7.032033605853534
13 20 6.23367687595873
13 21 5.4191163579375505
13 22 5.201522928822344
13 23 4.87319295460392
13 24 4.828568774676027
13 25 4.2667610554331565
13 26 3.6065381820583244
13 27 3.4327128915684475
13 28 3.9433963313298683
13 29 3.0299766374944492
14 0 3.031625341781242
14 1 2.837562662862942
14 2 3.4318898627309395
14 3 3.9175227292213664
14 4 3.5362550978246277
14 5 3.8027786503181673
14 6 4.271656334328028
14 7 4.536386044125844
14 8 4.737375372025877
14 9 5.614951421942444
14 10 5.676325335747758
14 11 7.124813609416684
14 12 8.733752855204338
14 13 10.099464318808842
14 14 24.775391804413186
14 15 11.692549090063773
14 16 9.779969938956876
14 17 9.268391695045395
14 18 8.361871402915984
14 19 5.894333851354132
14 20 6.082855551218346
14 21 5.134788250987178
14 22 5.558914592689426
14 23 4.56046196176496
14 24 4.451292458519203
14 25 4.075543667179856
14 26 4.3070233720824955
14 27 3.3441792724671986
14 28 3.0676915807862417
14 29 3.2258785741750984
15 0 4.79098461443982
15 1 3.3387741112133016
15 2 3.4842295833327888
15 3 3.706490293845452
15 4 3.871927338802062
15 5 3.473151778002958
15 6 4.753309797491768
15 7 4.97189467212978
15 8 4.911497052648883
15 9 4.522457402914522
15 10 6.14012833803157
15 11 6.166619554822031
15 12 6.968045712696191
15 13 10.024365838298216
15 14 11.692549090063773
15 15 11.755371093749998
15 16 11.692549090063773
15 17 10.024365838298216
15 18 6.968045712696191
15 19 6.166619554822031
15 20 6.14012833803157
15 21 4.522457402914522
15 22 4.911497052648883
15 23 4.97189467212978
15 24 4.753309797491768
15 25 3.473151778002958
15 26 3.871927338802062
15 27 3.706490293845452
15 28 3.4842295833327888
15 29 3.3387741112133016
16 0 3.92998798088653
16 1 3.2258785741750984
16 2 3.0676915807862417
16 3 3.3441792724671986
16 4 4.3070233720824955
16 5 4.075543667179856
16 6 4.451292458519203
16 7 4.56046196176496
16 8 5.558914592689426
16 9 5.134788250987178
16 10 6.082855551218346
16 11 5.894333851354132
16 12 8.361871402915984
16 13 9.268391695045395
16 14 9.779969938956876
16 15 11.692549090063773
16 16 24.775391804413186
16 17 10.099464318808842
16 18 8.733752855204338
16 19 7.124813609416684
16 20 5.676325335747758
16 21 5.614951421942444
16 22 4.737375372025877
16 23 4.536386044125844
16 24 4.271656334328028
16 25 3.8027786503181673
16 26 3.5362550978246277
16 27 3.9175227292213664
16 28 3.4318898627309395
16 29 2.837562662862942
17 0 3.311718338378072
17 1 3.0299766374944492
17 2 3.9433963313298683
17 3 3.4327128915684475
17 4 3.6065381820583244
17 5 4.2667610554331565
17 6 4.828568774676027
17 7 4.87319295460392
17 8 5.201522928822344
17 9 5.4191163579375505
17 10 6.23367687595873
17 11 7.032033605853534
17 12 7.922262850177698
17 13 8.476332509000146
17 14 9.268391695045395
17 15 10.024365838298216
17 16 10.099464318808842
17 17 9.105532901790625
17 18 7.917826539410134
17 19 6.802888150314917
17 20 6.622789251074732
17 21 5.696888991184322
17 22 4.76081225799258
17 23 4.888871272530636
17 24 4.605348993510011
17 25 3.4301181428853833
17 26 3.747963620684059
17 27 3.8547558517611757
17 28 3.4612419660704075
17 29 3.1603781477612896
18 0 3.535287289931146
18 1 3.0419098522702104
18 2 2.7113196344859927
18 3 3.7376892198266445
18 4 3.952259939114628
18 5 4.7386447398996
18 6 4.254220628287446
18 7 4.841199235923665
18 8 5.754637191841217
18 9 5.700019116004902
18 10 4.777602387726582
18 11 6.337427696862399
18 12 7.119140624999999
18 13 7.922262850177698
18 14 8.361871402915984
18 15 6.968045712696191
18 16 8.733752855204338
18 17 7.917826539410134
18 18 7.646698498400046
18 19 7.099751891056616
18 20 5.6323438158843615
18 21 6.220647610322658
18 22 5.246902764203467
18 23 4.907136240623886
18 24 4.476742914997276
18 25 4.30351974909068
18 26 3.8520477021533863
18 27 3.6062714114738985
18 28 3.8758572873150627
18 29 2.816455127183634
19 0 3.040575346423992
19 1 3.313959217793138
19 2 3.7969316722483613
19 3 3.077115548142386
19 4 3.2918211939243123
19 5 4.799189116045025
19 6 4.321037873582275
19 7 5.4181121290721155
19 8 4.502864379785113
19 9 4.787342947302954
19 10 5.134489003040217
19 11 5.382348922262975
19 12 6.337427696862399
19 13 7.032033605853534
19 14 5.894333851354132
19 15 6.166619554822031
19 16 7.124813609416684
19 17 6.802888150314917
19 18 7.099751891056616
19 19 5.98659770023639
19 20 5.189879017635593
19 21 5.376068688351825
19 22 5.515702658576298
19 23 3.9002488072044685
19 24 4.050172748319589
19 25 4.407758918991996
19 26 3.7352714131729874
19 27 3.89630269489542
19 28 3.3340194791654185
19 29 3.1667671095080285
20 0 3.416641252526286
20 1 3.8972215031523647
20 2 3.0235292332448145
20 3 3.385720203829242
20 4 4.131968717169875
20 5 3.511195009085802
20 6 4.344070953932866
20 7 4.486831426228358
20 8 4.10388642620638
20 9 4.940671029289301
20 10 4.976747833820417
20 11 5.134489003040217
20 12 4.777602387726582
20 13 6.23367687595873
20 14 6.082855551218346
20 15 6.14012833803157
20 16 5.676325335747758
20 17 6.622789251074732
20 18 5.6323438158843615
20 19 5.189879017635593
20 20 5.312026570428849
20 21 5.314336708136859
20 22 4.593241556557894
20 23 4.728955553024816
20 24 4.516598146832161
20 25 4.30006064017384
20 26 3.6534770131847734
20 27 3.619755099093875
20 28 3.0801469204539824
20 29 3.384128422781246
21 0 2.7895430039569455
21 1 3.0471017654871746
21 2 3.3263547311852113
21 3 3.1186451454547566
21 4 3.417613369675761
21 5 3.538900830982609
21 6 4.56072540868179
21 7 4.048506370222913
21 8 4.048417983793321
21 9 4.762810174395541
21 10 4.940671029289301
21 11 4.787342947302954
21 12 5.700019116004902
21 13 5.4191163579375505
21 14 5.134788250987178
21 15 4.522457402914522
21 16 5.614951421942444
21 17 5.696888991184322
21 18 6.220647610322658
21 19 5.376068688351825
21 20 5.314336708136859
21 21 5.967068960830042
21 22 5.606724208683728
21 23 4.411345185302946
21 24 4.064436417282336
21 25 3.6355547551910288
21 26 3.643851495725509
21 27 3.558440686217511
21 28 2.864663594794724
21 29 3.367650777390765
22 0 3.147265339996299
22 1 3.650129251430734
22 2 3.3261735609394942
22 3 3.2591210094469156
22 4 3.5431409768426283
22 5 3.4539894803250935
22 6 3.103055038200095
22 7 4.0126592321505825
22 8 3.647395661285991
22 9 4.048417983793321
22 10 4.10388642620638
22 11 4.502864379785113
22 12 5.754637191841217
22 13 5.201522928822344
22 14 5.558914592689426
22 15 4.911497052648883
22 16 4.737375372025877
22 17 4.76081225799258
22 18 5.246902764203467
22 19 5.515702658576298
22 20 4.593241556557894
22 21 5.606724208683728
22 22 3.6382422593918977
22 23 5.2987691920370965
22 24 3.573909035670766
22 25 3.6826515981728116
22 26 3.230262622577635
22 27 3.3886530374371855
22 28 3.109086660462959
22 29 3.4449077529225467
23 0 3.441192147039044
23 1 2.9620158108040573
23 2 2.75808625156238
23 3 3.316342255364614
23 4 3.297287017536392
23 5 3.0534970308891483
23 6 3.4027461402626193
23 7 3.6365324873920124
23 8 4.0126592321505825
23 9 4.048506370222913
23 10 4.486831426228358
23 11 5.4181121290721155
23 12 4.841199235923665
23 13 4.87319295460392
23 14 4.56046196176496
23 15 4.97189467212978
23 16 4.536386044125844
23 17 4.888871272530636
23 18 4.907136240623886
23 19 3.9002488072044685
23 20 4.728955553024816
23 21 4.411345185302946
23 22 5.2987691920370965
23 23 3.6590741004506584
23 24 4.054103887689981
23 25 3.381004530225493
23 26 3.0626355009533164
23 27 2.8903323144258524
23 28 3.2698626047758093
23 29 3.4446307561069567
24 0 3.328807243493565
24 1 2.774363673404802
24 2 3.065947900167842
24 3 4.044081729657751
24 4 3.693360042417508
24 5 3.484087868836129
24 6 3.8190322072419307
24 7 3.4027461402626193
24 8 3.103055038200095
24 9 4.56072540868179
24 10 4.344070953932866
24 11 4.321037873582275
24 12 4.254220628287446
24 13 4.828568774676027
24 14 4.451292458519203
24 15 4.753309797491768
24 16 4.271656334328028
24 17 4.605348993510011
24 18 4.476742914997276
24 19 4.050172748319589
24 20 4.516598146832161
24 21 4.064436417282336
24 22 3.573909035670766
24 23 4.054103887689981
24 24 4.255730489935444
24 25 3.015383646625993
24 26 2.9066319574426243
24 27 3.3262837122837325
24 28 3.5126558506944785
24 29 2.9173015516266783
25 0 3.0053025320972417
25 1 3.2502190744510293
25 2 3.005708131357497
25 3 3.5175261921678587
25 4 3.51160214561323
25 5 3.2941687378702946
25 6 3.484087868836129
25 7 3.0534970308891483
25 8 3.4539894803250935
25 9 3.538900830982609
25 10 3.511195009085802
25 11 4.799189116045025
25 12 4.7386447398996
25 13 4.2667610554331565
25 14 4.075543667179856
25 15 3.473151778002958
25 16 3.8027786503181673
25 17 3.4301181428853833
25 18 4.30351974909068
25 19 4.407758918991996
25 20 4.30006064017384
25 21 3.6355547551910288
25 22 3.6826515981728116
25 23 3.381004530225493
25 24 3.015383646625993
25 25 3.1568146369221877
25 26 4.027761632190627
25 27 3.995877672022273
25 28 3.4563375412660102
25 29 3.1302933436319376
26 0 3.141782572741346
26 1 3.433131525336949
26 2 2.8725580898135843
26 3 3.1406222611464667
26 4 3.3779107394683003
26 5 3.51160214561323
26 6 3.693360042417508
26 7 3.297287017536392
26 8 3.5431409768426283
26 9 3.417613369675761
26 10 4.131968717169875
26 11 3.2918211939243123
26 12 3.952259939114628
26 13 3.6065381820583244
26 14 4.3070233720824955
26 15 3.871927338802062
26 16 3.5362550978246277
26 17 3.747963620684059
26 18 3.8520477021533863
26 19 3.7352714131729874
26 20 3.6534770131847734
26 21 3.643851495725509
26 22 3.230262622577635
26 23 3.0626355009533164
26 24 2.9066319574426243
26 25 4.027761632190627
26 26 3.078358192435226
26 27 2.7913632109431186
26 28 2.9966364272310937
26 29 3.6088772615222746
27 0 3.414368049867265
27 1 2.806530465179725
27 2 2.6573191209724145
27 3 2.9989972475550353
27 4 3.1406222611464667
27 5 3.5175261921678587
27 6 4.044081729657751
27 7 3.316342255364614
27 8 3.2591210094469156
27 9 3.1186451454547566
27 10 3.385720203829242
27 11 3.077115548142386
27 12 3.7376892198266445
27 13 3.4327128915684475
27 14 3.3441792724671986
27 15 3.706490293845452
27 16 3.9175227292213664
27 17 3.8547558517611757
27 18 3.6062714114738985
27 19 3.89630269489542
27 20 3.619755099093875
27 21 3.558440686217511
27 22 3.3886530374371855
27 23 2.8903323144258524
27 24 3.3262837122837325
27 25 3.995877672022273
27 26 2.7913632109431186
27 27 2.7304104251282157
27 28 2.7926439917767283
27 29 3.342252685945089
28 0 3.0910662399955022
28 1 3.4866012886028166
28 2 3.439728560151725
28 3 2.6573191209724145
28 4 2.8725580898135843
28 5 3.005708131357497
28 6 3.065947900167842
28 7 2.75808625156238
28 8 3.3261735609394942
28 9 3.3263547311852113
28 10 3.0235292332448145
28 11 3.7969316722483613
28 12 2.7113196344859927
28 13 3.9433963313298683
28 14 3.0676915807862417
28 15 3.4842295833327888
28 16 3.4318898627309395
28 17 3.4612419660704075
28 18 3.8758572873150627
28 19 3.3340194791654185
28 20 3.0801469204539824
28 21 2.864663594794724
28 22 3.109086660462959
28 23 3.2698626047758093
28 24 3.5126558506944785
28 25 3.4563375412660102
28 26 2.9966364272310937
28 27 2.7926439917767283
28 28 3.4697801239754695
28 29 3.2835882734135917
29 0 3.1715414025718043
29 1 3.0020196674258255
29 2 3.4866012886028166
29 3 2.806530465179725
29 4 3.433131525336949
29 5 3.2502190744510293
29 6 2.774363673404802
29 7 2.9620158108040573
29 8 3.650129251430734
29 9 3.0471017654871746
29 10 3.8972215031523647
29 11 3.313959217793138
29 12 3.0419098522702104
29 13 3.0299766374944492
29 14 3.2258785741750984
29 15 3.3387741112133016
29 16 2.837562662862942
29 17 3.1603781477612896
29 18 2.816455127183634
29 19 3.1667671095080285
29 20 3.384128422781246
29 21 3.367650777390765
29 22 3.4449077529225467
29 23 3.4446307561069567
29 24 2.9173015516266783
29 25 3.1302933436319376
29 26 3.6088772615222746
29 27 3.342252685945089
29 28 3.2835882734135917
29 29 2.778540752154532
