0 0 3.536259605115452
0 1 2.883661038731725
0 2 3.2521330801773773
0 3 2.6908837996684856
0 4 3.2331284554387283
0 5 2.876199105558791
0 6 3.272083256068277
0 7 3.2401636377308916
0 8 2.8597044703158994
0 9 2.9610954852756954
0 10 3.3621320664903607
0 11 3.7229793050881947
0 12 3.736920640337996
0 13 3.551074796746664
0 14 3.8518164580464793
0 15 3.850650516995622
0 16 3.798473641594776
0 17 3.3500304740640092
0 18 2.837939390547554
0 19 3.4436796331364783
0 20 3.4091377783963446
0 21 2.794225278276294
0 22 2.4418425979391025
0 23 3.281800953825641
0 24 3.1989237109873363
0 25 3.8279074385182654
0 26 2.934616309412674
0 27 3.7065377067377288
0 28 3.026800967978166
0 29 3.144227039469168
1 0 2.883661038731725
1 1 3.3211776433786375
1 2 3.6203493739822505
1 3 3.260170659534109
1 4 3.185979747363051
1 5 3.0393509359975885
1 6 3.0527220034978937
1 7 3.4012243900917682
1 8 3.2232432694272695
1 9 3.648965679634272
1 10 3.473746096912439
1 11 2.861464615082422
1 12 2.8661714479297005
1 13 3.265638618847466
1 14 2.919109907081837
1 15 3.192400504604856
1 16 3.3475900237787557
1 17 3.474713667853034
1 18 3.302911671677307
1 19 3.109086660462959
1 20 3.6979506165430713
1 21 2.905245594412913
1 22 3.3285990760928046
1 23 3.1015953190296957
1 24 3.1411861270173684
1 25 3.0592226673567464
1 26 3.3671039023180347
1 27 3.141782572741346
1 28 2.996262344697968
1 29 2.898907307784569
2 0 3.2521330801773773
2 1 3.6203493739822505
2 2 3.274064436213211
2 3 3.5646893325195643
2 4 2.8762208784392334
2 5 3.3757958935352583
2 6 3.436812815344816
2 7 3.657075071622795
2 8 3.142530610425319
2 9 3.3605300910251374
2 10 3.2293796310348735
2 11 3.4428386447140618
2 12 3.118396774588511
2 13 3.076306350710774
2 14 2.997036756861868
2 15 3.497646652512022
2 16 3.4738223015977328
2 17 3.0593823785724887
2 18 3.133493309035426
2 19 3.0897299574855324
2 20 3.1603781477612896
2 21 3.2378954036711884
2 22 3.377484287797488
2 23 2.8327701168597192
2 24 2.8621719405568604
2 25 2.8008519812838526
2 26 3.2502190744510293
2 27 2.946507509559154
2 28 3.2852266247006097
2 29 2.996262344697968
3 0 2.6908837996684856
3 1 3.260170659534109
3 2 3.5646893325195643
3 3 2.900819030780389
3 4 2.9616886439028463
3 5 3.039900612970331
3 6 3.404435399098407
3 7 3.2419790269408804
3 8 3.294393866609583
3 9 3.8956500114154466
3 10 3.6798832033590787
3 11 3.7519869071830696
3 12 3.766589720022341
3 13 3.5742846099452374
3 14 3.3126356000206845
3 15 3.889830759381475
3 16 3.9275322984559553
3 17 3.6658668267123984
3 18 3.7854077146890672
3 19 3.233369426816813
3 20 3.744591571427255
3 21 3.056771113767861
3 22 3.060023880885989
3 23 3.4177026325622153
3 24 3.2824455393832985
3 25 3.065947900167842
3 26 2.8198965329091146
3 27 3.1034790972219564
3 28 2.946507509559154
3 29 3.141782572741346
4 0 3.2331284554387283
4 1 3.185979747363051
4 2 2.8762208784392334
4 3 2.9616886439028463
4 4 3.332850517654476
4 5 3.2489040436090444
4 6 3.384958831134759
4 7 3.0177812445916263
4 8 3.6067390251622924
4 9 3.6250465270516856
4 10 3.5026194711191225
4 11 3.8345128989759214
4 12 4.140147710734219
4 13 3.9223863918507362
4 14 4.695455689921983
4 15 3.7759448817508545
4 16 4.234286803899239
4 17 3.575626433210943
4 18 3.6355547551910288
4 19 3.8785860823518745
4 20 3.230756353686732
4 21 3.561431136599387
4 22 3.377665733258523
4 23 2.953081226807208
4 24 3.316342255364614
4 25 3.1605407537807615
4 26 3.4043559017880183
4 27 2.8198965329091146
4 28 3.2502190744510293
4 29 3.3671039023180347
5 0 2.876199105558791
5 1 3.0393509359975885
5 2 3.3757958935352583
5 3 3.039900612970331
5 4 3.2489040436090444
5 5 3.051889666206498
5 6 3.1488025976415703
5 7 3.3904443449785675
5 8 3.649500591721421
5 9 3.2515527502637522
5 10 3.9435359516250723
5 11 4.334767758576786
5 12 4.166515694651545
5 13 3.3218820115639405
5 14 4.314721797495617
5 15 3.5821608520515835
5 16 3.749733355865054
5 17 4.284124819515888
5 18 4.035922302252845
5 19 3.5362550978246277
5 20 3.434758612002214
5 21 3.518623312283209
5 22 3.570322556535534
5 23 3.5431409768426283
5 24 2.9519953380924084
5 25 3.051638262366988
5 26 3.1605407537807615
5 27 3.065947900167842
5 28 2.8008519812838526
5 29 3.0592226673567464
6 0 3.272083256068277
6 1 3.0527220034978937
6 2 3.436812815344816
6 3 3.404435399098407
6 4 3.384958831134759
6 5 3.1488025976415703
6 6 4.151729626671476
6 7 3.9660224088141107
6 8 4.286440473709645
6 9 3.7518299168981817
6 10 4.042950506523003
6 11 4.522366831357801
6 12 5.028495441443327
6 13 4.317741565142738
6 14 5.1738568543069166
6 15 5.1647324599233135
6 16 4.565148637496507
6 17 3.8367777222979527
6 18 4.616760938171524
6 19 4.012205328836929
6 20 4.108011663106104
6 21 3.5745938482062805
6 22 3.538900830982609
6 23 3.8723636189550503
6 24 3.653104784779572
6 25 2.9519953380924084
6 26 3.316342255364614
6 27 3.2824455393832985
6 28 2.8621719405568604
6 29 3.1411861270173684
7 0 3.2401636377308916
7 1 3.4012243900917682
7 2 3.657075071622795
7 3 3.2419790269408804
7 4 3.0177812445916263
7 5 3.3904443449785675
7 6 3.9660224088141107
7 7 4.190124969277585
7 8 4.4849534686624635
7 9 4.588844275598263
7 10 4.977608289723309
7 11 5.019137924857779
7 12 5.650013929109326
7 13 5.620971199526239
7 14 5.711487485727356
7 15 4.093127392044822
7 16 5.172850717241004
7 17 4.593241556557894
7 18 4.877437328364203
7 19 4.469747544967989
7 20 3.664052838834078
7 21 4.344070953932866
7 22 3.985187853890448
7 23 3.294141106403933
7 24 3.8723636189550503
7 25 3.5431409768426283
7 26 2.953081226807208
7 27 3.4177026325622153
7 28 2.8327701168597192
7 29 3.1015953190296957
8 0 2.8597044703158994
8 1 3.2232432694272695
8 2 3.142530610425319
8 3 3.294393866609583
8 4 3.6067390251622924
8 5 3.649500591721421
8 6 4.286440473709645
8 7 4.4849534686624635
8 8 5.066268977205849
8 9 5.347947454023857
8 10 5.761150334861549
8 11 5.22305605753917
8 12 5.5361499401384755
8 13 5.654957671842632
8 14 5.4482915484054315
8 15 5.122846240757403
8 16 4.91544045247168
8 17 5.4761949906741725
8 18 4.97189467212978
8 19 4.997018371869052
8 20 5.4181121290721155
8 21 4.381927995628245
8 22 4.578412828638664
8 23 3.985187853890448
8 24 3.538900830982609
8 25 3.570322556535534
8 26 3.377665733258523
8 27 3.060023880885989
8 28 3.377484287797488
8 29 3.3285990760928046
9 0 2.9610954852756954
9 1 3.648965679634272
9 2 3.3605300910251374
9 3 3.8956500114154466
9 4 3.6250465270516856
9 5 3.2515527502637522
9 6 3.7518299168981817
9 7 4.588844275598263
9 8 5.347947454023857
9 9 4.510851070415597
9 10 6.044465635320168
9 11 5.606687394227955
9 12 5.679152702373362
9 13 6.5128833080418405
9 14 6.8078661883225715
9 15 5.692301546602332
9 16 5.8226656650154425
9 17 5.402994530010426
9 18 3.8104727218857666
9 19 5.754637191841217
9 20 4.475725780895544
9 21 4.935271258226646
9 22 4.381927995628245
9 23 4.344070953932866
9 24 3.5745938482062805
9 25 3.518623312283209
9 26 3.561431136599387
9 27 3.056771113767861
9 28 3.2378954036711884
9 29 2.905245594412913
10 0 3.3621320664903607
10 1 3.473746096912439
10 2 3.2293796310348735
10 3 3.6798832033590787
10 4 3.5026194711191225
10 5 3.9435359516250723
10 6 4.042950506523003
10 7 4.977608289723309
10 8 5.761150334861549
10 9 6.044465635320168
10 10 5.253645818287756
10 11 5.908507144509107
10 12 7.177959867457959
10 13 6.79458753839932
10 14 6.013395875411357
10 15 6.790751129642416
10 16 5.98659770023639
10 17 5.784530321408115
10 18 5.4191163579375505
10 19 5.22793878409174
10 20 4.862820627576174
10 21 4.475725780895544
10 22 5.4181121290721155
10 23 3.664052838834078
10 24 4.108011663106104
10 25 3.434758612002214
10 26 3.230756353686732
10 27 3.744591571427255
10 28 3.1603781477612896
10 29 3.6979506165430713
11 0 3.7229793050881947
11 1 2.861464615082422
11 2 3.4428386447140618
11 3 3.7519869071830696
11 4 3.8345128989759214
11 5 4.334767758576786
11 6 4.522366831357801
11 7 5.019137924857779
11 8 5.22305605753917
11 9 5.606687394227955
11 10 5.908507144509107
11 11 5.7998614359525815
11 12 5.9879042365854565
11 13 8.520682672133749
11 14 8.171537553652556
11 15 6.896580883798189
11 16 6.595874025203265
11 17 6.082855551218346
11 18 6.665099967915915
11 19 5.469727224760208
11 20 5.22793878409174
11 21 5.754637191841217
11 22 4.997018371869052
11 23 4.469747544967989
11 24 4.012205328836929
11 25 3.5362550978246277
11 26 3.8785860823518745
11 27 3.233369426816813
11 28 3.0897299574855324
11 29 3.109086660462959
12 0 3.736920640337996
12 1 2.8661714479297005
12 2 3.118396774588511
12 3 3.766589720022341
12 4 4.140147710734219
12 5 4.166515694651545
12 6 5.028495441443327
12 7 5.650013929109326
12 8 5.5361499401384755
12 9 5.679152702373362
12 10 7.177959867457959
12 11 5.9879042365854565
12 12 8.931988289772232
12 13 10.944107796032437
12 14 9.179577725718536
12 15 9.31317883160014
12 16 6.166619554822031
12 17 6.865703446660802
12 18 6.189861357991581
12 19 6.665099967915915
12 20 5.4191163579375505
12 21 3.8104727218857666
12 22 4.97189467212978
12 23 4.877437328364203
12 24 4.616760938171524
12 25 4.035922302252845
12 26 3.6355547551910288
12 27 3.7854077146890672
12 28 3.133493309035426
12 29 3.302911671677307
13 0 3.551074796746664
13 1 3.265638618847466
13 2 3.076306350710774
13 3 3.5742846099452374
13 4 3.9223863918507362
13 5 3.3218820115639405
13 6 4.317741565142738
13 7 5.620971199526239
13 8 5.654957671842632
13 9 6.5128833080418405
13 10 6.79458753839932
13 11 8.520682672133749
13 12 10.944107796032437
13 13 25.915847037281196
13 14 12.845309945021576
13 15 8.733752855204338
13 16 6.369627362640553
13 17 6.780371422025789
13 18 6.865703446660802
13 19 6.082855551218346
13 20 5.784530321408115
13 21 5.402994530010426
13 22 5.4761949906741725
13 23 4.593241556557894
13 24 3.8367777222979527
13 25 4.284124819515888
13 26 3.575626433210943
13 27 3.6658668267123984
13 28 3.0593823785724887
13 29 3.474713667853034
14 0 3.8518164580464793
14 1 2.919109907081837
14 2 2.997036756861868
14 3 3.3126356000206845
14 4 4.695455689921983
14 5 4.314721797495617
14 6 5.1738568543069166
14 7 5.711487485727356
14 8 5.4482915484054315
14 9 6.8078661883225715
14 10 6.013395875411357
14 11 8.171537553652556
14 12 9.179577725718536
14 13 12.845309945021576
14 14 9.105532901790625
14 15 8.424839604329124
14 16 8.476332509000146
14 17 6.369627362640553
14 18 6.166619554822031
14 19 6.595874025203265
14 20 5.98659770023639
14 21 5.8226656650154425
14 22 4.91544045247168
14 23 5.172850717241004
14 24 4.565148637496507
14 25 3.749733355865054
14 26 4.234286803899239
14 27 3.9275322984559553
14 28 3.4738223015977328
14 29 3.3475900237787557
15 0 3.850650516995622
15 1 3.192400504604856
15 2 3.497646652512022
15 3 3.889830759381475
15 4 3.7759448817508545
15 5 3.5821608520515835
15 6 5.1647324599233135
15 7 4.093127392044822
15 8 5.122846240757403
15 9 5.692301546602332
15 10 6.790751129642416
15 11 6.896580883798189
15 12 9.31317883160014
15 13 8.733752855204338
15 14 8.424839604329124
15 15 8.370261251319235
15 16 8.424839604329124
15 17 8.733752855204338
15 18 9.31317883160014
15 19 6.896580883798189
15 20 6.790751129642416
15 21 5.692301546602332
15 22 5.122846240757403
15 23 4.093127392044822
15 24 5.1647324599233135
15 25 3.5821608520515835
15 26 3.7759448817508545
15 27 3.889830759381475
15 28 3.497646652512022
15 29 3.192400504604856
16 0 3.798473641594776
16 1 3.3475900237787557
16 2 3.4738223015977328
16 3 3.9275322984559553
16 4 4.234286803899239
16 5 3.749733355865054
16 6 4.565148637496507
16 7 5.172850717241004
16 8 4.91544045247168
16 9 5.8226656650154425
16 10 5.98659770023639
16 11 6.595874025203265
16 12 6.166619554822031
16 13 6.369627362640553
16 14 8.476332509000146
16 15 8.424839604329124
16 16 9.105532901790625
16 17 12.845309945021576
16 18 9.179577725718536
16 19 8.171537553652556
16 20 6.013395875411357
16 21 6.8078661883225715
16 22 5.4482915484054315
16 23 5.711487485727356
16 24 5.1738568543069166
16 25 4.314721797495617
16 26 4.695455689921983
16 27 3.3126356000206845
16 28 2.997036756861868
16 29 2.919109907081837
17 0 3.3500304740640092
17 1 3.474713667853034
17 2 3.0593823785724887
17 3 3.6658668267123984
17 4 3.575626433210943
17 5 4.284124819515888
17 6 3.8367777222979527
17 7 4.593241556557894
17 8 5.4761949906741725
17 9 5.402994530010426
17 10 5.784530321408115
17 11 6.082855551218346
17 12 6.865703446660802
17 13 6.780371422025789
17 14 6.369627362640553
17 15 8.733752855204338
17 16 12.845309945021576
17 17 25.915847037281196
17 18 10.944107796032437
17 19 8.520682672133749
17 20 6.79458753839932
17 21 6.5128833080418405
17 22 5.654957671842632
17 23 5.620971199526239
17 24 4.317741565142738
17 25 3.3218820115639405
17 26 3.9223863918507362
17 27 3.5742846099452374
17 28 3.076306350710774
17 29 3.265638618847466
18 0 2.837939390547554
18 1 3.302911671677307
18 2 3.133493309035426
18 3 3.7854077146890672
18 4 3.6355547551910288
18 5 4.035922302252845
18 6 4.616760938171524
18 7 4.877437328364203
18 8 4.97189467212978
18 9 3.8104727218857666
18 10 5.4191163579375505
18 11 6.665099967915915
18 12 6.189861357991581
18 13 6.865703446660802
18 14 6.166619554822031
18 15 9.31317883160014
18 16 9.179577725718536
18 17 10.944107796032437
18 18 8.931988289772232
18 19 5.9879042365854565
18 20 7.177959867457959
18 21 5.679152702373362
18 22 5.5361499401384755
18 23 5.650013929109326
18 24 5.028495441443327
18 25 4.166515694651545
18 26 4.140147710734219
18 27 3.766589720022341
18 28 3.118396774588511
18 29 2.8661714479297005
19 0 3.4436796331364783
19 1 3.109086660462959
19 2 3.0897299574855324
19 3 3.233369426816813
19 4 3.8785860823518745
19 5 3.5362550978246277
19 6 4.012205328836929
19 7 4.469747544967989
19 8 4.997018371869052
19 9 5.754637191841217
19 10 5.22793878409174
19 11 5.469727224760208
19 12 6.665099967915915
19 13 6.082855551218346
19 14 6.595874025203265
19 15 6.896580883798189
19 16 8.171537553652556
19 17 8.520682672133749
19 18 5.9879042365854565
19 19 5.7998614359525815
19 20 5.908507144509107
19 21 5.606687394227955
19 22 5.22305605753917
19 23 5.019137924857779
19 24 4.522366831357801
19 25 4.334767758576786
19 26 3.8345128989759214
19 27 3.7519869071830696
19 28 3.4428386447140618
19 29 2.861464615082422
20 0 3.4091377783963446
20 1 3.6979506165430713
20 2 3.1603781477612896
20 3 3.744591571427255
20 4 3.230756353686732
20 5 3.434758612002214
20 6 4.108011663106104
20 7 3.664052838834078
20 8 5.4181121290721155
20 9 4.475725780895544
20 10 4.862820627576174
20 11 5.22793878409174
20 12 5.4191163579375505
20 13 5.784530321408115
20 14 5.98659770023639
20 15 6.790751129642416
20 16 6.013395875411357
20 17 6.79458753839932
20 18 7.177959867457959
20 19 5.908507144509107
20 20 5.253645818287756
20 21 6.044465635320168
20 22 5.761150334861549
20 23 4.977608289723309
20 24 4.042950506523003
20 25 3.9435359516250723
20 26 3.5026194711191225
20 27 3.6798832033590787
20 28 3.2293796310348735
20 29 3.473746096912439
21 0 2.794225278276294
21 1 2.905245594412913
21 2 3.2378954036711884
21 3 3.056771113767861
21 4 3.561431136599387
21 5 3.518623312283209
21 6 3.5745938482062805
21 7 4.344070953932866
21 8 4.381927995628245
21 9 4.935271258226646
21 10 4.475725780895544
21 11 5.754637191841217
21 12 3.8104727218857666
21 13 5.402994530010426
21 14 5.8226656650154425
21 15 5.692301546602332
21 16 6.8078661883225715
21 17 6.5128833080418405
21 18 5.679152702373362
21 19 5.606687394227955
21 20 6.044465635320168
21 21 4.510851070415597
21 22 5.347947454023857
21 23 4.588844275598263
21 24 3.7518299168981817
21 25 3.2515527502637522
21 26 3.6250465270516856
21 27 3.8956500114154466
21 28 3.3605300910251374
21 29 3.648965679634272
22 0 2.4418425979391025
22 1 3.3285990760928046
22 2 3.377484287797488
22 3 3.060023880885989
22 4 3.377665733258523
22 5 3.570322556535534
22 6 3.538900830982609
22 7 3.985187853890448
22 8 4.578412828638664
22 9 4.381927995628245
22 10 5.4181121290721155
22 11 4.997018371869052
22 12 4.97189467212978
22 13 5.4761949906741725
22 14 4.91544045247168
22 15 5.122846240757403
22 16 5.4482915484054315
22 17 5.654957671842632
22 18 5.5361499401384755
22 19 5.22305605753917
22 20 5.761150334861549
22 21 5.347947454023857
22 22 5.066268977205849
22 23 4.4849534686624635
22 24 4.286440473709645
22 25 3.649500591721421
22 26 3.6067390251622924
22 27 3.294393866609583
22 28 3.142530610425319
22 29 3.2232432694272695
23 0 3.281800953825641
23 1 3.1015953190296957
23 2 2.8327701168597192
23 3 3.4177026325622153
23 4 2.953081226807208
23 5 3.5431409768426283
23 6 3.8723636189550503
23 7 3.294141106403933
23 8 3.985187853890448
23 9 4.344070953932866
23 10 3.664052838834078
23 11 4.469747544967989
23 12 4.877437328364203
23 13 4.593241556557894
23 14 5.172850717241004
23 15 4.093127392044822
23 16 5.711487485727356
23 17 5.620971199526239
23 18 5.650013929109326
23 19 5.019137924857779
23 20 4.977608289723309
23 21 4.588844275598263
23 22 4.4849534686624635
23 23 4.190124969277585
23 24 3.9660224088141107
23 25 3.3904443449785675
23 26 3.0177812445916263
23 27 3.2419790269408804
23 28 3.657075071622795
23 29 3.4012243900917682
24 0 3.1989237109873363
24 1 3.1411861270173684
24 2 2.8621719405568604
24 3 3.2824455393832985
24 4 3.316342255364614
24 5 2.9519953380924084
24 6 3.653104784779572
24 7 3.8723636189550503
24 8 3.538900830982609
24 9 3.5745938482062805
24 10 4.108011663106104
24 11 4.012205328836929
24 12 4.616760938171524
24 13 3.8367777222979527
24 14 4.565148637496507
24 15 5.1647324599233135
24 16 5.1738568543069166
24 17 4.317741565142738
24 18 5.028495441443327
24 19 4.522366831357801
24 20 4.042950506523003
24 21 3.7518299168981817
24 22 4.286440473709645
24 23 3.9660224088141107
24 24 4.151729626671476
24 25 3.1488025976415703
24 26 3.384958831134759
24 27 3.404435399098407
24 28 3.436812815344816
24 29 3.0527220034978937
25 0 3.8279074385182654
25 1 3.0592226673567464
25 2 2.8008519812838526
25 3 3.065947900167842
25 4 3.1605407537807615
25 5 3.051638262366988
25 6 2.9519953380924084
25 7 3.5431409768426283
25 8 3.570322556535534
25 9 3.518623312283209
25 10 3.434758612002214
25 11 3.5362550978246277
25 12 4.035922302252845
25 13 4.284124819515888
25 14 3.749733355865054
25 15 3.5821608520515835
25 16 4.314721797495617
25 17 3.3218820115639405
25 18 4.166515694651545
25 19 4.334767758576786
25 20 3.9435359516250723
25 21 3.2515527502637522
25 22 3.649500591721421
25 23 3.3904443449785675
25 24 3.1488025976415703
25 25 3.051889666206498
25 26 3.2489040436090444
25 27 3.039900612970331
25 28 3.3757958935352583
25 29 3.0393509359975885
26 0 2.934616309412674
26 1 3.3671039023180347
26 2 3.2502190744510293
26 3 2.8198965329091146
26 4 3.4043559017880183
26 5 3.1605407537807615
26 6 3.316342255364614
26 7 2.953081226807208
26 8 3.377665733258523
26 9 3.561431136599387
26 10 3.230756353686732
26 11 3.8785860823518745
26 12 3.6355547551910288
26 13 3.575626433210943
26 14 4.234286803899239
26 15 3.7759448817508545
26 16 4.695455689921983
26 17 3.9223863918507362
26 18 4.140147710734219
26 19 3.8345128989759214
26 20 3.5026194711191225
26 21 3.6250465270516856
26 22 3.6067390251622924
26 23 3.0177812445916263
26 24 3.384958831134759
26 25 3.2489040436090444
26 26 3.332850517654476
26 27 2.9616886439028463
26 28 2.8762208784392334
26 29 3.185979747363051
27 0 3.7065377067377288
27 1 3.141782572741346
27 2 2.946507509559154
27 3 3.1034790972219564
27 4 2.8198965329091146
27 5 3.065947900167842
27 6 3.2824455393832985
27 7 3.4177026325622153
27 8 3.060023880885989
27 9 3.056771113767861
27 10 3.744591571427255
27 11 3.233369426816813
27 12 3.7854077146890672
27 13 3.6658668267123984
27 14 3.9275322984559553
27 15 3.889830759381475
27 16 3.3126356000206845
27 17 3.5742846099452374
27 18 3.766589720022341
27 19 3.7519869071830696
27 20 3.6798832033590787
27 21 3.8956500114154466
27 22 3.294393866609583
27 23 3.2419790269408804
27 24 3.404435399098407
27 25 3.039900612970331
27 26 2.9616886439028463
27 27 2.900819030780389
27 28 3.5646893325195643
27 29 3.260170659534109
28 0 3.026800967978166
28 1 2.996262344697968
28 2 3.2852266247006097
28 3 2.946507509559154
28 4 3.2502190744510293
28 5 2.8008519812838526
28 6 2.8621719405568604
28 7 2.8327701168597192
28 8 3.377484287797488
28 9 3.2378954036711884
28 10 3.1603781477612896
28 11 3.0897299574855324
28 12 3.133493309035426
28 13 3.0593823785724887
28 14 3.4738223015977328
28 15 3.497646652512022
28 16 2.997036756861868
28 17 3.076306350710774
28 18 3.118396774588511
28 19 3.4428386447140618
28 20 3.2293796310348735
28 21 3.3605300910251374
28 22 3.142530610425319
28 23 3.657075071622795
28 24 3.436812815344816
28 25 3.3757958935352583
28 26 2.8762208784392334
28 27 3.5646893325195643
28 28 3.274064436213211
28 29 3.6203493739822505
29 0 3.144227039469168
29 1 2.898907307784569
29 2 2.996262344697968
29 3 3.141782572741346
29 4 3.3671039023180347
29 5 3.0592226673567464
29 6 3.1411861270173684
29 7 3.1015953190296957
29 8 3.3285990760928046
29 9 2.905245594412913
29 10 3.6979506165430713
29 11 3.109086660462959
29 12 3.302911671677307
29 13 3.474713667853034
29 14 3.3475900237787557
29 15 3.192400504604856
29 16 2.919109907081837
29 17 3.265638618847466
29 18 2.8661714479297005
29 19 2.861464615082422
29 20 3.473746096912439
29 21 3.648965679634272
29 22 3.2232432694272695
29 23 3.4012243900917682
29 24 3.0527220034978937
29 25 3.0393509359975885
29 26 3.185979747363051
29 27 3.260170659534109
29 28 3.6203493739822505
29 29 3.3211776433786375
