0 0 2.5265007475565158
0 1 3.0402394617230026
0 2 3.0559988577134747
0 3 3.2177566262224664
0 4 2.742159694544959
0 5 2.7759147544184164
0 6 3.0037807868191493
0 7 3.8890380000091045
0 8 3.6582764188213455
0 9 3.560526220165388
0 10 2.99262613358503
0 11 3.510007332277608
0 12 3.407450642226257
0 13 2.950821736727665
0 14 3.246272152933336
0 15 3.288808548130779
0 16 3.4615034707292596
0 17 3.3620769201825453
0 18 3.4146070643428827
0 19 3.094683110377511
0 20 3.308252857709226
0 21 2.8455773185529085
0 22 3.2663555798540282
0 23 2.806865686982534
0 24 3.2944612238301123
0 25 3.0339553551619547
0 26 3.3050309943792113
0 27 3.1137858111775922
0 28 2.8405046657817175
0 29 3.4190623176764863
1 0 3.0402394617230026
1 1 3.1033813321769506
1 2 2.989300474973584
1 3 2.9724836565339663
1 4 3.1495370940349807
1 5 3.2808346341897288
1 6 3.9527216657063384
1 7 3.107273754567518
1 8 3.4224616252066418
1 9 3.1343135340447925
1 10 3.4392646717619972
1 11 3.293265962689491
1 12 2.6801722547407127
1 13 3.307611789143953
1 14 3.3773800608830733
1 15 3.4250339938147185
1 16 3.4984070693557414
1 17 2.850270708953108
1 18 3.4987677881298875
1 19 3.478540554094278
1 20 2.8484973846480965
1 21 2.8471805854329415
1 22 3.055553058768881
1 23 2.9966364272310937
1 24 3.1982108613926847
1 25 3.304732927228194
1 26 3.5381626706445477
1 27 3.2169195672481674
1 28 3.3115268879085082
1 29 3.21789225455706
2 0 3.0559988577134747
2 1 2.989300474973584
2 2 2.8649568626925643
2 3 3.054517814128836
2 4 3.0925763255858527
2 5 3.400485492243136
2 6 3.387232755152221
2 7 3.2094131622104265
2 8 3.319157119207721
2 9 4.016307876315943
2 10 3.89434373932606
2 11 3.6620591243793115
2 12 3.7778363964409714
2 13 3.731499046904083
2 14 3.648789851652944
2 15 3.8944132579877935
2 16 3.576419335871593
2 17 3.5358412546545597
2 18 3.384958831134759
2 19 3.3461898594684767
2 20 3.2392891363531753
2 21 3.5914416576968957
2 22 3.7016944445908915
2 23 2.724176144939227
2 24 2.4418425979391025
2 25 3.230571576917631
2 26 3.31957721945237
2 27 2.9763448933768957
2 28 2.8498635292678887
2 29 3.3115268879085082
3 0 3.2177566262224664
3 1 2.9724836565339663
3 2 3.054517814128836
3 3 2.969257342638361
3 4 3.2284424061466317
3 5 2.761793341371476
3 6 3.5570138409052383
3 7 3.4732912404975305
3 8 3.7599916083651888
3 9 3.742397448557056
3 10 4.355815641264524
3 11 4.135010183671491
3 12 3.241856152197575
3 13 3.9783037362537503
3 14 3.829624346370982
3 15 3.5815621281591303
3 16 3.4997055284263965
3 17 3.1491762163668517
3 18 3.8227692404894316
3 19 3.151744251655521
3 20 2.809478372229408
3 21 3.28223641702349
3 22 3.370053933574444
3 23 2.905245594412913
3 24 2.96686103456741
3 25 3.147265339996299
3 26 3.0633622685029454
3 27 3.200086324085054
3 28 2.9763448933768957
3 29 3.2169195672481674
4 0 2.742159694544959
4 1 3.1495370940349807
4 2 3.0925763255858527
4 3 3.2284424061466317
4 4 3.0483500648117903
4 5 4.296641557686062
4 6 3.654654165326601
4 7 3.8825943486827605
4 8 4.908184129213339
4 9 4.789968576987508
4 10 3.8555880562351375
4 11 3.9176671242789043
4 12 4.138324936147866
4 13 3.7646588915075565
4 14 3.993636574608804
4 15 4.100624958266384
4 16 3.6905432240146947
4 17 4.069274656382817
4 18 3.5729839933560834
4 19 3.358779332356274
4 20 3.4738223015977328
4 21 3.3902372031882155
4 22 3.1603781477612896
4 23 3.6670331150973787
4 24 3.0471017654871746
4 25 3.265176827358235
4 26 3.0433181811284618
4 27 3.0633622685029454
4 28 3.31957721945237
4 29 3.5381626706445477
5 0 2.7759147544184164
5 1 3.2808346341897288
5 2 3.400485492243136
5 3 2.761793341371476
5 4 4.296641557686062
5 5 3.578441330808297
5 6 4.48000561208042
5 7 4.07103873056629
5 8 3.77588314321181
5 9 4.808232340562811
5 10 5.049013800787755
5 11 4.163369401111327
5 12 4.543565412254981
5 13 4.543835366840753
5 14 3.96659377625994
5 15 4.067063015284773
5 16 4.197472147961319
5 17 4.190124969277585
5 18 3.945301854882012
5 19 4.066250655300222
5 20 3.52490093075802
5 21 3.233369426816813
5 22 2.9243114692857834
5 23 3.0235292332448145
5 24 3.870961377464053
5 25 3.375912325190144
5 26 3.265176827358235
5 27 3.147265339996299
5 28 3.230571576917631
5 29 3.304732927228194
6 0 3.0037807868191493
6 1 3.9527216657063384
6 2 3.387232755152221
6 3 3.5570138409052383
6 4 3.654654165326601
6 5 4.48000561208042
6 6 4.0187776619061815
6 7 4.348416978381238
6 8 5.15211076109805
6 9 4.294529562481872
6 10 4.823366437706034
6 11 5.48366115546361
6 12 4.943622768453289
6 13 5.289287122947783
6 14 5.2914137756544
6 15 5.040856264463647
6 16 3.7983262120963466
6 17 3.6966827474600796
6 18 3.8631441817454846
6 19 3.949658086403384
6 20 3.6355547551910288
6 21 3.640656648927839
6 22 3.077115548142386
6 23 3.241955844875398
6 24 3.471513747259568
6 25 3.870961377464053
6 26 3.0471017654871746
6 27 2.96686103456741
6 28 2.4418425979391025
6 29 3.1982108613926847
7 0 3.8890380000091045
7 1 3.107273754567518
7 2 3.2094131622104265
7 3 3.4732912404975305
7 4 3.8825943486827605
7 5 4.07103873056629
7 6 4.348416978381238
7 7 4.62313247439322
7 8 5.0789062460638
7 9 5.281636360685002
7 10 6.485115056079382
7 11 5.69522285354788
7 12 5.955667926290795
7 13 5.696042865814523
7 14 4.4216292591780935
7 15 6.032782473379317
7 16 5.59122878359772
7 17 5.625337412253627
7 18 3.484709336035267
7 19 4.284124819515888
7 20 4.283816748409934
7 21 3.952259939114628
7 22 3.737424008139431
7 23 3.846469782440889
7 24 3.241955844875398
7 25 3.0235292332448145
7 26 3.6670331150973787
7 27 2.905245594412913
7 28 2.724176144939227
7 29 2.9966364272310937
8 0 3.6582764188213455
8 1 3.4224616252066418
8 2 3.319157119207721
8 3 3.7599916083651888
8 4 4.908184129213339
8 5 3.77588314321181
8 6 5.15211076109805
8 7 5.0789062460638
8 8 6.464084484570437
8 9 5.374029356426057
8 10 5.272583189286041
8 11 6.228015245050766
8 12 7.165720765984936
8 13 5.540169909970022
8 14 5.809302839857363
8 15 5.073161228715493
8 16 5.761150334861549
8 17 4.083955053689644
8 18 4.565148637496507
8 19 4.6020014794797595
8 20 4.2667610554331565
8 21 4.426859463395762
8 22 3.6365324873920124
8 23 3.737424008139431
8 24 3.077115548142386
8 25 2.9243114692857834
8 26 3.1603781477612896
8 27 3.370053933574444
8 28 3.7016944445908915
8 29 3.055553058768881
9 0 3.560526220165388
9 1 3.1343135340447925
9 2 4.016307876315943
9 3 3.742397448557056
9 4 4.789968576987508
9 5 4.808232340562811
9 6 4.294529562481872
9 7 5.281636360685002
9 8 5.374029356426057
9 9 6.447970120058289
9 10 6.682154766065517
9 11 6.841067172029308
9 12 7.942837744908438
9 13 6.0080207026614385
9 14 6.078403506887479
9 15 5.841210167069409
9 16 4.984874485663092
9 17 4.093127392044822
9 18 4.5730521442270335
9 19 4.451292458519203
9 20 4.217711078690895
9 21 4.7614504510297415
9 22 4.426859463395762
9 23 3.952259939114628
9 24 3.640656648927839
9 25 3.233369426816813
9 26 3.3902372031882155
9 27 3.28223641702349
9 28 3.5914416576968957
9 29 2.8471805854329415
10 0 2.99262613358503
10 1 3.4392646717619972
10 2 3.89434373932606
10 3 4.355815641264524
10 4 3.8555880562351375
10 5 5.049013800787755
10 6 4.823366437706034
10 7 6.485115056079382
10 8 5.272583189286041
10 9 6.682154766065517
10 10 8.553418657790617
10 11 9.775579867226863
10 12 8.0977388237611
10 13 7.657079820926264
10 14 7.129448264231568
10 15 5.0672763447496205
10 16 5.4482915484054315
10 17 6.100079041282157
10 18 4.97189467212978
10 19 4.588247085611304
10 20 4.783835649426488
10 21 4.217711078690895
10 22 4.2667610554331565
10 23 4.283816748409934
10 24 3.6355547551910288
10 25 3.52490093075802
10 26 3.4738223015977328
10 27 2.809478372229408
10 28 3.2392891363531753
10 29 2.8484973846480965
11 0 3.510007332277608
11 1 3.293265962689491
11 2 3.6620591243793115
11 3 4.135010183671491
11 4 3.9176671242789043
11 5 4.163369401111327
11 6 5.48366115546361
11 7 5.69522285354788
11 8 6.228015245050766
11 9 6.841067172029308
11 10 9.775579867226863
11 11 24.196851975258607
11 12 10.402980584756977
11 13 8.022575909137217
11 14 6.881167860164738
11 15 6.5128833080418405
11 16 5.812569989563477
11 17 4.737375372025877
11 18 5.242105338424208
11 19 5.2789654083366875
11 20 4.588247085611304
11 21 4.451292458519203
11 22 4.6020014794797595
11 23 4.284124819515888
11 24 3.949658086403384
11 25 4.066250655300222
11 26 3.358779332356274
11 27 3.151744251655521
11 28 3.3461898594684767
11 29 3.478540554094278
12 0 3.407450642226257
12 1 2.6801722547407127
12 2 3.7778363964409714
12 3 3.241856152197575
12 4 4.138324936147866
12 5 4.543565412254981
12 6 4.943622768453289
12 7 5.955667926290795
12 8 7.165720765984936
12 9 7.942837744908438
12 10 8.0977388237611
12 11 10.402980584756977
12 12 8.349527412047715
12 13 6.860291950790508
12 14 7.177959867457959
12 15 7.229632336069149
12 16 5.696888991184322
12 17 5.317032903584132
12 18 4.660808875298423
12 19 5.242105338424208
12 20 4.97189467212978
12 21 4.5730521442270335
12 22 4.565148637496507
12 23 3.484709336035267
12 24 3.8631441817454846
12 25 3.945301854882012
12 26 3.5729839933560834
12 27 3.8227692404894316
12 28 3.384958831134759
12 29 3.4987677881298875
13 0 2.950821736727665
13 1 3.307611789143953
13 2 3.731499046904083
13 3 3.9783037362537503
13 4 3.7646588915075565
13 5 4.543835366840753
13 6 5.289287122947783
13 7 5.696042865814523
13 8 5.540169909970022
13 9 6.0080207026614385
13 10 7.657079820926264
13 11 8.022575909137217
13 12 6.860291950790508
13 13 5.7998614359525815
13 14 5.652521859536338
13 15 5.6323438158843615
13 16 5.248270214681917
13 17 5.469727224760208
13 18 5.317032903584132
13 19 4.737375372025877
13 20 6.100079041282157
13 21 4.093127392044822
13 22 4.083955053689644
13 23 5.625337412253627
13 24 3.6966827474600796
13 25 4.190124969277585
13 26 4.069274656382817
13 27 3.1491762163668517
13 28 3.5358412546545597
13 29 2.850270708953108
14 0 3.246272152933336
14 1 3.3773800608830733
14 2 3.648789851652944
14 3 3.829624346370982
14 4 3.993636574608804
14 5 3.96659377625994
14 6 5.2914137756544
14 7 4.4216292591780935
14 8 5.809302839857363
14 9 6.078403506887479
14 10 7.129448264231568
14 11 6.881167860164738
14 12 7.177959867457959
14 13 5.652521859536338
14 14 5.98659770023639
14 15 6.343713081890733
14 16 5.382348922262975
14 17 5.248270214681917
14 18 5.696888991184322
14 19 5.812569989563477
14 20 5.4482915484054315
14 21 4.984874485663092
14 22 5.761150334861549
14 23 5.59122878359772
14 24 3.7983262120963466
14 25 4.197472147961319
14 26 3.6905432240146947
14 27 3.4997055284263965
14 28 3.576419335871593
14 29 3.4984070693557414
15 0 3.288808548130779
15 1 3.4250339938147185
15 2 3.8944132579877935
15 3 3.5815621281591303
15 4 4.100624958266384
15 5 4.067063015284773
15 6 5.040856264463647
15 7 6.032782473379317
15 8 5.073161228715493
15 9 5.841210167069409
15 10 5.0672763447496205
15 11 6.5128833080418405
15 12 7.229632336069149
15 13 5.6323438158843615
15 14 6.343713081890733
15 15 5.9335097544116575
15 16 6.343713081890733
15 17 5.6323438158843615
15 18 7.229632336069149
15 19 6.5128833080418405
15 20 5.0672763447496205
15 21 5.841210167069409
15 22 5.073161228715493
15 23 6.032782473379317
15 24 5.040856264463647
15 25 4.067063015284773
15 26 4.100624958266384
15 27 3.5815621281591303
15 28 3.8944132579877935
15 29 3.4250339938147185
16 0 3.4615034707292596
16 1 3.4984070693557414
16 2 3.576419335871593
16 3 3.4997055284263965
16 4 3.6905432240146947
16 5 4.197472147961319
16 6 3.7983262120963466
16 7 5.59122878359772
16 8 5.761150334861549
16 9 4.984874485663092
16 10 5.4482915484054315
16 11 5.812569989563477
16 12 5.696888991184322
16 13 5.248270214681917
16 14 5.382348922262975
16 15 6.343713081890733
16 16 5.98659770023639
16 17 5.652521859536338
16 18 7.177959867457959
16 19 6.881167860164738
16 20 7.129448264231568
16 21 6.078403506887479
16 22 5.809302839857363
16 23 4.4216292591780935
16 24 5.2914137756544
16 25 3.96659377625994
16 26 3.993636574608804
16 27 3.829624346370982
16 28 3.648789851652944
16 29 3.3773800608830733
17 0 3.3620769201825453
17 1 2.850270708953108
17 2 3.5358412546545597
17 3 3.1491762163668517
17 4 4.069274656382817
17 5 4.190124969277585
17 6 3.6966827474600796
17 7 5.625337412253627
17 8 4.083955053689644
17 9 4.093127392044822
17 10 6.100079041282157
17 11 4.737375372025877
17 12 5.317032903584132
17 13 5.469727224760208
17 14 5.248270214681917
17 15 5.6323438158843615
17 16 5.652521859536338
17 17 5.7998614359525815
17 18 6.860291950790508
17 19 8.022575909137217
17 20 7.657079820926264
17 21 6.0080207026614385
17 22 5.540169909970022
17 23 5.696042865814523
17 24 5.289287122947783
17 25 4.543835366840753
17 26 3.7646588915075565
17 27 3.9783037362537503
17 28 3.731499046904083
17 29 3.307611789143953
18 0 3.4146070643428827
18 1 3.4987677881298875
18 2 3.384958831134759
18 3 3.8227692404894316
18 4 3.5729839933560834
18 5 3.945301854882012
18 6 3.8631441817454846
18 7 3.484709336035267
18 8 4.565148637496507
18 9 4.5730521442270335
18 10 4.97189467212978
18 11 5.242105338424208
18 12 4.660808875298423
18 13 5.317032903584132
18 14 5.696888991184322
18 15 7.229632336069149
18 16 7.177959867457959
18 17 6.860291950790508
18 18 8.349527412047715
18 19 10.402980584756977
18 20 8.0977388237611
18 21 7.942837744908438
18 22 7.165720765984936
18 23 5.955667926290795
18 24 4.943622768453289
18 25 4.543565412254981
18 26 4.138324936147866
18 27 3.241856152197575
18 28 3.7778363964409714
18 29 2.6801722547407127
19 0 3.094683110377511
19 1 3.478540554094278
19 2 3.3461898594684767
19 3 3.151744251655521
19 4 3.358779332356274
19 5 4.066250655300222
19 6 3.949658086403384
19 7 4.284124819515888
19 8 4.6020014794797595
19 9 4.451292458519203
19 10 4.588247085611304
19 11 5.2789654083366875
19 12 5.242105338424208
19 13 4.737375372025877
19 14 5.812569989563477
19 15 6.5128833080418405
19 16 6.881167860164738
19 17 8.022575909137217
19 18 10.402980584756977
19 19 24.196851975258607
19 20 9.775579867226863
19 21 6.841067172029308
19 22 6.228015245050766
19 23 5.69522285354788
19 24 5.48366115546361
19 25 4.163369401111327
19 26 3.9176671242789043
19 27 4.135010183671491
19 28 3.6620591243793115
19 29 3.293265962689491
20 0 3.308252857709226
20 1 2.8484973846480965
20 2 3.2392891363531753
20 3 2.809478372229408
20 4 3.4738223015977328
20 5 3.52490093075802
20 6 3.6355547551910288
20 7 4.283816748409934
20 8 4.2667610554331565
20 9 4.217711078690895
20 10 4.783835649426488
20 11 4.588247085611304
20 12 4.97189467212978
20 13 6.100079041282157
20 14 5.4482915484054315
20 15 5.0672763447496205
20 16 7.129448264231568
20 17 7.657079820926264
20 18 8.0977388237611
20 19 9.775579867226863
20 20 8.553418657790617
20 21 6.682154766065517
20 22 5.272583189286041
20 23 6.485115056079382
20 24 4.823366437706034
20 25 5.049013800787755
20 26 3.8555880562351375
20 27 4.355815641264524
20 28 3.89434373932606
20 29 3.4392646717619972
21 0 2.8455773185529085
21 1 2.8471805854329415
21 2 3.5914416576968957
21 3 3.28223641702349
21 4 3.3902372031882155
21 5 3.233369426816813
21 6 3.640656648927839
21 7 3.952259939114628
21 8 4.426859463395762
21 9 4.7614504510297415
21 10 4.217711078690895
21 11 4.451292458519203
21 12 4.5730521442270335
21 13 4.093127392044822
21 14 4.984874485663092
21 15 5.841210167069409
21 16 6.078403506887479
21 17 6.0080207026614385
21 18 7.942837744908438
21 19 6.841067172029308
21 20 6.682154766065517
21 21 6.447970120058289
21 22 5.374029356426057
21 23 5.281636360685002
21 24 4.294529562481872
21 25 4.808232340562811
21 26 4.789968576987508
21 27 3.742397448557056
21 28 4.016307876315943
21 29 3.1343135340447925
22 0 3.2663555798540282
22 1 3.055553058768881
22 2 3.7016944445908915
22 3 3.370053933574444
22 4 3.1603781477612896
22 5 2.9243114692857834
22 6 3.077115548142386
22 7 3.737424008139431
22 8 3.6365324873920124
22 9 4.426859463395762
22 10 4.2667610554331565
22 11 4.6020014794797595
22 12 4.565148637496507
22 13 4.083955053689644
22 14 5.761150334861549
22 15 5.073161228715493
22 16 5.809302839857363
22 17 5.540169909970022
22 18 7.165720765984936
22 19 6.228015245050766
22 20 5.272583189286041
22 21 5.374029356426057
22 22 6.464084484570437
22 23 5.0789062460638
22 24 5.15211076109805
22 25 3.77588314321181
22 26 4.908184129213339
22 27 3.7599916083651888
22 28 3.319157119207721
22 29 3.4224616252066418
23 0 2.806865686982534
23 1 2.9966364272310937
23 2 2.724176144939227
23 3 2.905245594412913
23 4 3.6670331150973787
23 5 3.0235292332448145
23 6 3.241955844875398
23 7 3.846469782440889
23 8 3.737424008139431
23 9 3.952259939114628
23 10 4.283816748409934
23 11 4.284124819515888
23 12 3.484709336035267
23 13 5.625337412253627
23 14 5.59122878359772
23 15 6.032782473379317
23 16 4.4216292591780935
23 17 5.696042865814523
23 18 5.955667926290795
23 19 5.69522285354788
23 20 6.485115056079382
23 21 5.281636360685002
23 22 5.0789062460638
23 23 4.62313247439322
23 24 4.348416978381238
23 25 4.07103873056629
23 26 3.8825943486827605
23 27 3.4732912404975305
23 28 3.2094131622104265
23 29 3.107273754567518
24 0 3.2944612238301123
24 1 3.1982108613926847
24 2 2.4418425979391025
24 3 2.96686103456741
24 4 3.0471017654871746
24 5 3.870961377464053
24 6 3.471513747259568
24 7 3.241955844875398
24 8 3.077115548142386
24 9 3.640656648927839
24 10 3.6355547551910288
24 11 3.949658086403384
24 12 3.8631441817454846
24 13 3.6966827474600796
24 14 3.7983262120963466
24 15 5.040856264463647
24 16 5.2914137756544
24 17 5.289287122947783
24 18 4.943622768453289
24 19 5.48366115546361
24 20 4.823366437706034
24 21 4.294529562481872
24 22 5.15211076109805
24 23 4.348416978381238
24 24 4.0187776619061815
24 25 4.48000561208042
24 26 3.654654165326601
24 27 3.5570138409052383
24 28 3.387232755152221
24 29 3.9527216657063384
25 0 3.0339553551619547
25 1 3.304732927228194
25 2 3.230571576917631
25 3 3.147265339996299
25 4 3.265176827358235
25 5 3.375912325190144
25 6 3.870961377464053
25 7 3.0235292332448145
25 8 2.9243114692857834
25 9 3.233369426816813
25 10 3.52490093075802
25 11 4.066250655300222
25 12 3.945301854882012
25 13 4.190124969277585
25 14 4.197472147961319
25 15 4.067063015284773
25 16 3.96659377625994
25 17 4.543835366840753
25 18 4.543565412254981
25 19 4.163369401111327
25 20 5.049013800787755
25 21 4.808232340562811
25 22 3.77588314321181
25 23 4.07103873056629
25 24 4.48000561208042
25 25 3.578441330808297
25 26 4.296641557686062
25 27 2.761793341371476
25 28 3.400485492243136
25 29 3.2808346341897288
26 0 3.3050309943792113
26 1 3.5381626706445477
26 2 3.31957721945237
26 3 3.0633622685029454
26 4 3.0433181811284618
26 5 3.265176827358235
26 6 3.0471017654871746
26 7 3.6670331150973787
26 8 3.1603781477612896
26 9 3.3902372031882155
26 10 3.4738223015977328
26 11 3.358779332356274
26 12 3.5729839933560834
26 13 4.069274656382817
26 14 3.6905432240146947
26 15 4.100624958266384
26 16 3.993636574608804
26 17 3.7646588915075565
26 18 4.138324936147866
26 19 3.9176671242789043
26 20 3.8555880562351375
26 21 4.789968576987508
26 22 4.908184129213339
26 23 3.8825943486827605
26 24 3.654654165326601
26 25 4.296641557686062
26 26 3.0483500648117903
26 27 3.2284424061466317
26 28 3.0925763255858527
26 29 3.1495370940349807
27 0 3.1137858111775922
27 1 3.2169195672481674
27 2 2.9763448933768957
27 3 3.200086324085054
27 4 3.0633622685029454
27 5 3.147265339996299
27 6 2.96686103456741
27 7 2.905245594412913
27 8 3.370053933574444
27 9 3.28223641702349
27 10 2.809478372229408
27 11 3.151744251655521
27 12 3.8227692404894316
27 13 3.1491762163668517
27 14 3.4997055284263965
27 15 3.5815621281591303
27 16 3.829624346370982
27 17 3.9783037362537503
27 18 3.241856152197575
27 19 4.135010183671491
27 20 4.355815641264524
27 21 3.742397448557056
27 22 3.7599916083651888
27 23 3.4732912404975305
27 24 3.5570138409052383
27 25 2.761793341371476
27 26 3.2284424061466317
27 27 2.969257342638361
27 28 3.054517814128836
27 29 2.9724836565339663
28 0 2.8405046657817175
28 1 3.3115268879085082
28 2 2.8498635292678887
28 3 2.9763448933768957
28 4 3.31957721945237
28 5 3.230571576917631
28 6 2.4418425979391025
28 7 2.724176144939227
28 8 3.7016944445908915
28 9 3.5914416576968957
28 10 3.2392891363531753
28 11 3.3461898594684767
28 12 3.384958831134759
28 13 3.5358412546545597
28 14 3.576419335871593
28 15 3.8944132579877935
28 16 3.648789851652944
28 17 3.731499046904083
28 18 3.7778363964409714
28 19 3.6620591243793115
28 20 3.89434373932606
28 21 4.016307876315943
28 22 3.319157119207721
28 23 3.2094131622104265
28 24 3.387232755152221
28 25 3.400485492243136
28 26 3.0925763255858527
28 27 3.054517814128836
28 28 2.8649568626925643
28 29 2.989300474973584
29 0 3.4190623176764863
29 1 3.21789225455706
29 2 3.3115268879085082
29 3 3.2169195672481674
29 4 3.5381626706445477
29 5 3.304732927228194
29 6 3.1982108613926847
29 7 2.9966364272310937
29 8 3.055553058768881
29 9 2.8471805854329415
29 10 2.8484973846480965
29 11 3.478540554094278
29 12 3.4987677881298875
29 13 2.850270708953108
29 14 3.4984070693557414
29 15 3.4250339938147185
29 16 3.3773800608830733
29 17 3.307611789143953
29 18 2.6801722547407127
29 19 3.293265962689491
29 20 3.4392646717619972
29 21 3.1343135340447925
29 22 3.4224616252066418
29 23 3.107273754567518
29 24 3.9527216657063384
29 25 3.2808346341897288
29 26 3.1495370940349807
29 27 2.9724836565339663
29 28 2.989300474973584
29 29 3.1033813321769506
