0 0 2.9608296198110318
0 1 2.909432386813491
0 2 3.1443059093336396
0 3 3.2835781839984852
0 4 2.9005938914172185
0 5 2.729103861449572
0 6 2.744503778652121
0 7 2.4299724570280885
0 8 3.058157204090304
0 9 3.455171523652907
0 10 3.694767435515797
0 11 3.6538234764337743
0 12 3.663629517784293
0 13 3.163292910693004
0 14 3.1620011102678327
0 15 3.148102384673742
0 16 3.3366273154148804
0 17 3.2978665151051416
0 18 3.3637323274488757
0 19 3.096641935631056
0 20 2.811286648047024
0 21 3.198184618274793
0 22 2.9966364272310937
0 23 3.6100818847061587
0 24 3.0652803545027285
0 25 3.030464806609442
0 26 3.197262397703674
0 27 2.671934350887192
0 28 2.740469766708903
0 29 2.9647721563434644
1 0 2.909432386813491
1 1 3.1560095062614906
1 2 3.4943205289758428
1 3 3.032374166780772
1 4 3.0938455109103193
1 5 3.144749360527874
1 6 3.235465606469709
1 7 3.3789226097579217
1 8 3.5795493226322366
1 9 3.4026290315343983
1 10 2.868169215727812
1 11 3.0110088565127073
1 12 2.925809102526689
1 13 3.003965707298666
1 14 3.1680067944173658
1 15 3.4992879029790562
1 16 3.2845296296428668
1 17 3.0924691752382207
1 18 2.900042198809663
1 19 3.286289172260959
1 20 3.529074686333791
1 21 3.7016944445908915
1 22 2.9383954475943637
1 23 3.3789562778177884
1 24 3.008151929943713
1 25 3.1989237109873363
1 26 3.3857248678744285
1 27 3.0270458200649055
1 28 3.15108350415692
1 29 2.9881568443037034
2 0 3.1443059093336396
2 1 3.4943205289758428
2 2 3.8399563867302136
2 3 2.7425020891372283
2 4 2.8803504204017614
2 5 3.097764354385905
2 6 3.0733443852515285
2 7 3.008885392018259
2 8 2.9035125266764616
2 9 3.2558970216704313
2 10 3.5820805524856953
2 11 3.211431678656554
2 12 3.7849583725266562
2 13 3.5745256361496005
2 14 4.087018106383668
2 15 3.435855524170344
2 16 3.8956500114154466
2 17 3.6555016612509164
2 18 2.9739938175029463
2 19 3.1452244700835963
2 20 3.28223641702349
2 21 4.027761632190627
2 22 3.152829856663686
2 23 3.039784725392475
2 24 3.1015953190296957
2 25 2.6424400674153765
2 26 3.328807243493565
2 27 3.495389173858229
2 28 3.21330102429142
2 29 3.15108350415692
3 0 3.2835781839984852
3 1 3.032374166780772
3 2 2.7425020891372283
3 3 2.9920708720885805
3 4 3.176558380638958
3 5 3.046290832244957
3 6 2.8792740989183843
3 7 3.444972015820345
3 8 3.586382440056335
3 9 4.069474279406307
3 10 3.717533263551473
3 11 3.902281736754558
3 12 3.6079702609058506
3 13 3.6478146487887115
3 14 3.7120999682844094
3 15 4.101517341027179
3 16 3.9717298756001704
3 17 3.905630191800239
3 18 3.675360879655226
3 19 3.4738223015977328
3 20 3.2043255087721385
3 21 3.384388310570351
3 22 3.4770327928061637
3 23 3.377484287797488
3 24 3.5150631869348326
3 25 2.9620158108040573
3 26 2.640027230487326
3 27 3.5461734345874
3 28 3.495389173858229
3 29 3.0270458200649055
4 0 2.9005938914172185
4 1 3.0938455109103193
4 2 2.8803504204017614
4 3 3.176558380638958
4 4 3.076563720736945
4 5 3.3263669788578003
4 6 3.2143655815846146
4 7 3.239571485007216
4 8 3.7115971624984367
4 9 3.569652377596203
4 10 4.056972718924051
4 11 4.190981373390458
4 12 4.615728886268787
4 13 5.011867036835456
4 14 4.746478421614756
4 15 4.55641492478021
4 16 4.111343618944246
4 17 4.025781379635596
4 18 4.066250655300222
4 19 3.7454460594351646
4 20 4.255730489935444
4 21 3.4612419660704075
4 22 3.056771113767861
4 23 3.2328492784651033
4 24 3.3261735609394942
4 25 3.483847599677846
4 26 3.2908827851219162
4 27 2.640027230487326
4 28 3.328807243493565
4 29 3.3857248678744285
5 0 2.729103861449572
5 1 3.144749360527874
5 2 3.097764354385905
5 3 3.046290832244957
5 4 3.3263669788578003
5 5 3.432789021915139
5 6 4.383602739637304
5 7 3.74843516862991
5 8 4.464017147157013
5 9 3.993636574608804
5 10 3.3847930203882957
5 11 4.249296395822175
5 12 4.76687157177132
5 13 4.184980872988986
5 14 3.9080243861686395
5 15 3.9077061072848505
5 16 3.585904072767614
5 17 3.8631441817454846
5 18 4.082927504667658
5 19 4.3698839161851755
5 20 3.949104652297788
5 21 3.230756353686732
5 22 3.292236523377786
5 23 3.1186451454547566
5 24 3.523938313725205
5 25 3.414567754458439
5 26 3.483847599677846
5 27 2.9620158108040573
5 28 2.6424400674153765
5 29 3.1989237109873363
6 0 2.744503778652121
6 1 3.235465606469709
6 2 3.0733443852515285
6 3 2.8792740989183843
6 4 3.2143655815846146
6 5 4.383602739637304
6 6 3.439948179110735
6 7 4.520817186032745
6 8 4.321625059804125
6 9 4.323958844352878
6 10 4.641802429650795
6 11 5.315700568489793
6 12 4.348245954455859
6 13 4.721554184965485
6 14 5.018219283314858
6 15 3.678392997131481
6 16 5.625337412253627
6 17 4.242507515244714
6 18 3.7031561366062236
6 19 5.2987691920370965
6 20 3.5362550978246277
6 21 3.9257347891536396
6 22 4.131968717169875
6 23 3.299372145277
6 24 3.1478848163393636
6 25 3.523938313725205
6 26 3.3261735609394942
6 27 3.5150631869348326
6 28 3.1015953190296957
6 29 3.008151929943713
7 0 2.4299724570280885
7 1 3.3789226097579217
7 2 3.008885392018259
7 3 3.444972015820345
7 4 3.239571485007216
7 5 3.74843516862991
7 6 4.520817186032745
7 7 4.030599027632169
7 8 4.451446438473091
7 9 4.388074925246026
7 10 4.843311270213195
7 11 4.30087728793323
7 12 5.076819716608048
7 13 5.682337602339593
7 14 4.630551190265662
7 15 5.761150334861549
7 16 4.5221091469513235
7 17 4.244848879520048
7 18 4.21843202562567
7 19 4.616760938171524
7 20 4.065748307956051
7 21 4.799189116045025
7 22 3.900613157698135
7 23 3.9464291313054596
7 24 3.299372145277
7 25 3.1186451454547566
7 26 3.2328492784651033
7 27 3.377484287797488
7 28 3.039784725392475
7 29 3.3789562778177884
8 0 3.058157204090304
8 1 3.5795493226322366
8 2 2.9035125266764616
8 3 3.586382440056335
8 4 3.7115971624984367
8 5 4.464017147157013
8 6 4.321625059804125
8 7 4.451446438473091
8 8 4.401599024905572
8 9 5.193062887888082
8 10 5.826842640682959
8 11 5.195397330440498
8 12 4.6105651020096685
8 13 6.075018438425192
8 14 5.841210167069409
8 15 4.999817676218283
8 16 5.388899221967637
8 17 5.2383871867127025
8 18 4.593241556557894
8 19 4.753309797491768
8 20 4.254220628287446
8 21 4.309109140036116
8 22 3.813952592503908
8 23 3.900613157698135
8 24 4.131968717169875
8 25 3.292236523377786
8 26 3.056771113767861
8 27 3.4770327928061637
8 28 3.152829856663686
8 29 2.9383954475943637
9 0 3.455171523652907
9 1 3.4026290315343983
9 2 3.2558970216704313
9 3 4.069474279406307
9 4 3.569652377596203
9 5 3.993636574608804
9 6 4.323958844352878
9 7 4.388074925246026
9 8 5.193062887888082
9 9 5.858079530080246
9 10 5.861264054982962
9 11 6.260436914468553
9 12 7.262456556519742
9 13 7.129448264231568
9 14 5.510589861811101
9 15 6.198384732510818
9 16 6.704580115416979
9 17 4.91544045247168
9 18 5.576703913028469
9 19 4.87319295460392
9 20 5.243445891906019
9 21 4.4303137429137935
9 22 4.309109140036116
9 23 4.799189116045025
9 24 3.9257347891536396
9 25 3.230756353686732
9 26 3.4612419660704075
9 27 3.384388310570351
9 28 4.027761632190627
9 29 3.7016944445908915
10 0 3.694767435515797
10 1 2.868169215727812
10 2 3.5820805524856953
10 3 3.717533263551473
10 4 4.056972718924051
10 5 3.3847930203882957
10 6 4.641802429650795
10 7 4.843311270213195
10 8 5.826842640682959
10 9 5.861264054982962
10 10 6.668552484178098
10 11 6.72330299851097
10 12 8.022575909137217
10 13 7.840037097876439
10 14 6.695820335161221
10 15 6.566270743945069
10 16 5.692301546602332
10 17 6.220647610322658
10 18 5.558914592689426
10 19 5.0908843436500035
10 20 4.818253652762656
10 21 5.243445891906019
10 22 4.254220628287446
10 23 4.065748307956051
10 24 3.5362550978246277
10 25 3.949104652297788
10 26 4.255730489935444
10 27 3.2043255087721385
10 28 3.28223641702349
10 29 3.529074686333791
11 0 3.6538234764337743
11 1 3.0110088565127073
11 2 3.211431678656554
11 3 3.902281736754558
11 4 4.190981373390458
11 5 4.249296395822175
11 6 5.315700568489793
11 7 4.30087728793323
11 8 5.195397330440498
11 9 6.260436914468553
11 10 6.72330299851097
11 11 8.349527412047715
11 12 9.623958892335057
11 13 8.894502740496824
11 14 6.917219215996166
11 15 6.013395875411357
11 16 6.800053117454647
11 17 4.522457402914522
11 18 5.940732190297692
11 19 4.660808875298423
11 20 5.0908843436500035
11 21 4.87319295460392
11 22 4.753309797491768
11 23 4.616760938171524
11 24 5.2987691920370965
11 25 4.3698839161851755
11 26 3.7454460594351646
11 27 3.4738223015977328
11 28 3.1452244700835963
11 29 3.286289172260959
12 0 3.663629517784293
12 1 2.925809102526689
12 2 3.7849583725266562
12 3 3.6079702609058506
12 4 4.615728886268787
12 5 4.76687157177132
12 6 4.348245954455859
12 7 5.076819716608048
12 8 4.6105651020096685
12 9 7.262456556519742
12 10 8.022575909137217
12 11 9.623958892335057
12 12 22.639284289830957
12 13 10.51666829079258
12 14 8.520682672133749
12 15 7.384053820074316
12 16 5.676325335747758
12 17 6.23367687595873
12 18 5.0342619519439555
12 19 5.940732190297692
12 20 5.558914592689426
12 21 5.576703913028469
12 22 4.593241556557894
12 23 4.21843202562567
12 24 3.7031561366062236
12 25 4.082927504667658
12 26 4.066250655300222
12 27 3.675360879655226
12 28 2.9739938175029463
12 29 2.900042198809663
13 0 3.163292910693004
13 1 3.003965707298666
13 2 3.5745256361496005
13 3 3.6478146487887115
13 4 5.011867036835456
13 5 4.184980872988986
13 6 4.721554184965485
13 7 5.682337602339593
13 8 6.075018438425192
13 9 7.129448264231568
13 10 7.840037097876439
13 11 8.894502740496824
13 12 10.51666829079258
13 13 8.931988289772232
13 14 7.8239691741397905
13 15 6.802888150314917
13 16 7.374502528811636
13 17 6.189861357991581
13 18 6.23367687595873
13 19 4.522457402914522
13 20 6.220647610322658
13 21 4.91544045247168
13 22 5.2383871867127025
13 23 4.244848879520048
13 24 4.242507515244714
13 25 3.8631441817454846
13 26 4.025781379635596
13 27 3.905630191800239
13 28 3.6555016612509164
13 29 3.0924691752382207
14 0 3.1620011102678327
14 1 3.1680067944173658
14 2 4.087018106383668
14 3 3.7120999682844094
14 4 4.746478421614756
14 5 3.9080243861686395
14 6 5.018219283314858
14 7 4.630551190265662
14 8 5.841210167069409
14 9 5.510589861811101
14 10 6.695820335161221
14 11 6.917219215996166
14 12 8.520682672133749
14 13 7.8239691741397905
14 14 7.646698498400046
14 15 5.894333851354132
14 16 7.119140624999999
14 17 7.374502528811636
14 18 5.676325335747758
14 19 6.800053117454647
14 20 5.692301546602332
14 21 6.704580115416979
14 22 5.388899221967637
14 23 4.5221091469513235
14 24 5.625337412253627
14 25 3.585904072767614
14 26 4.111343618944246
14 27 3.9717298756001704
14 28 3.8956500114154466
14 29 3.2845296296428668
15 0 3.148102384673742
15 1 3.4992879029790562
15 2 3.435855524170344
15 3 4.101517341027179
15 4 4.55641492478021
15 5 3.9077061072848505
15 6 3.678392997131481
15 7 5.761150334861549
15 8 4.999817676218283
15 9 6.198384732510818
15 10 6.566270743945069
15 11 6.013395875411357
15 12 7.384053820074316
15 13 6.802888150314917
15 14 5.894333851354132
15 15 5.730834345388371
15 16 5.894333851354132
15 17 6.802888150314917
15 18 7.384053820074316
15 19 6.013395875411357
15 20 6.566270743945069
15 21 6.198384732510818
15 22 4.999817676218283
15 23 5.761150334861549
15 24 3.678392997131481
15 25 3.9077061072848505
15 26 4.55641492478021
15 27 4.101517341027179
15 28 3.435855524170344
15 29 3.4992879029790562
16 0 3.3366273154148804
16 1 3.2845296296428668
16 2 3.8956500114154466
16 3 3.9717298756001704
16 4 4.111343618944246
16 5 3.585904072767614
16 6 5.625337412253627
16 7 4.5221091469513235
16 8 5.388899221967637
16 9 6.704580115416979
16 10 5.692301546602332
16 11 6.800053117454647
16 12 5.676325335747758
16 13 7.374502528811636
16 14 7.119140624999999
16 15 5.894333851354132
16 16 7.646698498400046
16 17 7.8239691741397905
16 18 8.520682672133749
16 19 6.917219215996166
16 20 6.695820335161221
16 21 5.510589861811101
16 22 5.841210167069409
16 23 4.630551190265662
16 24 5.018219283314858
16 25 3.9080243861686395
16 26 4.746478421614756
16 27 3.7120999682844094
16 28 4.087018106383668
16 29 3.1680067944173658
17 0 3.2978665151051416
17 1 3.0924691752382207
17 2 3.6555016612509164
17 3 3.905630191800239
17 4 4.025781379635596
17 5 3.8631441817454846
17 6 4.242507515244714
17 7 4.244848879520048
17 8 5.2383871867127025
17 9 4.91544045247168
17 10 6.220647610322658
17 11 4.522457402914522
17 12 6.23367687595873
17 13 6.189861357991581
17 14 7.374502528811636
17 15 6.802888150314917
17 16 7.8239691741397905
17 17 8.931988289772232
17 18 10.51666829079258
17 19 8.894502740496824
17 20 7.840037097876439
17 21 7.129448264231568
17 22 6.075018438425192
17 23 5.682337602339593
17 24 4.721554184965485
17 25 4.184980872988986
17 26 5.011867036835456
17 27 3.6478146487887115
17 28 3.5745256361496005
17 29 3.003965707298666
18 0 3.3637323274488757
18 1 2.900042198809663
18 2 2.9739938175029463
18 3 3.675360879655226
18 4 4.066250655300222
18 5 4.082927504667658
18 6 3.7031561366062236
18 7 4.21843202562567
18 8 4.593241556557894
18 9 5.576703913028469
18 10 5.558914592689426
18 11 5.940732190297692
18 12 5.0342619519439555
18 13 6.23367687595873
18 14 5.676325335747758
18 15 7.384053820074316
18 16 8.520682672133749
18 17 10.51666829079258
18 18 22.639284289830957
18 19 9.623958892335057
18 20 8.022575909137217
18 21 7.262456556519742
18 22 4.6105651020096685
18 23 5.076819716608048
18 24 4.348245954455859
18 25 4.76687157177132
18 26 4.615728886268787
18 27 3.6079702609058506
18 28 3.7849583725266562
18 29 2.925809102526689
19 0 3.096641935631056
19 1 3.286289172260959
19 2 3.1452244700835963
19 3 3.4738223015977328
19 4 3.7454460594351646
19 5 4.3698839161851755
19 6 5.2987691920370965
19 7 4.616760938171524
19 8 4.753309797491768
19 9 4.87319295460392
19 10 5.0908843436500035
19 11 4.660808875298423
19 12 5.940732190297692
19 13 4.522457402914522
19 14 6.800053117454647
19 15 6.013395875411357
19 16 6.917219215996166
19 17 8.894502740496824
19 18 9.623958892335057
19 19 8.349527412047715
19 20 6.72330299851097
19 21 6.260436914468553
19 22 5.195397330440498
19 23 4.30087728793323
19 24 5.315700568489793
19 25 4.249296395822175
19 26 4.190981373390458
19 27 3.902281736754558
19 28 3.211431678656554
19 29 3.0110088565127073
20 0 2.811286648047024
20 1 3.529074686333791
20 2 3.28223641702349
20 3 3.2043255087721385
20 4 4.255730489935444
20 5 3.949104652297788
20 6 3.5362550978246277
20 7 4.065748307956051
20 8 4.254220628287446
20 9 5.243445891906019
20 10 4.818253652762656
20 11 5.0908843436500035
20 12 5.558914592689426
20 13 6.220647610322658
20 14 5.692301546602332
20 15 6.566270743945069
20 16 6.695820335161221
20 17 7.840037097876439
20 18 8.022575909137217
20 19 6.72330299851097
20 20 6.668552484178098
20 21 5.861264054982962
20 22 5.826842640682959
20 23 4.843311270213195
20 24 4.641802429650795
20 25 3.3847930203882957
20 26 4.056972718924051
20 27 3.717533263551473
20 28 3.5820805524856953
20 29 2.868169215727812
21 0 3.198184618274793
21 1 3.7016944445908915
21 2 4.027761632190627
21 3 3.384388310570351
21 4 3.4612419660704075
21 5 3.230756353686732
21 6 3.9257347891536396
21 7 4.799189116045025
21 8 4.309109140036116
21 9 4.4303137429137935
21 10 5.243445891906019
21 11 4.87319295460392
21 12 5.576703913028469
21 13 4.91544045247168
21 14 6.704580115416979
21 15 6.198384732510818
21 16 5.510589861811101
21 17 7.129448264231568
21 18 7.262456556519742
21 19 6.260436914468553
21 20 5.861264054982962
21 21 5.858079530080246
21 22 5.193062887888082
21 23 4.388074925246026
21 24 4.323958844352878
21 25 3.993636574608804
21 26 3.569652377596203
21 27 4.069474279406307
21 28 3.2558970216704313
21 29 3.4026290315343983
22 0 2.9966364272310937
22 1 2.9383954475943637
22 2 3.152829856663686
22 3 3.4770327928061637
22 4 3.056771113767861
22 5 3.292236523377786
22 6 4.131968717169875
22 7 3.900613157698135
22 8 3.813952592503908
22 9 4.309109140036116
22 10 4.254220628287446
22 11 4.753309797491768
22 12 4.593241556557894
22 13 5.2383871867127025
22 14 5.388899221967637
22 15 4.999817676218283
22 16 5.841210167069409
22 17 6.075018438425192
22 18 4.6105651020096685
22 19 5.195397330440498
22 20 5.826842640682959
22 21 5.193062887888082
22 22 4.401599024905572
22 23 4.451446438473091
22 24 4.321625059804125
22 25 4.464017147157013
22 26 3.7115971624984367
22 27 3.586382440056335
22 28 2.9035125266764616
22 29 3.5795493226322366
23 0 3.6100818847061587
23 1 3.3789562778177884
23 2 3.039784725392475
23 3 3.377484287797488
23 4 3.2328492784651033
23 5 3.1186451454547566
23 6 3.299372145277
23 7 3.9464291313054596
23 8 3.900613157698135
23 9 4.799189116045025
23 10 4.065748307956051
23 11 4.616760938171524
23 12 4.21843202562567
23 13 4.244848879520048
23 14 4.5221091469513235
23 15 5.761150334861549
23 16 4.630551190265662
23 17 5.682337602339593
23 18 5.076819716608048
23 19 4.30087728793323
23 20 4.843311270213195
23 21 4.388074925246026
23 22 4.451446438473091
23 23 4.030599027632169
23 24 4.520817186032745
23 25 3.74843516862991
23 26 3.239571485007216
23 27 3.444972015820345
23 28 3.008885392018259
23 29 3.3789226097579217
24 0 3.0652803545027285
24 1 3.008151929943713
24 2 3.1015953190296957
24 3 3.5150631869348326
24 4 3.3261735609394942
24 5 3.523938313725205
24 6 3.1478848163393636
24 7 3.299372145277
24 8 4.131968717169875
24 9 3.9257347891536396
24 10 3.5362550978246277
24 11 5.2987691920370965
24 12 3.7031561366062236
24 13 4.242507515244714
24 14 5.625337412253627
24 15 3.678392997131481
24 16 5.018219283314858
24 17 4.721554184965485
24 18 4.348245954455859
24 19 5.315700568489793
24 20 4.641802429650795
24 21 4.323958844352878
24 22 4.321625059804125
24 23 4.520817186032745
24 24 3.439948179110735
24 25 4.383602739637304
24 26 3.2143655815846146
24 27 2.8792740989183843
24 28 3.0733443852515285
24 29 3.235465606469709
25 0 3.030464806609442
25 1 3.1989237109873363
25 2 2.6424400674153765
25 3 2.9620158108040573
25 4 3.483847599677846
25 5 3.414567754458439
25 6 3.523938313725205
25 7 3.1186451454547566
25 8 3.292236523377786
25 9 3.230756353686732
25 10 3.949104652297788
25 11 4.3698839161851755
25 12 4.082927504667658
25 13 3.8631441817454846
25 14 3.585904072767614
25 15 3.9077061072848505
25 16 3.9080243861686395
25 17 4.184980872988986
25 18 4.76687157177132
25 19 4.249296395822175
25 20 3.3847930203882957
25 21 3.993636574608804
25 22 4.464017147157013
25 23 3.74843516862991
25 24 4.383602739637304
25 25 3.432789021915139
25 26 3.3263669788578003
25 27 3.046290832244957
25 28 3.097764354385905
25 29 3.144749360527874
26 0 3.197262397703674
26 1 3.3857248678744285
26 2 3.328807243493565
26 3 2.640027230487326
26 4 3.2908827851219162
26 5 3.483847599677846
26 6 3.3261735609394942
26 7 3.2328492784651033
26 8 3.056771113767861
26 9 3.4612419660704075
26 10 4.255730489935444
26 11 3.7454460594351646
26 12 4.066250655300222
26 13 4.025781379635596
26 14 4.111343618944246
26 15 4.55641492478021
26 16 4.746478421614756
26 17 5.011867036835456
26 18 4.615728886268787
26 19 4.190981373390458
26 20 4.056972718924051
26 21 3.569652377596203
26 22 3.7115971624984367
26 23 3.239571485007216
26 24 3.2143655815846146
26 25 3.3263669788578003
26 26 3.076563720736945
26 27 3.176558380638958
26 28 2.8803504204017614
26 29 3.0938455109103193
27 0 2.671934350887192
27 1 3.0270458200649055
27 2 3.495389173858229
27 3 3.5461734345874
27 4 2.640027230487326
27 5 2.9620158108040573
27 6 3.5150631869348326
27 7 3.377484287797488
27 8 3.4770327928061637
27 9 3.384388310570351
27 10 3.2043255087721385
27 11 3.4738223015977328
27 12 3.675360879655226
27 13 3.905630191800239
27 14 3.9717298756001704
27 15 4.101517341027179
27 16 3.7120999682844094
27 17 3.6478146487887115
27 18 3.6079702609058506
27 19 3.902281736754558
27 20 3.717533263551473
27 21 4.069474279406307
27 22 3.586382440056335
27 23 3.444972015820345
27 24 2.8792740989183843
27 25 3.046290832244957
27 26 3.176558380638958
27 27 2.9920708720885805
27 28 2.7425020891372283
27 29 3.032374166780772
28 0 2.740469766708903
28 1 3.15108350415692
28 2 3.21330102429142
28 3 3.495389173858229
28 4 3.328807243493565
28 5 2.6424400674153765
28 6 3.1015953190296957
28 7 3.039784725392475
28 8 3.152829856663686
28 9 4.027761632190627
28 10 3.28223641702349
28 11 3.1452244700835963
28 12 2.9739938175029463
28 13 3.6555016612509164
28 14 3.8956500114154466
28 15 3.435855524170344
28 16 4.087018106383668
28 17 3.5745256361496005
28 18 3.7849583725266562
28 19 3.211431678656554
28 20 3.5820805524856953
28 21 3.2558970216704313
28 22 2.9035125266764616
28 23 3.008885392018259
28 24 3.0733443852515285
28 25 3.097764354385905
28 26 2.8803504204017614
28 27 2.7425020891372283
28 28 3.8399563867302136
28 29 3.4943205289758428
29 0 2.9647721563434644
29 1 2.9881568443037034
29 2 3.15108350415692
29 3 3.0270458200649055
29 4 3.3857248678744285
29 5 3.1989237109873363
29 6 3.008151929943713
29 7 3.3789562778177884
29 8 2.9383954475943637
29 9 3.7016944445908915
29 10 3.529074686333791
29 11 3.286289172260959
29 12 2.900042198809663
29 13 3.0924691752382207
29 14 3.2845296296428668
29 15 3.4992879029790562
29 16 3.1680067944173658
29 17 3.003965707298666
29 18 2.925809102526689
29 19 3.0110088565127073
29 20 2.868169215727812
29 21 3.4026290315343983
29 22 3.5795493226322366
29 23 3.3789226097579217
29 24 3.235465606469709
29 25 3.144749360527874
29 26 3.0938455109103193
29 27 3.032374166780772
29 28 3.4943205289758428
29 29 3.1560095062614906
