0 0 1.5147689368436859
0 1 1.491871663466088
0 2 1.9490266723613487
0 3 1.7496285503893507
0 4 1.7466452782356583
0 5 1.847080010428653
0 6 1.7241132504976704
0 7 1.9070177877701695
0 8 1.849514032899543
0 9 1.49864477910593
0 10 1.8527405814953766
0 11 1.888592021147874
0 12 1.6748746921564643
0 13 1.8942510509403923
0 14 1.9772392012177171
0 15 2.8071180889742613
0 16 2.5789883350016303
0 17 1.9588506742357823
0 18 2.0596063295918436
0 19 1.830679739826112
0 20 1.7409704039537455
0 21 1.4987491967795787
0 22 1.7442927666113885
0 23 1.735203923749524
0 24 1.8338588312063238
0 25 1.7750132805012653
0 26 1.6926018390901343
0 27 2.1529829821064346
0 28 1.6314528963576527
0 29 1.7996511426924786
1 0 1.491871663466088
1 1 1.7970355749554017
1 2 1.7241411780463216
1 3 1.8034927859802707
1 4 2.1005036910760047
1 5 1.6642726276976467
1 6 1.4586507758133391
1 7 1.7928072108754594
1 8 1.8555189827973375
1 9 1.6901834455438232
1 10 1.8153553222708443
1 11 1.7485413279618691
1 12 1.384739310067162
1 13 1.7052784660619948
1 14 1.5332682111171176
1 15 2.247251805624338
1 16 1.8610837927933261
1 17 1.6709744220879121
1 18 1.8387982416948958
1 19 1.7900062313192222
1 20 2.1417736910025793
1 21 1.7425613221379779
1 22 2.159290787674796
1 23 1.4820582656186259
1 24 1.3756742950706313
1 25 1.8480412301526046
1 26 2.190566097133425
1 27 1.5199458589935817
1 28 1.738161196647218
1 29 1.6688118873795232
2 0 1.9490266723613487
2 1 1.7241411780463216
2 2 2.205596667953399
2 3 1.5772304302030145
2 4 1.724006312737554
2 5 1.9381528253879268
2 6 1.9430366597535225
2 7 1.911481574535178
2 8 1.8099097910497923
2 9 1.9642491986679707
2 10 1.7919295932494985
2 11 1.714300796024772
2 12 1.8399011247176562
2 13 1.6497004258483956
2 14 2.0820275819210985
2 15 2.0013259199986537
2 16 1.754046030534005
2 17 2.051471628901241
2 18 1.4169872851658938
2 19 2.3266670054930603
2 20 1.952562225998509
2 21 1.9947466993742085
2 22 2.0708935005849343
2 23 1.7248614556358288
2 24 1.7540759621152557
2 25 1.5636389581539
2 26 1.7241606835373473
2 27 1.5746691822324816
2 28 2.1444073546171114
2 29 1.738161196647218
3 0 1.7496285503893507
3 1 1.8034927859802707
3 2 1.5772304302030145
3 3 1.4781012025770661
3 4 1.4892174961996985
3 5 2.4807828593094388
3 6 1.7587247214373758
3 7 1.6596996857209012
3 8 2.0439154080238215
3 9 1.9547729556552005
3 10 2.169906954564339
3 11 2.1520781031939067
3 12 2.3360286465156617
3 13 2.014540296751389
3 14 1.9827551007027964
3 15 1.961232945360248
3 16 1.8759232489948008
3 17 1.837165301511585
3 18 2.276059443566719
3 19 1.7128771277836927
3 20 1.7241494218352864
3 21 1.7635067828019488
3 22 1.7996853374555852
3 23 1.8786216244261975
3 24 2.558284406549741
3 25 1.8663133573552486
3 26 1.7570281521109992
3 27 1.764545701327615
3 28 1.5746691822324816
3 29 1.5199458589935817
4 0 1.7466452782356583
4 1 2.1005036910760047
4 2 1.724006312737554
4 3 1.4892174961996985
4 4 1.7950041932537821
4 5 2.1297799760501124
4 6 1.6789595927832672
4 7 1.6012163837498201
4 8 1.9805358515937843
4 9 1.9197035160843692
4 10 2.0417131098174166
4 11 2.0680916211350735
4 12 2.043584918997518
4 13 2.1107068921419923
4 14 1.9147366287161403
4 15 2.385777551585325
4 16 2.2107917922684317
4 17 1.9066271974661995
4 18 1.9827097585791476
4 19 1.934436757385801
4 20 2.163949897190124
4 21 1.9406929439090956
4 22 2.059464170958436
4 23 1.6743868036351035
4 24 2.1208549290369745
4 25 1.973287006296256
4 26 1.839811470840948
4 27 1.7570281521109992
4 28 1.7241606835373473
4 29 2.190566097133425
5 0 1.847080010428653
5 1 1.6642726276976467
5 2 1.9381528253879268
5 3 2.4807828593094388
5 4 2.1297799760501124
5 5 1.9347528351034968
5 6 1.5227687415461264
5 7 2.074116240657562
5 8 1.9045566435784196
5 9 1.948245114588196
5 10 2.2613337861703537
5 11 2.3333892017165057
5 12 2.4372540860880103
5 13 1.986795703541404
5 14 1.9705307551648685
5 15 1.7477292344671278
5 16 2.0411142696209668
5 17 2.6236467146488405
5 18 2.901256297721505
5 19 2.84110229638912
5 20 1.7413154222155809
5 21 1.7126181600215407
5 22 1.9497977116750211
5 23 2.05187220865481
5 24 1.9375137223737289
5 25 1.6823104118222891
5 26 1.973287006296256
5 27 1.8663133573552486
5 28 1.5636389581539
5 29 1.8480412301526046
6 0 1.7241132504976704
6 1 1.4586507758133391
6 2 1.9430366597535225
6 3 1.7587247214373758
6 4 1.6789595927832672
6 5 1.5227687415461264
6 6 2.4380433591679096
6 7 2.0740148929750197
6 8 2.1608403861824783
6 9 2.162829182834882
6 10 2.4231059091486147
6 11 2.28032114105224
6 12 2.466593158087399
6 13 2.399652952543904
6 14 2.595522542645639
6 15 2.7539375680334914
6 16 2.511043338232069
6 17 2.5762866947828758
6 18 2.308665567511101
6 19 2.040056342483733
6 20 2.3517442345091104
6 21 2.9728519588506064
6 22 1.4912633852366983
6 23 1.6458580179389253
6 24 2.5712510160875737
6 25 1.9375137223737289
6 26 2.1208549290369745
6 27 2.558284406549741
6 28 1.7540759621152557
6 29 1.3756742950706313
7 0 1.9070177877701695
7 1 1.7928072108754594
7 2 1.911481574535178
7 3 1.6596996857209012
7 4 1.6012163837498201
7 5 2.074116240657562
7 6 2.0740148929750197
7 7 2.1795928757197065
7 8 2.886808508727078
7 9 2.143068606240686
7 10 2.5018426759097956
7 11 2.0872336731175567
7 12 2.590257152084196
7 13 2.6936811782231476
7 14 2.1433278506463265
7 15 2.802132342863927
7 16 2.465485453752571
7 17 2.2610885925945223
7 18 2.409256601945142
7 19 2.9301114303350033
7 20 2.393574407198744
7 21 2.5528514604979007
7 22 2.2295006416519483
7 23 1.879679337572349
7 24 1.6458580179389253
7 25 2.05187220865481
7 26 1.6743868036351035
7 27 1.8786216244261975
7 28 1.7248614556358288
7 29 1.4820582656186259
8 0 1.849514032899543
8 1 1.8555189827973375
8 2 1.8099097910497923
8 3 2.0439154080238215
8 4 1.9805358515937843
8 5 1.9045566435784196
8 6 2.1608403861824783
8 7 2.886808508727078
8 8 2.0351767469459907
8 9 3.0925082359742238
8 10 2.396870097965726
8 11 3.3939252828375386
8 12 2.854592473035807
8 13 2.6288973053890734
8 14 2.635237799082699
8 15 2.8468061115590446
8 16 3.2392171498754174
8 17 2.8065105935957004
8 18 2.9899293077417823
8 19 2.3415807671867848
8 20 2.6679791446308583
8 21 2.12530711024888
8 22 1.8069870991465722
8 23 2.2295006416519483
8 24 1.4912633852366983
8 25 1.9497977116750211
8 26 2.059464170958436
8 27 1.7996853374555852
8 28 2.0708935005849343
8 29 2.159290787674796
9 0 1.49864477910593
9 1 1.6901834455438232
9 2 1.9642491986679707
9 3 1.9547729556552005
9 4 1.9197035160843692
9 5 1.948245114588196
9 6 2.162829182834882
9 7 2.143068606240686
9 8 3.0925082359742238
9 9 3.2688763396743
9 10 3.127708583434714
9 11 2.9978337963209705
9 12 3.3569884573833377
9 13 3.3330346379958065
9 14 3.478519314184783
9 15 2.6333596303134352
9 16 2.909870802767343
9 17 3.275419115824473
9 18 3.159945184506397
9 19 2.53461158937806
9 20 2.8847291459242443
9 21 2.864490119172175
9 22 2.12530711024888
9 23 2.5528514604979007
9 24 2.9728519588506064
9 25 1.7126181600215407
9 26 1.9406929439090956
9 27 1.7635067828019488
9 28 1.9947466993742085
9 29 1.7425613221379779
10 0 1.8527405814953766
10 1 1.8153553222708443
10 2 1.7919295932494985
10 3 2.169906954564339
10 4 2.0417131098174166
10 5 2.2613337861703537
10 6 2.4231059091486147
10 7 2.5018426759097956
10 8 2.396870097965726
10 9 3.127708583434714
10 10 3.0227627010267946
10 11 2.8456811568895253
10 12 3.2947057920445055
10 13 3.9727081294712128
10 14 2.9690429275367225
10 15 3.1693328053956327
10 16 3.1040383236422997
10 17 3.1550525490963537
10 18 2.599299516886888
10 19 2.5672445015201086
10 20 2.773090188333423
10 21 2.8847291459242443
10 22 2.6679791446308583
10 23 2.393574407198744
10 24 2.3517442345091104
10 25 1.7413154222155809
10 26 2.163949897190124
10 27 1.7241494218352864
10 28 1.952562225998509
10 29 2.1417736910025793
11 0 1.888592021147874
11 1 1.7485413279618691
11 2 1.714300796024772
11 3 2.1520781031939067
11 4 2.0680916211350735
11 5 2.3333892017165057
11 6 2.28032114105224
11 7 2.0872336731175567
11 8 3.3939252828375386
11 9 2.9978337963209705
11 10 2.8456811568895253
11 11 3.4044266439898507
11 12 3.5181151834554467
11 13 3.678708803263452
11 14 4.170258035721513
11 15 3.033619047718654
11 16 3.181069062635563
11 17 3.81773727598069
11 18 3.2527964751901774
11 19 2.982817156038248
11 20 2.5672445015201086
11 21 2.53461158937806
11 22 2.3415807671867848
11 23 2.9301114303350033
11 24 2.040056342483733
11 25 2.84110229638912
11 26 1.934436757385801
11 27 1.7128771277836927
11 28 2.3266670054930603
11 29 1.7900062313192222
12 0 1.6748746921564643
12 1 1.384739310067162
12 2 1.8399011247176562
12 3 2.3360286465156617
12 4 2.043584918997518
12 5 2.4372540860880103
12 6 2.466593158087399
12 7 2.590257152084196
12 8 2.854592473035807
12 9 3.3569884573833377
12 10 3.2947057920445055
12 11 3.5181151834554467
12 12 4.200933118807089
12 13 4.516434647480071
12 14 4.258221919332447
12 15 4.172098114639392
12 16 4.410685187468063
12 17 4.169612026409315
12 18 4.255371093749999
12 19 3.2527964751901774
12 20 2.599299516886888
12 21 3.159945184506397
12 22 2.9899293077417823
12 23 2.409256601945142
12 24 2.308665567511101
12 25 2.901256297721505
12 26 1.9827097585791476
12 27 2.276059443566719
12 28 1.4169872851658938
12 29 1.8387982416948958
13 0 1.8942510509403923
13 1 1.7052784660619948
13 2 1.6497004258483956
13 3 2.014540296751389
13 4 2.1107068921419923
13 5 1.986795703541404
13 6 2.399652952543904
13 7 2.6936811782231476
13 8 2.6288973053890734
13 9 3.3330346379958065
13 10 3.9727081294712128
13 11 3.678708803263452
13 12 4.516434647480071
13 13 5.046472074233901
13 14 4.986334867010151
13 15 5.49170228982131
13 16 5.769418320237989
13 17 4.914550229366493
13 18 4.169612026409315
13 19 3.81773727598069
13 20 3.1550525490963537
13 21 3.275419115824473
13 22 2.8065105935957004
13 23 2.2610885925945223
13 24 2.5762866947828758
13 25 2.6236467146488405
13 26 1.9066271974661995
13 27 1.837165301511585
13 28 2.051471628901241
13 29 1.6709744220879121
14 0 1.9772392012177171
14 1 1.5332682111171176
14 2 2.0820275819210985
14 3 1.9827551007027964
14 4 1.9147366287161403
14 5 1.9705307551648685
14 6 2.595522542645639
14 7 2.1433278506463265
14 8 2.635237799082699
14 9 3.478519314184783
14 10 2.9690429275367225
14 11 4.170258035721513
14 12 4.258221919332447
14 13 4.986334867010151
14 14 10.715860520282776
14 15 5.142505002644162
14 16 4.937769838887022
14 17 5.769418320237989
14 18 4.410685187468063
14 19 3.181069062635563
14 20 3.1040383236422997
14 21 2.909870802767343
14 22 3.2392171498754174
14 23 2.465485453752571
14 24 2.511043338232069
14 25 2.0411142696209668
14 26 2.2107917922684317
14 27 1.8759232489948008
14 28 1.754046030534005
14 29 1.8610837927933261
15 0 2.8071180889742613
15 1 2.247251805624338
15 2 2.0013259199986537
15 3 1.961232945360248
15 4 2.385777551585325
15 5 1.7477292344671278
15 6 2.7539375680334914
15 7 2.802132342863927
15 8 2.8468061115590446
15 9 2.6333596303134352
15 10 3.1693328053956327
15 11 3.033619047718654
15 12 4.172098114639392
15 13 5.49170228982131
15 14 5.142505002644162
15 15 5.690917968749999
15 16 5.142505002644162
15 17 5.49170228982131
15 18 4.172098114639392
15 19 3.033619047718654
15 20 3.1693328053956327
15 21 2.6333596303134352
15 22 2.8468061115590446
15 23 2.802132342863927
15 24 2.7539375680334914
15 25 1.7477292344671278
15 26 2.385777551585325
15 27 1.961232945360248
15 28 2.0013259199986537
15 29 2.247251805624338
16 0 2.5789883350016303
16 1 1.8610837927933261
16 2 1.754046030534005
16 3 1.8759232489948008
16 4 2.2107917922684317
16 5 2.0411142696209668
16 6 2.511043338232069
16 7 2.465485453752571
16 8 3.2392171498754174
16 9 2.909870802767343
16 10 3.1040383236422997
16 11 3.181069062635563
16 12 4.410685187468063
16 13 5.769418320237989
16 14 4.937769838887022
16 15 5.142505002644162
16 16 10.715860520282776
16 17 4.986334867010151
16 18 4.258221919332447
16 19 4.170258035721513
16 20 2.9690429275367225
16 21 3.478519314184783
16 22 2.635237799082699
16 23 2.1433278506463265
16 24 2.595522542645639
16 25 1.9705307551648685
16 26 1.9147366287161403
16 27 1.9827551007027964
16 28 2.0820275819210985
16 29 1.5332682111171176
17 0 1.9588506742357823
17 1 1.6709744220879121
17 2 2.051471628901241
17 3 1.837165301511585
17 4 1.9066271974661995
17 5 2.6236467146488405
17 6 2.5762866947828758
17 7 2.2610885925945223
17 8 2.8065105935957004
17 9 3.275419115824473
17 10 3.1550525490963537
17 11 3.81773727598069
17 12 4.169612026409315
17 13 4.914550229366493
17 14 5.769418320237989
17 15 5.49170228982131
17 16 4.986334867010151
17 17 5.046472074233901
17 18 4.516434647480071
17 19 3.678708803263452
17 20 3.9727081294712128
17 21 3.3330346379958065
17 22 2.6288973053890734
17 23 2.6936811782231476
17 24 2.399652952543904
17 25 1.986795703541404
17 26 2.1107068921419923
17 27 2.014540296751389
17 28 1.6497004258483956
17 29 1.7052784660619948
18 0 2.0596063295918436
18 1 1.8387982416948958
18 2 1.4169872851658938
18 3 2.276059443566719
18 4 1.9827097585791476
18 5 2.901256297721505
18 6 2.308665567511101
18 7 2.409256601945142
18 8 2.9899293077417823
18 9 3.159945184506397
18 10 2.599299516886888
18 11 3.2527964751901774
18 12 4.255371093749999
18 13 4.169612026409315
18 14 4.410685187468063
18 15 4.172098114639392
18 16 4.258221919332447
18 17 4.516434647480071
18 18 4.200933118807089
18 19 3.5181151834554467
18 20 3.2947057920445055
18 21 3.3569884573833377
18 22 2.854592473035807
18 23 2.590257152084196
18 24 2.466593158087399
18 25 2.4372540860880103
18 26 2.043584918997518
18 27 2.3360286465156617
18 28 1.8399011247176562
18 29 1.384739310067162
19 0 1.830679739826112
19 1 1.7900062313192222
19 2 2.3266670054930603
19 3 1.7128771277836927
19 4 1.934436757385801
19 5 2.84110229638912
19 6 2.040056342483733
19 7 2.9301114303350033
19 8 2.3415807671867848
19 9 2.53461158937806
19 10 2.5672445015201086
19 11 2.982817156038248
19 12 3.2527964751901774
19 13 3.81773727598069
19 14 3.181069062635563
19 15 3.033619047718654
19 16 4.170258035721513
19 17 3.678708803263452
19 18 3.5181151834554467
19 19 3.4044266439898507
19 20 2.8456811568895253
19 21 2.9978337963209705
19 22 3.3939252828375386
19 23 2.0872336731175567
19 24 2.28032114105224
19 25 2.3333892017165057
19 26 2.0680916211350735
19 27 2.1520781031939067
19 28 1.714300796024772
19 29 1.7485413279618691
20 0 1.7409704039537455
20 1 2.1417736910025793
20 2 1.952562225998509
20 3 1.7241494218352864
20 4 2.163949897190124
20 5 1.7413154222155809
20 6 2.3517442345091104
20 7 2.393574407198744
20 8 2.6679791446308583
20 9 2.8847291459242443
20 10 2.773090188333423
20 11 2.5672445015201086
20 12 2.599299516886888
20 13 3.1550525490963537
20 14 3.1040383236422997
20 15 3.1693328053956327
20 16 2.9690429275367225
20 17 3.9727081294712128
20 18 3.2947057920445055
20 19 2.8456811568895253
20 20 3.0227627010267946
20 21 3.127708583434714
20 22 2.396870097965726
20 23 2.5018426759097956
20 24 2.4231059091486147
20 25 2.2613337861703537
20 26 2.0417131098174166
20 27 2.169906954564339
20 28 1.7919295932494985
20 29 1.8153553222708443
21 0 1.4987491967795787
21 1 1.7425613221379779
21 2 1.9947466993742085
21 3 1.7635067828019488
21 4 1.9406929439090956
21 5 1.7126181600215407
21 6 2.9728519588506064
21 7 2.5528514604979007
21 8 2.12530711024888
21 9 2.864490119172175
21 10 2.8847291459242443
21 11 2.53461158937806
21 12 3.159945184506397
21 13 3.275419115824473
21 14 2.909870802767343
21 15 2.6333596303134352
21 16 3.478519314184783
21 17 3.3330346379958065
21 18 3.3569884573833377
21 19 2.9978337963209705
21 20 3.127708583434714
21 21 3.2688763396743
21 22 3.0925082359742238
21 23 2.143068606240686
21 24 2.162829182834882
21 25 1.948245114588196
21 26 1.9197035160843692
21 27 1.9547729556552005
21 28 1.9642491986679707
21 29 1.6901834455438232
22 0 1.7442927666113885
22 1 2.159290787674796
22 2 2.0708935005849343
22 3 1.7996853374555852
22 4 2.059464170958436
22 5 1.9497977116750211
22 6 1.4912633852366983
22 7 2.2295006416519483
22 8 1.8069870991465722
22 9 2.12530711024888
22 10 2.6679791446308583
22 11 2.3415807671867848
22 12 2.9899293077417823
22 13 2.8065105935957004
22 14 3.2392171498754174
22 15 2.8468061115590446
22 16 2.635237799082699
22 17 2.6288973053890734
22 18 2.854592473035807
22 19 3.3939252828375386
22 20 2.396870097965726
22 21 3.0925082359742238
22 22 2.0351767469459907
22 23 2.886808508727078
22 24 2.1608403861824783
22 25 1.9045566435784196
22 26 1.9805358515937843
22 27 2.0439154080238215
22 28 1.8099097910497923
22 29 1.8555189827973375
23 0 1.735203923749524
23 1 1.4820582656186259
23 2 1.7248614556358288
23 3 1.8786216244261975
23 4 1.6743868036351035
23 5 2.05187220865481
23 6 1.6458580179389253
23 7 1.879679337572349
23 8 2.2295006416519483
23 9 2.5528514604979007
23 10 2.393574407198744
23 11 2.9301114303350033
23 12 2.409256601945142
23 13 2.2610885925945223
23 14 2.465485453752571
23 15 2.802132342863927
23 16 2.1433278506463265
23 17 2.6936811782231476
23 18 2.590257152084196
23 19 2.0872336731175567
23 20 2.5018426759097956
23 21 2.143068606240686
23 22 2.886808508727078
23 23 2.1795928757197065
23 24 2.0740148929750197
23 25 2.074116240657562
23 26 1.6012163837498201
23 27 1.6596996857209012
23 28 1.911481574535178
23 29 1.7928072108754594
24 0 1.8338588312063238
24 1 1.3756742950706313
24 2 1.7540759621152557
24 3 2.558284406549741
24 4 2.1208549290369745
24 5 1.9375137223737289
24 6 2.5712510160875737
24 7 1.6458580179389253
24 8 1.4912633852366983
24 9 2.9728519588506064
24 10 2.3517442345091104
24 11 2.040056342483733
24 12 2.308665567511101
24 13 2.5762866947828758
24 14 2.511043338232069
24 15 2.7539375680334914
24 16 2.595522542645639
24 17 2.399652952543904
24 18 2.466593158087399
24 19 2.28032114105224
24 20 2.4231059091486147
24 21 2.162829182834882
24 22 2.1608403861824783
24 23 2.0740148929750197
24 24 2.4380433591679096
24 25 1.5227687415461264
24 26 1.6789595927832672
24 27 1.7587247214373758
24 28 1.9430366597535225
24 29 1.4586507758133391
25 0 1.7750132805012653
25 1 1.8480412301526046
25 2 1.5636389581539
25 3 1.8663133573552486
25 4 1.973287006296256
25 5 1.6823104118222891
25 6 1.9375137223737289
25 7 2.05187220865481
25 8 1.9497977116750211
25 9 1.7126181600215407
25 10 1.7413154222155809
25 11 2.84110229638912
25 12 2.901256297721505
25 13 2.6236467146488405
25 14 2.0411142696209668
25 15 1.7477292344671278
25 16 1.9705307551648685
25 17 1.986795703541404
25 18 2.4372540860880103
25 19 2.3333892017165057
25 20 2.2613337861703537
25 21 1.948245114588196
25 22 1.9045566435784196
25 23 2.074116240657562
25 24 1.5227687415461264
25 25 1.9347528351034968
25 26 2.1297799760501124
25 27 2.4807828593094388
25 28 1.9381528253879268
25 29 1.6642726276976467
26 0 1.6926018390901343
26 1 2.190566097133425
26 2 1.7241606835373473
26 3 1.7570281521109992
26 4 1.839811470840948
26 5 1.973287006296256
26 6 2.1208549290369745
26 7 1.6743868036351035
26 8 2.059464170958436
26 9 1.9406929439090956
26 10 2.163949897190124
26 11 1.934436757385801
26 12 1.9827097585791476
26 13 1.9066271974661995
26 14 2.2107917922684317
26 15 2.385777551585325
26 16 1.9147366287161403
26 17 2.1107068921419923
26 18 2.043584918997518
26 19 2.0680916211350735
26 20 2.0417131098174166
26 21 1.9197035160843692
26 22 1.9805358515937843
26 23 1.6012163837498201
26 24 1.6789595927832672
26 25 2.1297799760501124
26 26 1.7950041932537821
26 27 1.4892174961996985
26 28 1.724006312737554
26 29 2.1005036910760047
27 0 2.1529829821064346
27 1 1.5199458589935817
27 2 1.5746691822324816
27 3 1.764545701327615
27 4 1.7570281521109992
27 5 1.8663133573552486
27 6 2.558284406549741
27 7 1.8786216244261975
27 8 1.7996853374555852
27 9 1.7635067828019488
27 10 1.7241494218352864
27 11 1.7128771277836927
27 12 2.276059443566719
27 13 1.837165301511585
27 14 1.8759232489948008
27 15 1.961232945360248
27 16 1.9827551007027964
27 17 2.014540296751389
27 18 2.3360286465156617
27 19 2.1520781031939067
27 20 2.169906954564339
27 21 1.9547729556552005
27 22 2.0439154080238215
27 23 1.6596996857209012
27 24 1.7587247214373758
27 25 2.4807828593094388
27 26 1.4892174961996985
27 27 1.4781012025770661
27 28 1.5772304302030145
27 29 1.8034927859802707
28 0 1.6314528963576527
28 1 1.738161196647218
28 2 2.1444073546171114
28 3 1.5746691822324816
28 4 1.7241606835373473
28 5 1.5636389581539
28 6 1.7540759621152557
28 7 1.7248614556358288
28 8 2.0708935005849343
28 9 1.9947466993742085
28 10 1.952562225998509
28 11 2.3266670054930603
28 12 1.4169872851658938
28 13 2.051471628901241
28 14 1.754046030534005
28 15 2.0013259199986537
28 16 2.0820275819210985
28 17 1.6497004258483956
28 18 1.8399011247176562
28 19 1.714300796024772
28 20 1.7919295932494985
28 21 1.9642491986679707
28 22 1.8099097910497923
28 23 1.911481574535178
28 24 1.9430366597535225
28 25 1.9381528253879268
28 26 1.724006312737554
28 27 1.5772304302030145
28 28 2.205596667953399
28 29 1.7241411780463216
29 0 1.7996511426924786
29 1 1.6688118873795232
29 2 1.738161196647218
29 3 1.5199458589935817
29 4 2.190566097133425
29 5 1.8480412301526046
29 6 1.3756742950706313
29 7 1.4820582656186259
29 8 2.159290787674796
29 9 1.7425613221379779
29 10 2.1417736910025793
29 11 1.7900062313192222
29 12 1.8387982416948958
29 13 1.6709744220879121
29 14 1.8610837927933261
29 15 2.247251805624338
29 16 1.5332682111171176
29 17 1.7052784660619948
29 18 1.384739310067162
29 19 1.7485413279618691
29 20 1.8153553222708443
29 21 1.6901834455438232
29 22 1.8555189827973375
29 23 1.7928072108754594
29 24 1.4586507758133391
29 25 1.6642726276976467
29 26 2.1005036910760047
29 27 1.8034927859802707
29 28 1.7241411780463216
29 29 1.7970355749554017
