0 0 1.4082978515492142
0 1 1.498403734706337
0 2 1.6142742265404852
0 3 1.8146893700481896
0 4 1.4424683844964676
0 5 1.457566181841281
0 6 1.6925393855208042
0 7 2.358088103887423
0 8 2.1043088554911122
0 9 2.0657467439518107
0 10 1.8219245000816522
0 11 2.04339461677493
0 12 1.902082265358521
0 13 1.7850650012303158
0 14 2.020092888839202
0 15 2.032013852952231
0 16 2.2835272126903177
0 17 1.8732481639930543
0 18 2.0682399887557326
0 19 1.6918444816106093
0 20 1.8254241467093155
0 21 1.5316702049458812
0 22 1.7906553418292996
0 23 1.7244252555111053
0 24 1.9059037607710636
0 25 1.4376249050444725
0 26 1.7038358542451835
0 27 1.8267679726114108
0 28 1.65441579996247
0 29 1.914350431723964
1 0 1.498403734706337
1 1 1.772172181645283
1 2 1.9203483807038142
1 3 1.4420647887855864
1 4 1.74504237916646
1 5 1.8753701538271814
1 6 2.32035444808491
1 7 1.8926902289561816
1 8 1.8318462002758016
1 9 1.6416804175561972
1 10 1.8906215801032755
1 11 1.6823822500186776
1 12 1.499336459402242
1 13 1.7890976071514904
1 14 1.6519558903039728
1 15 1.971172805124959
1 16 2.0210392191210533
1 17 1.5975221253786764
1 18 1.9243222834714382
1 19 2.014451096689906
1 20 1.4676321963250036
1 21 1.4783842936204357
1 22 1.843614946516801
1 23 1.724006312737554
1 24 2.095379529877966
1 25 1.8098333617139983
1 26 1.7917750900611018
1 27 1.7974486726322776
1 28 1.887918046658155
1 29 2.0009994557609567
2 0 1.6142742265404852
2 1 1.9203483807038142
2 2 1.389325150166857
2 3 1.5950429362267777
2 4 1.8233625406882819
2 5 1.9746829371727164
2 6 1.9933142470644356
2 7 1.7347300718092142
2 8 1.8979049232453329
2 9 2.0813166971881962
2 10 2.2459790199823146
2 11 1.9734794982068045
2 12 1.939318567778573
2 13 1.9412549293864645
2 14 2.1377410321772783
2 15 2.1148253103047185
2 16 2.179685526107308
2 17 1.8057197855169285
2 18 1.8709747033591106
2 19 2.048818743129451
2 20 2.0511946011446915
2 21 1.9473971894658892
2 22 2.020833761251274
2 23 1.4493205647651213
2 24 1.269046731491059
2 25 1.9079326656715345
2 26 1.8080395598766186
2 27 1.451019736507599
2 28 1.4557522065510449
2 29 1.887918046658155
3 0 1.8146893700481896
3 1 1.4420647887855864
3 2 1.5950429362267777
3 3 1.7736619830487048
3 4 1.86231508059157
3 5 1.3819780306471205
3 6 2.1921131810229957
3 7 2.0290065159652975
3 8 2.047302222353411
3 9 1.993882161015041
3 10 2.2277835722497947
3 11 2.0719441795262137
3 12 1.6997000770590982
3 13 2.1154120646560868
3 14 2.104747406050488
3 15 1.9964788890076233
3 16 2.0564602573168878
3 17 1.8045106623887566
3 18 2.2854218828564155
3 19 1.6114667734337265
3 20 1.7502900019504066
3 21 1.7724503748402711
3 22 1.716900112438935
3 23 1.6260071776590466
3 24 1.5518156120521027
3 25 1.7442927666113885
3 26 1.9755560751978178
3 27 1.7638842635348921
3 28 1.451019736507599
3 29 1.7974486726322776
4 0 1.4424683844964676
4 1 1.74504237916646
4 2 1.8233625406882819
4 3 1.86231508059157
4 4 1.5837131196092504
4 5 2.4527298683794485
4 6 1.9911488247311897
4 7 1.937974931601492
4 8 3.0113336778234427
4 9 2.719841839318445
4 10 1.9974868734489326
4 11 1.9633366277995428
4 12 2.457341397647346
4 13 1.9092679709166231
4 14 2.2304885124144915
4 15 2.309521815887415
4 16 2.1904303308000888
4 17 2.412969890838892
4 18 1.999690245975605
4 19 1.8283064197486254
4 20 2.1000736565041676
4 21 2.0455362706617546
4 22 1.7052784660619948
4 23 2.186606753085908
4 24 1.7425613221379779
4 25 1.807320635903962
4 26 1.5834470371184564
4 27 1.9755560751978178
4 28 1.8080395598766186
4 29 1.7917750900611018
5 0 1.457566181841281
5 1 1.8753701538271814
5 2 1.9746829371727164
5 3 1.3819780306471205
5 4 2.4527298683794485
5 5 2.0171398517048615
5 6 2.5533365318851207
5 7 2.3000472123133333
5 8 2.0382086147079908
5 9 2.5041929077387204
5 10 2.901469469230972
5 11 2.152638219760969
5 12 2.7028154591270197
5 13 2.3972491504094644
5 14 2.1974929520480067
5 15 2.102216680381138
5 16 2.0842003419818593
5 17 2.3004607674465176
5 18 2.1501784843543668
5 19 2.3573737635253442
5 20 2.047664808757207
5 21 1.7454567889744041
5 22 1.483673846999667
5 23 1.952562225998509
5 24 2.50686778595528
5 25 1.8138914499610994
5 26 1.807320635903962
5 27 1.7442927666113885
5 28 1.9079326656715345
5 29 1.8098333617139983
6 0 1.6925393855208042
6 1 2.32035444808491
6 2 1.9933142470644356
6 3 2.1921131810229957
6 4 1.9911488247311897
6 5 2.5533365318851207
6 6 2.358701254891834
6 7 2.416039511748113
6 8 3.0646571579817428
6 9 2.0755350310055167
6 10 2.523421437487134
6 11 2.6461581916152057
6 12 2.6581873604171546
6 13 2.6446435614738917
6 14 2.6157988969213273
6 15 2.962928636895148
6 16 1.9262940075631472
6 17 1.8315280804577834
6 18 2.321889767266716
6 19 2.2916406336985538
6 20 1.948245114588196
6 21 1.9031200376053066
6 22 1.7128771277836927
6 23 1.6715662108537495
6 24 2.118864740929083
6 25 2.50686778595528
6 26 1.7425613221379779
6 27 1.5518156120521027
6 28 1.269046731491059
6 29 2.095379529877966
7 0 2.358088103887423
7 1 1.8926902289561816
7 2 1.7347300718092142
7 3 2.0290065159652975
7 4 1.937974931601492
7 5 2.3000472123133333
7 6 2.416039511748113
7 7 2.388656798616308
7 8 3.068797346106502
7 9 2.881536191419297
7 10 3.371117077609547
7 11 3.1677288187099366
7 12 3.3732903134511063
7 13 2.814932387213733
7 14 2.3815068220374873
7 15 2.9516717312281178
7 16 3.2002127134246967
7 17 3.3806331833897496
7 18 1.969959557083
7 19 2.397864255159983
7 20 2.4819639305220442
7 21 1.9827097585791476
7 22 2.3100113403077533
7 23 2.217784379065017
7 24 1.6715662108537495
7 25 1.952562225998509
7 26 2.186606753085908
7 27 1.6260071776590466
7 28 1.4493205647651213
7 29 1.724006312737554
8 0 2.1043088554911122
8 1 1.8318462002758016
8 2 1.8979049232453329
8 3 2.047302222353411
8 4 3.0113336778234427
8 5 2.0382086147079908
8 6 3.0646571579817428
8 7 3.068797346106502
8 8 3.5737559595312325
8 9 2.947749256152837
8 10 2.883520425709822
8 11 3.3183259092207242
8 12 4.2073507436644295
8 13 3.081900800703219
8 14 3.025975926412189
8 15 2.728639349701546
8 16 3.222455780726488
8 17 2.127583068775153
8 18 2.4000929965451934
8 19 2.585545135014432
8 20 2.6236467146488405
8 21 2.461819601838541
8 22 1.879679337572349
8 23 2.3100113403077533
8 24 1.7128771277836927
8 25 1.483673846999667
8 26 1.7052784660619948
8 27 1.716900112438935
8 28 2.020833761251274
8 29 1.843614946516801
9 0 2.0657467439518107
9 1 1.6416804175561972
9 2 2.0813166971881962
9 3 1.993882161015041
9 4 2.719841839318445
9 5 2.5041929077387204
9 6 2.0755350310055167
9 7 2.881536191419297
9 8 2.947749256152837
9 9 3.8256965574078556
9 10 3.3943519654501375
9 11 3.4590242115136935
9 12 4.44849666671709
9 13 3.4699789536823493
9 14 3.4844351313367716
9 15 3.179002773555226
9 16 2.711603847907473
9 17 2.024706073636562
9 18 2.4083072018876064
9 19 2.511043338232069
9 20 2.1916874448186765
9 21 2.5985693637972775
9 22 2.461819601838541
9 23 1.9827097585791476
9 24 1.9031200376053066
9 25 1.7454567889744041
9 26 2.0455362706617546
9 27 1.7724503748402711
9 28 1.9473971894658892
9 29 1.4783842936204357
10 0 1.8219245000816522
10 1 1.8906215801032755
10 2 2.2459790199823146
10 3 2.2277835722497947
10 4 1.9974868734489326
10 5 2.901469469230972
10 6 2.523421437487134
10 7 3.371117077609547
10 8 2.883520425709822
10 9 3.3943519654501375
10 10 5.078924370712938
10 11 4.4152211485760455
10 12 4.824637041978399
10 13 4.242367500254572
10 14 3.363549060654329
10 15 2.658047223331836
10 16 3.034134776094749
10 17 3.5734327869014306
10 18 2.802132342863927
10 19 2.5053646214996377
10 20 2.4663130068202537
10 21 2.1916874448186765
10 22 2.6236467146488405
10 23 2.4819639305220442
10 24 1.948245114588196
10 25 2.047664808757207
10 26 2.1000736565041676
10 27 1.7502900019504066
10 28 2.0511946011446915
10 29 1.4676321963250036
11 0 2.04339461677493
11 1 1.6823822500186776
11 2 1.9734794982068045
11 3 2.0719441795262137
11 4 1.9633366277995428
11 5 2.152638219760969
11 6 2.6461581916152057
11 7 3.1677288187099366
11 8 3.3183259092207242
11 9 3.4590242115136935
11 10 4.4152211485760455
11 11 11.776159368646947
11 12 6.16045495800981
11 13 4.2680925611351
11 14 3.914466365215665
11 15 3.278071155781945
11 16 3.2105956801119695
11 17 2.635237799082699
11 18 2.574947960870642
11 19 2.531982108764607
11 20 2.5053646214996377
11 21 2.511043338232069
11 22 2.585545135014432
11 23 2.397864255159983
11 24 2.2916406336985538
11 25 2.3573737635253442
11 26 1.8283064197486254
11 27 1.6114667734337265
11 28 2.048818743129451
11 29 2.014451096689906
12 0 1.902082265358521
12 1 1.499336459402242
12 2 1.939318567778573
12 3 1.6997000770590982
12 4 2.457341397647346
12 5 2.7028154591270197
12 6 2.6581873604171546
12 7 3.3732903134511063
12 8 4.2073507436644295
12 9 4.44849666671709
12 10 4.824637041978399
12 11 6.16045495800981
12 12 5.1473693816474935
12 13 4.151747054663589
12 14 3.6946827673936005
12 15 3.991909947690009
12 16 3.3330346379958065
12 17 3.266444576212415
12 18 2.4777221895563546
12 19 2.574947960870642
12 20 2.802132342863927
12 21 2.4083072018876064
12 22 2.4000929965451934
12 23 1.969959557083
12 24 2.321889767266716
12 25 2.1501784843543668
12 26 1.999690245975605
12 27 2.2854218828564155
12 28 1.8709747033591106
12 29 1.9243222834714382
13 0 1.7850650012303158
13 1 1.7890976071514904
13 2 1.9412549293864645
13 3 2.1154120646560868
13 4 1.9092679709166231
13 5 2.3972491504094644
13 6 2.6446435614738917
13 7 2.814932387213733
13 8 3.081900800703219
13 9 3.4699789536823493
13 10 4.242367500254572
13 11 4.2680925611351
13 12 4.151747054663589
13 13 3.498802442939689
13 14 3.208122346268688
13 15 3.2947057920445055
13 16 3.2630138079559803
13 17 3.0403037065462666
13 18 3.266444576212415
13 19 2.635237799082699
13 20 3.5734327869014306
13 21 2.024706073636562
13 22 2.127583068775153
13 23 3.3806331833897496
13 24 1.8315280804577834
13 25 2.3004607674465176
13 26 2.412969890838892
13 27 1.8045106623887566
13 28 1.8057197855169285
13 29 1.5975221253786764
14 0 2.020092888839202
14 1 1.6519558903039728
14 2 2.1377410321772783
14 3 2.104747406050488
14 4 2.2304885124144915
14 5 2.1974929520480067
14 6 2.6157988969213273
14 7 2.3815068220374873
14 8 3.025975926412189
14 9 3.4844351313367716
14 10 3.363549060654329
14 11 3.914466365215665
14 12 3.6946827673936005
14 13 3.208122346268688
14 14 3.4044266439898507
14 15 3.9153721237965717
14 16 2.982817156038248
14 17 3.2630138079559803
14 18 3.3330346379958065
14 19 3.2105956801119695
14 20 3.034134776094749
14 21 2.711603847907473
14 22 3.222455780726488
14 23 3.2002127134246967
14 24 1.9262940075631472
14 25 2.0842003419818593
14 26 2.1904303308000888
14 27 2.0564602573168878
14 28 2.179685526107308
14 29 2.0210392191210533
15 0 2.032013852952231
15 1 1.971172805124959
15 2 2.1148253103047185
15 3 1.9964788890076233
15 4 2.309521815887415
15 5 2.102216680381138
15 6 2.962928636895148
15 7 2.9516717312281178
15 8 2.728639349701546
15 9 3.179002773555226
15 10 2.658047223331836
15 11 3.278071155781945
15 12 3.991909947690009
15 13 3.2947057920445055
15 14 3.9153721237965717
15 15 3.5163301591902285
15 16 3.9153721237965717
15 17 3.2947057920445055
15 18 3.991909947690009
15 19 3.278071155781945
15 20 2.658047223331836
15 21 3.179002773555226
15 22 2.728639349701546
15 23 2.9516717312281178
15 24 2.962928636895148
15 25 2.102216680381138
15 26 2.309521815887415
15 27 1.9964788890076233
15 28 2.1148253103047185
15 29 1.971172805124959
16 0 2.2835272126903177
16 1 2.0210392191210533
16 2 2.179685526107308
16 3 2.0564602573168878
16 4 2.1904303308000888
16 5 2.0842003419818593
16 6 1.9262940075631472
16 7 3.2002127134246967
16 8 3.222455780726488
16 9 2.711603847907473
16 10 3.034134776094749
16 11 3.2105956801119695
16 12 3.3330346379958065
16 13 3.2630138079559803
16 14 2.982817156038248
16 15 3.9153721237965717
16 16 3.4044266439898507
16 17 3.208122346268688
16 18 3.6946827673936005
16 19 3.914466365215665
16 20 3.363549060654329
16 21 3.4844351313367716
16 22 3.025975926412189
16 23 2.3815068220374873
16 24 2.6157988969213273
16 25 2.1974929520480067
16 26 2.2304885124144915
16 27 2.104747406050488
16 28 2.1377410321772783
16 29 1.6519558903039728
17 0 1.8732481639930543
17 1 1.5975221253786764
17 2 1.8057197855169285
17 3 1.8045106623887566
17 4 2.412969890838892
17 5 2.3004607674465176
17 6 1.8315280804577834
17 7 3.3806331833897496
17 8 2.127583068775153
17 9 2.024706073636562
17 10 3.5734327869014306
17 11 2.635237799082699
17 12 3.266444576212415
17 13 3.0403037065462666
17 14 3.2630138079559803
17 15 3.2947057920445055
17 16 3.208122346268688
17 17 3.498802442939689
17 18 4.151747054663589
17 19 4.2680925611351
17 20 4.242367500254572
17 21 3.4699789536823493
17 22 3.081900800703219
17 23 2.814932387213733
17 24 2.6446435614738917
17 25 2.3972491504094644
17 26 1.9092679709166231
17 27 2.1154120646560868
17 28 1.9412549293864645
17 29 1.7890976071514904
18 0 2.0682399887557326
18 1 1.9243222834714382
18 2 1.8709747033591106
18 3 2.2854218828564155
18 4 1.999690245975605
18 5 2.1501784843543668
18 6 2.321889767266716
18 7 1.969959557083
18 8 2.4000929965451934
18 9 2.4083072018876064
18 10 2.802132342863927
18 11 2.574947960870642
18 12 2.4777221895563546
18 13 3.266444576212415
18 14 3.3330346379958065
18 15 3.991909947690009
18 16 3.6946827673936005
18 17 4.151747054663589
18 18 5.1473693816474935
18 19 6.16045495800981
18 20 4.824637041978399
18 21 4.44849666671709
18 22 4.2073507436644295
18 23 3.3732903134511063
18 24 2.6581873604171546
18 25 2.7028154591270197
18 26 2.457341397647346
18 27 1.6997000770590982
18 28 1.939318567778573
18 29 1.499336459402242
19 0 1.6918444816106093
19 1 2.014451096689906
19 2 2.048818743129451
19 3 1.6114667734337265
19 4 1.8283064197486254
19 5 2.3573737635253442
19 6 2.2916406336985538
19 7 2.397864255159983
19 8 2.585545135014432
19 9 2.511043338232069
19 10 2.5053646214996377
19 11 2.531982108764607
19 12 2.574947960870642
19 13 2.635237799082699
19 14 3.2105956801119695
19 15 3.278071155781945
19 16 3.914466365215665
19 17 4.2680925611351
19 18 6.16045495800981
19 19 11.776159368646947
19 20 4.4152211485760455
19 21 3.4590242115136935
19 22 3.3183259092207242
19 23 3.1677288187099366
19 24 2.6461581916152057
19 25 2.152638219760969
19 26 1.9633366277995428
19 27 2.0719441795262137
19 28 1.9734794982068045
19 29 1.6823822500186776
20 0 1.8254241467093155
20 1 1.4676321963250036
20 2 2.0511946011446915
20 3 1.7502900019504066
20 4 2.1000736565041676
20 5 2.047664808757207
20 6 1.948245114588196
20 7 2.4819639305220442
20 8 2.6236467146488405
20 9 2.1916874448186765
20 10 2.4663130068202537
20 11 2.5053646214996377
20 12 2.802132342863927
20 13 3.5734327869014306
20 14 3.034134776094749
20 15 2.658047223331836
20 16 3.363549060654329
20 17 4.242367500254572
20 18 4.824637041978399
20 19 4.4152211485760455
20 20 5.078924370712938
20 21 3.3943519654501375
20 22 2.883520425709822
20 23 3.371117077609547
20 24 2.523421437487134
20 25 2.901469469230972
20 26 1.9974868734489326
20 27 2.2277835722497947
20 28 2.2459790199823146
20 29 1.8906215801032755
21 0 1.5316702049458812
21 1 1.4783842936204357
21 2 1.9473971894658892
21 3 1.7724503748402711
21 4 2.0455362706617546
21 5 1.7454567889744041
21 6 1.9031200376053066
21 7 1.9827097585791476
21 8 2.461819601838541
21 9 2.5985693637972775
21 10 2.1916874448186765
21 11 2.511043338232069
21 12 2.4083072018876064
21 13 2.024706073636562
21 14 2.711603847907473
21 15 3.179002773555226
21 16 3.4844351313367716
21 17 3.4699789536823493
21 18 4.44849666671709
21 19 3.4590242115136935
21 20 3.3943519654501375
21 21 3.8256965574078556
21 22 2.947749256152837
21 23 2.881536191419297
21 24 2.0755350310055167
21 25 2.5041929077387204
21 26 2.719841839318445
21 27 1.993882161015041
21 28 2.0813166971881962
21 29 1.6416804175561972
22 0 1.7906553418292996
22 1 1.843614946516801
22 2 2.020833761251274
22 3 1.716900112438935
22 4 1.7052784660619948
22 5 1.483673846999667
22 6 1.7128771277836927
22 7 2.3100113403077533
22 8 1.879679337572349
22 9 2.461819601838541
22 10 2.6236467146488405
22 11 2.585545135014432
22 12 2.4000929965451934
22 13 2.127583068775153
22 14 3.222455780726488
22 15 2.728639349701546
22 16 3.025975926412189
22 17 3.081900800703219
22 18 4.2073507436644295
22 19 3.3183259092207242
22 20 2.883520425709822
22 21 2.947749256152837
22 22 3.5737559595312325
22 23 3.068797346106502
22 24 3.0646571579817428
22 25 2.0382086147079908
22 26 3.0113336778234427
22 27 2.047302222353411
22 28 1.8979049232453329
22 29 1.8318462002758016
23 0 1.7244252555111053
23 1 1.724006312737554
23 2 1.4493205647651213
23 3 1.6260071776590466
23 4 2.186606753085908
23 5 1.952562225998509
23 6 1.6715662108537495
23 7 2.217784379065017
23 8 2.3100113403077533
23 9 1.9827097585791476
23 10 2.4819639305220442
23 11 2.397864255159983
23 12 1.969959557083
23 13 3.3806331833897496
23 14 3.2002127134246967
23 15 2.9516717312281178
23 16 2.3815068220374873
23 17 2.814932387213733
23 18 3.3732903134511063
23 19 3.1677288187099366
23 20 3.371117077609547
23 21 2.881536191419297
23 22 3.068797346106502
23 23 2.388656798616308
23 24 2.416039511748113
23 25 2.3000472123133333
23 26 1.937974931601492
23 27 2.0290065159652975
23 28 1.7347300718092142
23 29 1.8926902289561816
24 0 1.9059037607710636
24 1 2.095379529877966
24 2 1.269046731491059
24 3 1.5518156120521027
24 4 1.7425613221379779
24 5 2.50686778595528
24 6 2.118864740929083
24 7 1.6715662108537495
24 8 1.7128771277836927
24 9 1.9031200376053066
24 10 1.948245114588196
24 11 2.2916406336985538
24 12 2.321889767266716
24 13 1.8315280804577834
24 14 1.9262940075631472
24 15 2.962928636895148
24 16 2.6157988969213273
24 17 2.6446435614738917
24 18 2.6581873604171546
24 19 2.6461581916152057
24 20 2.523421437487134
24 21 2.0755350310055167
24 22 3.0646571579817428
24 23 2.416039511748113
24 24 2.358701254891834
24 25 2.5533365318851207
24 26 1.9911488247311897
24 27 2.1921131810229957
24 28 1.9933142470644356
24 29 2.32035444808491
25 0 1.4376249050444725
25 1 1.8098333617139983
25 2 1.9079326656715345
25 3 1.7442927666113885
25 4 1.807320635903962
25 5 1.8138914499610994
25 6 2.50686778595528
25 7 1.952562225998509
25 8 1.483673846999667
25 9 1.7454567889744041
25 10 2.047664808757207
25 11 2.3573737635253442
25 12 2.1501784843543668
25 13 2.3004607674465176
25 14 2.0842003419818593
25 15 2.102216680381138
25 16 2.1974929520480067
25 17 2.3972491504094644
25 18 2.7028154591270197
25 19 2.152638219760969
25 20 2.901469469230972
25 21 2.5041929077387204
25 22 2.0382086147079908
25 23 2.3000472123133333
25 24 2.5533365318851207
25 25 2.0171398517048615
25 26 2.4527298683794485
25 27 1.3819780306471205
25 28 1.9746829371727164
25 29 1.8753701538271814
26 0 1.7038358542451835
26 1 1.7917750900611018
26 2 1.8080395598766186
26 3 1.9755560751978178
26 4 1.5834470371184564
26 5 1.807320635903962
26 6 1.7425613221379779
26 7 2.186606753085908
26 8 1.7052784660619948
26 9 2.0455362706617546
26 10 2.1000736565041676
26 11 1.8283064197486254
26 12 1.999690245975605
26 13 2.412969890838892
26 14 2.1904303308000888
26 15 2.309521815887415
26 16 2.2304885124144915
26 17 1.9092679709166231
26 18 2.457341397647346
26 19 1.9633366277995428
26 20 1.9974868734489326
26 21 2.719841839318445
26 22 3.0113336778234427
26 23 1.937974931601492
26 24 1.9911488247311897
26 25 2.4527298683794485
26 26 1.5837131196092504
26 27 1.86231508059157
26 28 1.8233625406882819
26 29 1.74504237916646
27 0 1.8267679726114108
27 1 1.7974486726322776
27 2 1.451019736507599
27 3 1.7638842635348921
27 4 1.9755560751978178
27 5 1.7442927666113885
27 6 1.5518156120521027
27 7 1.6260071776590466
27 8 1.716900112438935
27 9 1.7724503748402711
27 10 1.7502900019504066
27 11 1.6114667734337265
27 12 2.2854218828564155
27 13 1.8045106623887566
27 14 2.0564602573168878
27 15 1.9964788890076233
27 16 2.104747406050488
27 17 2.1154120646560868
27 18 1.6997000770590982
27 19 2.0719441795262137
27 20 2.2277835722497947
27 21 1.993882161015041
27 22 2.047302222353411
27 23 2.0290065159652975
27 24 2.1921131810229957
27 25 1.3819780306471205
27 26 1.86231508059157
27 27 1.7736619830487048
27 28 1.5950429362267777
27 29 1.4420647887855864
28 0 1.65441579996247
28 1 1.887918046658155
28 2 1.4557522065510449
28 3 1.451019736507599
28 4 1.8080395598766186
28 5 1.9079326656715345
28 6 1.269046731491059
28 7 1.4493205647651213
28 8 2.020833761251274
28 9 1.9473971894658892
28 10 2.0511946011446915
28 11 2.048818743129451
28 12 1.8709747033591106
28 13 1.8057197855169285
28 14 2.179685526107308
28 15 2.1148253103047185
28 16 2.1377410321772783
28 17 1.9412549293864645
28 18 1.939318567778573
28 19 1.9734794982068045
28 20 2.2459790199823146
28 21 2.0813166971881962
28 22 1.8979049232453329
28 23 1.7347300718092142
28 24 1.9933142470644356
28 25 1.9746829371727164
28 26 1.8233625406882819
28 27 1.5950429362267777
28 28 1.389325150166857
28 29 1.9203483807038142
29 0 1.914350431723964
29 1 2.0009994557609567
29 2 1.887918046658155
29 3 1.7974486726322776
29 4 1.7917750900611018
29 5 1.8098333617139983
29 6 2.095379529877966
29 7 1.724006312737554
29 8 1.843614946516801
29 9 1.4783842936204357
29 10 1.4676321963250036
29 11 2.014451096689906
29 12 1.9243222834714382
29 13 1.5975221253786764
29 14 2.0210392191210533
29 15 1.971172805124959
29 16 1.6519558903039728
29 17 1.7890976071514904
29 18 1.499336459402242
29 19 1.6823822500186776
29 20 1.8906215801032755
29 21 1.6416804175561972
29 22 1.8318462002758016
29 23 1.8926902289561816
29 24 2.32035444808491
29 25 1.8753701538271814
29 26 1.74504237916646
29 27 1.4420647887855864
29 28 1.9203483807038142
29 29 1.772172181645283
