0 0 1.6491084864486167
0 1 1.5975167236917296
0 2 1.3595045576468823
0 3 1.980933143220817
0 4 1.8232899820330937
0 5 1.511052904882355
0 6 1.5498250664287436
0 7 1.3731875603518104
0 8 1.4846347949268843
0 9 2.1297694250526362
0 10 2.2802479509919023
0 11 2.1816415392817405
0 12 1.8989884083742217
0 13 2.0487814165344775
0 14 1.5927274641740197
0 15 1.6943947544032216
0 16 1.9256316342308313
0 17 1.8749453449777302
0 18 2.044912163823546
0 19 1.7551859369306224
0 20 1.4708752746892737
0 21 1.7867890457509008
0 22 1.724006312737554
0 23 2.1246185486405045
0 24 1.9287623340240443
0 25 1.5431201162489798
0 26 1.760140271065311
0 27 1.4568599106447804
0 28 1.5630676405800592
0 29 1.7282650575531986
1 0 1.5975167236917296
1 1 1.591430186239842
1 2 1.8800399518643054
1 3 1.8125374837227122
1 4 1.606702143293088
1 5 1.7388862080666863
1 6 1.6124391749520182
1 7 1.9818476225892907
1 8 2.1014110364528547
1 9 1.9796919695742927
1 10 1.623005933450768
1 11 1.7678923428953184
1 12 1.510268642694976
1 13 1.5461271525737936
1 14 1.7755472862733197
1 15 1.817351303420634
1 16 1.8106747272492356
1 17 1.7966282855449733
1 18 1.8394675315481452
1 19 1.816498998777255
1 20 2.0093470286152755
1 21 2.020833761251274
1 22 1.49864477910593
1 23 1.5679781611572317
1 24 1.71164262033205
1 25 1.8601533657072464
1 26 1.806616171098542
1 27 1.4949899764402188
1 28 1.6626732087646467
1 29 1.7165573128821139
2 0 1.3595045576468823
2 1 1.8800399518643054
2 2 2.346988025385949
2 3 1.4121995826529756
2 4 1.7189187992720187
2 5 1.7282934780466939
2 6 1.5974988002505341
2 7 1.7028189602726285
2 8 1.5551454334276003
2 9 1.6874021417090117
2 10 2.07834395251667
2 11 1.749122125384659
2 12 2.1132684246607165
2 13 1.989594457856853
2 14 2.3848185439908955
2 15 1.9881513961718478
2 16 2.230416626880439
2 17 1.9044019286611389
2 18 1.6290255570547976
2 19 1.6015560185088251
2 20 1.7724503748402711
2 21 2.1297799760501124
2 22 1.6748746921564643
2 23 1.602105680511984
2 24 1.8897067556063878
2 25 1.462219800150801
2 26 1.8338588312063238
2 27 1.8077101500089774
2 28 1.729209108905543
2 29 1.6626732087646467
3 0 1.980933143220817
3 1 1.8125374837227122
3 2 1.4121995826529756
3 3 1.6524007217325354
3 4 1.9741863831481075
3 5 1.97773586686128
3 6 1.5418534318946355
3 7 1.8479937823558885
3 8 1.9476079290906294
3 9 2.487993131639175
3 10 1.9924750805237552
3 11 2.167568093079038
3 12 1.8787845139107295
3 13 1.7975057708446183
3 14 2.0318747310118037
3 15 2.2678978238620875
3 16 2.313926326203183
3 17 2.174032430982555
3 18 2.309854681602576
3 19 2.1000736565041676
3 20 1.5838707686073163
3 21 1.8678396245679405
3 22 1.9826121994541583
3 23 1.73011208335355
3 24 1.9897579902018496
3 25 1.4820582656186259
3 26 1.3398713022504956
3 27 2.0632281801235783
3 28 1.8077101500089774
3 29 1.4949899764402188
4 0 1.8232899820330937
4 1 1.606702143293088
4 2 1.7189187992720187
4 3 1.9741863831481075
4 4 1.7898450038525302
4 5 1.9714598847475426
4 6 1.992429172109842
4 7 2.0741558496388075
4 8 2.2084991997104377
4 9 2.0741977614869027
4 10 2.225900559562758
4 11 2.3223909521335657
4 12 2.893741227443607
4 13 2.5460284547124115
4 14 2.8558942330615493
4 15 2.477855633388264
4 16 2.429229374849315
4 17 2.284724478984007
4 18 2.3573737635253442
4 19 2.2117316806152356
4 20 2.4380433591679096
4 21 1.6497004258483956
4 22 1.6163965229404489
4 23 2.039214703391132
4 24 2.0708935005849343
4 25 1.7070641968100058
4 26 1.7305504301072145
4 27 1.3398713022504956
4 28 1.8338588312063238
4 29 1.806616171098542
5 0 1.511052904882355
5 1 1.7388862080666863
5 2 1.7282934780466939
5 3 1.97773586686128
5 4 1.9714598847475426
5 5 1.927141685087803
5 6 2.277196228383015
5 7 1.8797332334742103
5 8 2.4975387124960093
5 9 2.2304885124144915
5 10 1.8362389758680195
5 11 2.359216576449042
5 12 2.561911072222122
5 13 2.362379920748235
5 14 2.243620689983207
5 15 1.976311134718775
5 16 1.986331526592285
5 17 2.321889767266716
5 18 2.9482894711386716
5 19 2.287206478526715
5 20 2.1811915230714525
5 21 1.8740995806715766
5 22 1.9465915885106344
5 23 1.7635067828019488
5 24 1.8453127555498572
5 25 1.8698317510413358
5 26 1.7070641968100058
5 27 1.4820582656186259
5 28 1.462219800150801
5 29 1.8601533657072464
6 0 1.5498250664287436
6 1 1.6124391749520182
6 2 1.5974988002505341
6 3 1.5418534318946355
6 4 1.992429172109842
6 5 2.277196228383015
6 6 1.8790468377223377
6 7 2.543516967092388
6 8 2.0135355052313186
6 9 2.4248616160679135
6 10 2.64137946611087
6 11 2.7403352930662894
6 12 2.234961687783938
6 13 2.5443166137641993
6 14 2.6532061844326504
6 15 1.9108978472103209
6 16 3.3806331833897496
6 17 2.5315651627798346
6 18 2.16538593150768
6 19 2.886808508727078
6 20 1.9147366287161403
6 21 2.2827096262824176
6 22 2.163949897190124
6 23 1.8433213559186914
6 24 1.6094206181899
6 25 1.8453127555498572
6 26 2.0708935005849343
6 27 1.9897579902018496
6 28 1.8897067556063878
6 29 1.71164262033205
7 0 1.3731875603518104
7 1 1.9818476225892907
7 2 1.7028189602726285
7 3 1.8479937823558885
7 4 2.0741558496388075
7 5 1.8797332334742103
7 6 2.543516967092388
7 7 2.209056649856535
7 8 2.5638509921845016
7 9 2.2469335440070064
7 10 2.642017019527217
7 11 2.496982473189667
7 12 2.4799211518914888
7 13 3.198651388816983
7 14 2.2257345500171968
7 15 3.222455780726488
7 16 2.6701759534710043
7 17 2.2133692470341546
7 18 2.553617675405486
7 19 2.693483709321214
7 20 2.2729511453718216
7 21 2.84110229638912
7 22 2.0785729474411645
7 23 1.9949939758696473
7 24 1.8433213559186914
7 25 1.7635067828019488
7 26 2.039214703391132
7 27 1.73011208335355
7 28 1.602105680511984
7 29 1.5679781611572317
8 0 1.4846347949268843
8 1 2.1014110364528547
8 2 1.5551454334276003
8 3 1.9476079290906294
8 4 2.2084991997104377
8 5 2.4975387124960093
8 6 2.0135355052313186
8 7 2.5638509921845016
8 8 2.2757743386107685
8 9 2.853613765126619
8 10 3.201925704336334
8 11 2.9292690182648906
8 12 2.7577211825104557
8 13 3.8733018502852445
8 14 3.179002773555226
8 15 2.915386645006154
8 16 2.8616913109759174
8 17 3.2193775510964806
8 18 2.396870097965726
8 19 2.7539375680334914
8 20 2.308665567511101
8 21 2.4070501236546606
8 22 2.3144309883868535
8 23 2.0785729474411645
8 24 2.163949897190124
8 25 1.9465915885106344
8 26 1.6163965229404489
8 27 1.9826121994541583
8 28 1.6748746921564643
8 29 1.49864477910593
9 0 2.1297694250526362
9 1 1.9796919695742927
9 2 1.6874021417090117
9 3 2.487993131639175
9 4 2.0741977614869027
9 5 2.2304885124144915
9 6 2.4248616160679135
9 7 2.2469335440070064
9 8 2.853613765126619
9 9 2.9195298956731097
9 10 3.0950569267236765
9 11 3.7381230597355297
9 12 3.796396163285948
9 13 3.363549060654329
9 14 2.8861532653548907
9 15 4.078136025858427
9 16 4.119738483841192
9 17 2.6483853715067376
9 18 3.0046102765739193
9 19 2.2610885925945223
9 20 2.892935664499872
9 21 2.43936303253553
9 22 2.4070501236546606
9 23 2.84110229638912
9 24 2.2827096262824176
9 25 1.8740995806715766
9 26 1.6497004258483956
9 27 1.8678396245679405
9 28 2.1297799760501124
9 29 2.020833761251274
10 0 2.2802479509919023
10 1 1.623005933450768
10 2 2.07834395251667
10 3 1.9924750805237552
10 4 2.225900559562758
10 5 1.8362389758680195
10 6 2.64137946611087
10 7 2.642017019527217
10 8 3.201925704336334
10 9 3.0950569267236765
10 10 3.569782742459651
10 11 3.501297143106733
10 12 4.2680925611351
10 13 4.405257397186567
10 14 3.6782306811475403
10 15 4.065065541924573
10 16 2.898592412340216
10 17 3.3569884573833377
10 18 3.2392171498754174
10 19 2.839766108585255
10 20 2.949300012618201
10 21 2.892935664499872
10 22 2.308665567511101
10 23 2.2729511453718216
10 24 1.9147366287161403
10 25 2.1811915230714525
10 26 2.4380433591679096
10 27 1.5838707686073163
10 28 1.7724503748402711
10 29 2.0093470286152755
11 0 2.1816415392817405
11 1 1.7678923428953184
11 2 1.749122125384659
11 3 2.167568093079038
11 4 2.3223909521335657
11 5 2.359216576449042
11 6 2.7403352930662894
11 7 2.496982473189667
11 8 2.9292690182648906
11 9 3.7381230597355297
11 10 3.501297143106733
11 11 5.1473693816474935
11 12 5.073052003212598
11 13 4.925736275594923
11 14 3.8502462841978664
11 15 2.895885974399572
11 16 3.720284017870903
11 17 2.6333596303134352
11 18 3.328777776976743
11 19 2.4777221895563546
11 20 2.839766108585255
11 21 2.2610885925945223
11 22 2.7539375680334914
11 23 2.693483709321214
11 24 2.886808508727078
11 25 2.287206478526715
11 26 2.2117316806152356
11 27 2.1000736565041676
11 28 1.6015560185088251
11 29 1.816498998777255
12 0 1.8989884083742217
12 1 1.510268642694976
12 2 2.1132684246607165
12 3 1.8787845139107295
12 4 2.893741227443607
12 5 2.561911072222122
12 6 2.234961687783938
12 7 2.4799211518914888
12 8 2.7577211825104557
12 9 3.796396163285948
12 10 4.2680925611351
12 11 5.073052003212598
12 12 10.977233040887786
12 13 5.5744389162904735
12 14 5.150485117636403
12 15 4.577220736016517
12 16 2.9690429275367225
12 17 3.1550525490963537
12 18 2.8811104786007897
12 19 3.328777776976743
12 20 3.2392171498754174
12 21 3.0046102765739193
12 22 2.396870097965726
12 23 2.553617675405486
12 24 2.16538593150768
12 25 2.9482894711386716
12 26 2.3573737635253442
12 27 2.309854681602576
12 28 1.6290255570547976
12 29 1.8394675315481452
13 0 2.0487814165344775
13 1 1.5461271525737936
13 2 1.989594457856853
13 3 1.7975057708446183
13 4 2.5460284547124115
13 5 2.362379920748235
13 6 2.5443166137641993
13 7 3.198651388816983
13 8 3.8733018502852445
13 9 3.363549060654329
13 10 4.405257397186567
13 11 4.925736275594923
13 12 5.5744389162904735
13 13 4.636228585191483
13 14 4.442077612549073
13 15 3.678708803263452
13 16 3.6750901454598885
13 17 2.835014261164107
13 18 3.1550525490963537
13 19 2.6333596303134352
13 20 3.3569884573833377
13 21 2.6483853715067376
13 22 3.2193775510964806
13 23 2.2133692470341546
13 24 2.5315651627798346
13 25 2.321889767266716
13 26 2.284724478984007
13 27 2.174032430982555
13 28 1.9044019286611389
13 29 1.7966282855449733
14 0 1.5927274641740197
14 1 1.7755472862733197
14 2 2.3848185439908955
14 3 2.0318747310118037
14 4 2.8558942330615493
14 5 2.243620689983207
14 6 2.6532061844326504
14 7 2.2257345500171968
14 8 3.179002773555226
14 9 2.8861532653548907
14 10 3.6782306811475403
14 11 3.8502462841978664
14 12 5.150485117636403
14 13 4.442077612549073
14 14 4.200933118807089
14 15 3.181069062635563
14 16 4.255371093749999
14 17 3.6750901454598885
14 18 2.9690429275367225
14 19 3.720284017870903
14 20 2.898592412340216
14 21 4.119738483841192
14 22 2.8616913109759174
14 23 2.6701759534710043
14 24 3.3806331833897496
14 25 1.986331526592285
14 26 2.429229374849315
14 27 2.313926326203183
14 28 2.230416626880439
14 29 1.8106747272492356
15 0 1.6943947544032216
15 1 1.817351303420634
15 2 1.9881513961718478
15 3 2.2678978238620875
15 4 2.477855633388264
15 5 1.976311134718775
15 6 1.9108978472103209
15 7 3.222455780726488
15 8 2.915386645006154
15 9 4.078136025858427
15 10 4.065065541924573
15 11 2.895885974399572
15 12 4.577220736016517
15 13 3.678708803263452
15 14 3.181069062635563
15 15 3.872119007145442
15 16 3.181069062635563
15 17 3.678708803263452
15 18 4.577220736016517
15 19 2.895885974399572
15 20 4.065065541924573
15 21 4.078136025858427
15 22 2.915386645006154
15 23 3.222455780726488
15 24 1.9108978472103209
15 25 1.976311134718775
15 26 2.477855633388264
15 27 2.2678978238620875
15 28 1.9881513961718478
15 29 1.817351303420634
16 0 1.9256316342308313
16 1 1.8106747272492356
16 2 2.230416626880439
16 3 2.313926326203183
16 4 2.429229374849315
16 5 1.986331526592285
16 6 3.3806331833897496
16 7 2.6701759534710043
16 8 2.8616913109759174
16 9 4.119738483841192
16 10 2.898592412340216
16 11 3.720284017870903
16 12 2.9690429275367225
16 13 3.6750901454598885
16 14 4.255371093749999
16 15 3.181069062635563
16 16 4.200933118807089
16 17 4.442077612549073
16 18 5.150485117636403
16 19 3.8502462841978664
16 20 3.6782306811475403
16 21 2.8861532653548907
16 22 3.179002773555226
16 23 2.2257345500171968
16 24 2.6532061844326504
16 25 2.243620689983207
16 26 2.8558942330615493
16 27 2.0318747310118037
16 28 2.3848185439908955
16 29 1.7755472862733197
17 0 1.8749453449777302
17 1 1.7966282855449733
17 2 1.9044019286611389
17 3 2.174032430982555
17 4 2.284724478984007
17 5 2.321889767266716
17 6 2.5315651627798346
17 7 2.2133692470341546
17 8 3.2193775510964806
17 9 2.6483853715067376
17 10 3.3569884573833377
17 11 2.6333596303134352
17 12 3.1550525490963537
17 13 2.835014261164107
17 14 3.6750901454598885
17 15 3.678708803263452
17 16 4.442077612549073
17 17 4.636228585191483
17 18 5.5744389162904735
17 19 4.925736275594923
17 20 4.405257397186567
17 21 3.363549060654329
17 22 3.8733018502852445
17 23 3.198651388816983
17 24 2.5443166137641993
17 25 2.362379920748235
17 26 2.5460284547124115
17 27 1.7975057708446183
17 28 1.989594457856853
17 29 1.5461271525737936
18 0 2.044912163823546
18 1 1.8394675315481452
18 2 1.6290255570547976
18 3 2.309854681602576
18 4 2.3573737635253442
18 5 2.9482894711386716
18 6 2.16538593150768
18 7 2.553617675405486
18 8 2.396870097965726
18 9 3.0046102765739193
18 10 3.2392171498754174
18 11 3.328777776976743
18 12 2.8811104786007897
18 13 3.1550525490963537
18 14 2.9690429275367225
18 15 4.577220736016517
18 16 5.150485117636403
18 17 5.5744389162904735
18 18 10.977233040887786
18 19 5.073052003212598
18 20 4.2680925611351
18 21 3.796396163285948
18 22 2.7577211825104557
18 23 2.4799211518914888
18 24 2.234961687783938
18 25 2.561911072222122
18 26 2.893741227443607
18 27 1.8787845139107295
18 28 2.1132684246607165
18 29 1.510268642694976
19 0 1.7551859369306224
19 1 1.816498998777255
19 2 1.6015560185088251
19 3 2.1000736565041676
19 4 2.2117316806152356
19 5 2.287206478526715
19 6 2.886808508727078
19 7 2.693483709321214
19 8 2.7539375680334914
19 9 2.2610885925945223
19 10 2.839766108585255
19 11 2.4777221895563546
19 12 3.328777776976743
19 13 2.6333596303134352
19 14 3.720284017870903
19 15 2.895885974399572
19 16 3.8502462841978664
19 17 4.925736275594923
19 18 5.073052003212598
19 19 5.1473693816474935
19 20 3.501297143106733
19 21 3.7381230597355297
19 22 2.9292690182648906
19 23 2.496982473189667
19 24 2.7403352930662894
19 25 2.359216576449042
19 26 2.3223909521335657
19 27 2.167568093079038
19 28 1.749122125384659
19 29 1.7678923428953184
20 0 1.4708752746892737
20 1 2.0093470286152755
20 2 1.7724503748402711
20 3 1.5838707686073163
20 4 2.4380433591679096
20 5 2.1811915230714525
20 6 1.9147366287161403
20 7 2.2729511453718216
20 8 2.308665567511101
20 9 2.892935664499872
20 10 2.949300012618201
20 11 2.839766108585255
20 12 3.2392171498754174
20 13 3.3569884573833377
20 14 2.898592412340216
20 15 4.065065541924573
20 16 3.6782306811475403
20 17 4.405257397186567
20 18 4.2680925611351
20 19 3.501297143106733
20 20 3.569782742459651
20 21 3.0950569267236765
20 22 3.201925704336334
20 23 2.642017019527217
20 24 2.64137946611087
20 25 1.8362389758680195
20 26 2.225900559562758
20 27 1.9924750805237552
20 28 2.07834395251667
20 29 1.623005933450768
21 0 1.7867890457509008
21 1 2.020833761251274
21 2 2.1297799760501124
21 3 1.8678396245679405
21 4 1.6497004258483956
21 5 1.8740995806715766
21 6 2.2827096262824176
21 7 2.84110229638912
21 8 2.4070501236546606
21 9 2.43936303253553
21 10 2.892935664499872
21 11 2.2610885925945223
21 12 3.0046102765739193
21 13 2.6483853715067376
21 14 4.119738483841192
21 15 4.078136025858427
21 16 2.8861532653548907
21 17 3.363549060654329
21 18 3.796396163285948
21 19 3.7381230597355297
21 20 3.0950569267236765
21 21 2.9195298956731097
21 22 2.853613765126619
21 23 2.2469335440070064
21 24 2.4248616160679135
21 25 2.2304885124144915
21 26 2.0741977614869027
21 27 2.487993131639175
21 28 1.6874021417090117
21 29 1.9796919695742927
22 0 1.724006312737554
22 1 1.49864477910593
22 2 1.6748746921564643
22 3 1.9826121994541583
22 4 1.6163965229404489
22 5 1.9465915885106344
22 6 2.163949897190124
22 7 2.0785729474411645
22 8 2.3144309883868535
22 9 2.4070501236546606
22 10 2.308665567511101
22 11 2.7539375680334914
22 12 2.396870097965726
22 13 3.2193775510964806
22 14 2.8616913109759174
22 15 2.915386645006154
22 16 3.179002773555226
22 17 3.8733018502852445
22 18 2.7577211825104557
22 19 2.9292690182648906
22 20 3.201925704336334
22 21 2.853613765126619
22 22 2.2757743386107685
22 23 2.5638509921845016
22 24 2.0135355052313186
22 25 2.4975387124960093
22 26 2.2084991997104377
22 27 1.9476079290906294
22 28 1.5551454334276003
22 29 2.1014110364528547
23 0 2.1246185486405045
23 1 1.5679781611572317
23 2 1.602105680511984
23 3 1.73011208335355
23 4 2.039214703391132
23 5 1.7635067828019488
23 6 1.8433213559186914
23 7 1.9949939758696473
23 8 2.0785729474411645
23 9 2.84110229638912
23 10 2.2729511453718216
23 11 2.693483709321214
23 12 2.553617675405486
23 13 2.2133692470341546
23 14 2.6701759534710043
23 15 3.222455780726488
23 16 2.2257345500171968
23 17 3.198651388816983
23 18 2.4799211518914888
23 19 2.496982473189667
23 20 2.642017019527217
23 21 2.2469335440070064
23 22 2.5638509921845016
23 23 2.209056649856535
23 24 2.543516967092388
23 25 1.8797332334742103
23 26 2.0741558496388075
23 27 1.8479937823558885
23 28 1.7028189602726285
23 29 1.9818476225892907
24 0 1.9287623340240443
24 1 1.71164262033205
24 2 1.8897067556063878
24 3 1.9897579902018496
24 4 2.0708935005849343
24 5 1.8453127555498572
24 6 1.6094206181899
24 7 1.8433213559186914
24 8 2.163949897190124
24 9 2.2827096262824176
24 10 1.9147366287161403
24 11 2.886808508727078
24 12 2.16538593150768
24 13 2.5315651627798346
24 14 3.3806331833897496
24 15 1.9108978472103209
24 16 2.6532061844326504
24 17 2.5443166137641993
24 18 2.234961687783938
24 19 2.7403352930662894
24 20 2.64137946611087
24 21 2.4248616160679135
24 22 2.0135355052313186
24 23 2.543516967092388
24 24 1.8790468377223377
24 25 2.277196228383015
24 26 1.992429172109842
24 27 1.5418534318946355
24 28 1.5974988002505341
24 29 1.6124391749520182
25 0 1.5431201162489798
25 1 1.8601533657072464
25 2 1.462219800150801
25 3 1.4820582656186259
25 4 1.7070641968100058
25 5 1.8698317510413358
25 6 1.8453127555498572
25 7 1.7635067828019488
25 8 1.9465915885106344
25 9 1.8740995806715766
25 10 2.1811915230714525
25 11 2.287206478526715
25 12 2.9482894711386716
25 13 2.321889767266716
25 14 1.986331526592285
25 15 1.976311134718775
25 16 2.243620689983207
25 17 2.362379920748235
25 18 2.561911072222122
25 19 2.359216576449042
25 20 1.8362389758680195
25 21 2.2304885124144915
25 22 2.4975387124960093
25 23 1.8797332334742103
25 24 2.277196228383015
25 25 1.927141685087803
25 26 1.9714598847475426
25 27 1.97773586686128
25 28 1.7282934780466939
25 29 1.7388862080666863
26 0 1.760140271065311
26 1 1.806616171098542
26 2 1.8338588312063238
26 3 1.3398713022504956
26 4 1.7305504301072145
26 5 1.7070641968100058
26 6 2.0708935005849343
26 7 2.039214703391132
26 8 1.6163965229404489
26 9 1.6497004258483956
26 10 2.4380433591679096
26 11 2.2117316806152356
26 12 2.3573737635253442
26 13 2.284724478984007
26 14 2.429229374849315
26 15 2.477855633388264
26 16 2.8558942330615493
26 17 2.5460284547124115
26 18 2.893741227443607
26 19 2.3223909521335657
26 20 2.225900559562758
26 21 2.0741977614869027
26 22 2.2084991997104377
26 23 2.0741558496388075
26 24 1.992429172109842
26 25 1.9714598847475426
26 26 1.7898450038525302
26 27 1.9741863831481075
26 28 1.7189187992720187
26 29 1.606702143293088
27 0 1.4568599106447804
27 1 1.4949899764402188
27 2 1.8077101500089774
27 3 2.0632281801235783
27 4 1.3398713022504956
27 5 1.4820582656186259
27 6 1.9897579902018496
27 7 1.73011208335355
27 8 1.9826121994541583
27 9 1.8678396245679405
27 10 1.5838707686073163
27 11 2.1000736565041676
27 12 2.309854681602576
27 13 2.174032430982555
27 14 2.313926326203183
27 15 2.2678978238620875
27 16 2.0318747310118037
27 17 1.7975057708446183
27 18 1.8787845139107295
27 19 2.167568093079038
27 20 1.9924750805237552
27 21 2.487993131639175
27 22 1.9476079290906294
27 23 1.8479937823558885
27 24 1.5418534318946355
27 25 1.97773586686128
27 26 1.9741863831481075
27 27 1.6524007217325354
27 28 1.4121995826529756
27 29 1.8125374837227122
28 0 1.5630676405800592
28 1 1.6626732087646467
28 2 1.729209108905543
28 3 1.8077101500089774
28 4 1.8338588312063238
28 5 1.462219800150801
28 6 1.8897067556063878
28 7 1.602105680511984
28 8 1.6748746921564643
28 9 2.1297799760501124
28 10 1.7724503748402711
28 11 1.6015560185088251
28 12 1.6290255570547976
28 13 1.9044019286611389
28 14 2.230416626880439
28 15 1.9881513961718478
28 16 2.3848185439908955
28 17 1.989594457856853
28 18 2.1132684246607165
28 19 1.749122125384659
28 20 2.07834395251667
28 21 1.6874021417090117
28 22 1.5551454334276003
28 23 1.7028189602726285
28 24 1.5974988002505341
28 25 1.7282934780466939
28 26 1.7189187992720187
28 27 1.4121995826529756
28 28 2.346988025385949
28 29 1.8800399518643054
29 0 1.7282650575531986
29 1 1.7165573128821139
29 2 1.6626732087646467
29 3 1.4949899764402188
29 4 1.806616171098542
29 5 1.8601533657072464
29 6 1.71164262033205
29 7 1.5679781611572317
29 8 1.49864477910593
29 9 2.020833761251274
29 10 2.0093470286152755
29 11 1.816498998777255
29 12 1.8394675315481452
29 13 1.7966282855449733
29 14 1.8106747272492356
29 15 1.817351303420634
29 16 1.7755472862733197
29 17 1.5461271525737936
29 18 1.510268642694976
29 19 1.7678923428953184
29 20 1.623005933450768
29 21 1.9796919695742927
29 22 2.1014110364528547
29 23 1.9818476225892907
29 24 1.6124391749520182
29 25 1.7388862080666863
29 26 1.606702143293088
29 27 1.8125374837227122
29 28 1.8800399518643054
29 29 1.591430186239842
