0 0 1.8434560002487288
0 1 1.716903150365449
0 2 1.7339231330825688
0 3 1.486795841764681
0 4 1.7098275485493275
0 5 1.7596427957669738
0 6 1.8564789099723271
0 7 1.8245581649358418
0 8 1.7065638892024977
0 9 1.5860750229399039
0 10 1.765701201690501
0 11 1.979157848120632
0 12 2.3143428965729633
0 13 2.339756643457856
0 14 2.270275925603554
0 15 2.316340542784342
0 16 2.0160149372242815
0 17 1.7492247728498782
0 18 1.5935632819405727
0 19 1.9709840205597193
0 20 1.842492622666338
0 21 1.459043251992505
0 22 1.269046731491059
0 23 1.8316786136822274
0 24 1.8601533657072464
0 25 2.189149227001257
0 26 1.6496912610146386
0 27 2.364303121905794
0 28 1.5716474978900807
0 29 1.899764363329753
1 0 1.716903150365449
1 1 2.069570474555871
1 2 2.0559371373641357
1 3 1.815817522019316
1 4 1.7597950960565545
1 5 1.4662616507224755
1 6 1.7725143266347179
1 7 1.824197056424995
1 8 1.849123770355644
1 9 2.408530116236732
1 10 2.1209481697364647
1 11 1.469227347205997
1 12 1.5059181822829444
1 13 1.8268707178319377
1 14 1.80058248860779
1 15 1.722695638314306
1 16 2.033612749570012
1 17 1.8891750926450188
1 18 1.932032634821577
1 19 1.8099097910497923
1 20 2.291329125568857
1 21 1.6260071776590466
1 22 1.8897173235792692
1 23 1.8897067556063878
1 24 1.8287011717499648
1 25 1.838655256197065
1 26 1.8099478514921867
1 27 1.6926018390901343
1 28 1.7404608205150982
1 29 1.6579787211659276
2 0 1.7339231330825688
2 1 2.0559371373641357
2 2 1.7730190415510985
2 3 1.864783324710908
2 4 1.5587396883153541
2 5 1.9208932286137541
2 6 2.1262895562259696
2 7 2.179770007765857
2 8 1.8320739681187064
2 9 1.7736131035966003
2 10 1.6803538680151457
2 11 1.73113266022613
2 12 1.766803165630245
2 13 1.841237544883542
2 14 1.617620272670387
2 15 1.9901522877381213
2 16 2.1000736565041676
2 17 1.779965065107407
2 18 1.6291582657553694
2 19 1.784104485867514
2 20 1.7052784660619948
2 21 1.8010793182920986
2 22 1.73011208335355
2 23 1.4258909984193218
2 24 1.4920727346253435
2 25 1.5438178895342611
2 26 1.8480412301526046
2 27 1.7739177863672457
2 28 1.861353276055245
2 29 1.7404608205150982
3 0 1.486795841764681
3 1 1.815817522019316
3 2 1.864783324710908
3 3 1.9594171962615725
3 4 1.53256304737952
3 5 1.7216196907255157
3 6 2.2625087918773112
3 7 1.8741685506504693
3 8 1.5986865524155796
3 9 2.230416626880439
3 10 1.8421151889231064
3 11 2.3196479193740767
3 12 2.16294885314508
3 13 2.1327585646858056
3 14 1.8685540306589594
3 15 2.0728271837513423
3 16 2.027078231860119
3 17 2.1280759891253793
3 18 2.315114528891879
3 19 1.7454567889744041
3 20 1.9078661719707086
3 21 1.6163965229404489
3 22 1.8313131745246458
3 23 1.9746962628089715
3 24 1.8560314236229225
3 25 1.7540759621152557
3 26 1.5628847054607724
3 27 1.793514951752514
3 28 1.7739177863672457
3 29 1.6926018390901343
4 0 1.7098275485493275
4 1 1.7597950960565545
4 2 1.5587396883153541
4 3 1.53256304737952
4 4 1.806621647715189
4 5 1.870257261945996
4 6 1.8709747033591106
4 7 1.6224630347266809
4 8 1.9817486441030447
4 9 2.3175810124697147
4 10 1.8753837168249095
4 11 2.0494810322112684
4 12 2.34181247245372
4 13 2.358298868422383
4 14 2.7836396125927685
4 15 2.1886331574551203
4 16 2.127072683146882
4 17 1.7052987604544496
4 18 1.948245114588196
4 19 2.1260155130459175
4 20 1.8740995806715766
4 21 2.0273760479912672
4 22 1.8481364130034685
4 23 1.481894277701659
4 24 1.8786216244261975
4 25 1.9372081228770148
4 26 1.8370039272024457
4 27 1.5628847054607724
4 28 1.8480412301526046
4 29 1.8099478514921867
5 0 1.7596427957669738
5 1 1.4662616507224755
5 2 1.9208932286137541
5 3 1.7216196907255157
5 4 1.870257261945996
5 5 1.5657614472251251
5 6 1.814949879920726
5 7 1.8032189518177517
5 8 2.015789135499557
5 9 1.981414957191974
5 10 2.4957964018167687
5 11 2.3948253974853233
5 12 2.226390968344398
5 13 1.813259263898186
5 14 2.3701846634217874
5 15 1.857085263711939
5 16 1.7487595740001605
5 17 2.397864255159983
5 18 2.2394717055859643
5 19 1.9147366287161403
5 20 1.8873625706436177
5 21 1.7658559028476488
5 22 1.9380821411084446
5 23 2.059464170958436
5 24 1.7128861838313973
5 25 1.7985912663671355
5 26 1.9372081228770148
5 27 1.7540759621152557
5 28 1.5438178895342611
5 29 1.838655256197065
6 0 1.8564789099723271
6 1 1.7725143266347179
6 2 2.1262895562259696
6 3 2.2625087918773112
6 4 1.8709747033591106
6 5 1.814949879920726
6 6 2.3543211665185964
6 7 2.21630664021965
6 8 2.315077007011314
6 9 1.9764104026517206
6 10 2.2844131127741147
6 11 2.444156299465105
6 12 3.180784086720012
6 13 2.3042339914977945
6 14 2.7163884098995053
6 15 3.228524593033713
6 16 2.4000929965451934
6 17 1.8958857660035338
6 18 2.693483709321214
6 19 2.192017839200864
6 20 2.4878260287345153
6 21 2.050167056325079
6 22 1.7126181600215407
6 23 2.200058522715348
6 24 1.9732807594098751
6 25 1.7128861838313973
6 26 1.8786216244261975
6 27 1.8560314236229225
6 28 1.4920727346253435
6 29 1.8287011717499648
7 0 1.8245581649358418
7 1 1.824197056424995
7 2 2.179770007765857
7 3 1.8741685506504693
7 4 1.6224630347266809
7 5 1.8032189518177517
7 6 2.21630664021965
7 7 2.3004607674465176
7 8 2.087900415980727
7 9 2.3542962753192467
7 10 2.6527509869751396
7 11 2.6539551219110997
7 12 2.7628429971194746
7 13 2.962777922902993
7 14 3.1879142589964484
7 15 2.024706073636562
7 16 2.7284611179070133
7 17 2.396870097965726
7 18 2.991223171202002
7 19 2.4991894929337874
7 20 2.0465075612024486
7 21 2.3517442345091104
7 22 2.2349215465847756
7 23 1.8253391456136003
7 24 2.200058522715348
7 25 2.059464170958436
7 26 1.481894277701659
7 27 1.9746962628089715
7 28 1.4258909984193218
7 29 1.8897067556063878
8 0 1.7065638892024977
8 1 1.849123770355644
8 2 1.8320739681187064
8 3 1.5986865524155796
8 4 1.9817486441030447
8 5 2.015789135499557
8 6 2.315077007011314
8 7 2.087900415980727
8 8 2.727816853231925
8 9 3.017084128253835
8 10 3.222455780726488
8 11 2.9469963928577383
8 12 3.049335762963657
8 13 3.1870833761507105
8 14 3.034134776094749
8 15 2.8280918288016896
8 16 2.6483853715067376
8 17 3.0959432894157106
8 18 2.802132342863927
8 19 2.8076968558954865
8 20 2.9301114303350033
8 21 2.3230037075904586
8 22 2.664449754784867
8 23 2.2349215465847756
8 24 1.7126181600215407
8 25 1.9380821411084446
8 26 1.8481364130034685
8 27 1.8313131745246458
8 28 1.73011208335355
8 29 1.8897173235792692
9 0 1.5860750229399039
9 1 2.408530116236732
9 2 1.7736131035966003
9 3 2.230416626880439
9 4 2.3175810124697147
9 5 1.981414957191974
9 6 1.9764104026517206
9 7 2.3542962753192467
9 8 3.017084128253835
9 9 2.6041071408048952
9 10 3.116090979699217
9 11 3.354042882321804
9 12 3.138857163917149
9 13 3.278071155781945
9 14 3.40873074475207
9 15 2.898592412340216
9 16 3.577725575013547
9 17 3.326540393043681
9 18 2.2322458885058127
9 19 2.9899293077417823
9 20 2.0704502467348855
9 21 2.695660513413822
9 22 2.3230037075904586
9 23 2.3517442345091104
9 24 2.050167056325079
9 25 1.7658559028476488
9 26 2.0273760479912672
9 27 1.6163965229404489
9 28 1.8010793182920986
9 29 1.6260071776590466
10 0 1.765701201690501
10 1 2.1209481697364647
10 2 1.6803538680151457
10 3 1.8421151889231064
10 4 1.8753837168249095
10 5 2.4957964018167687
10 6 2.2844131127741147
10 7 2.6527509869751396
10 8 3.222455780726488
10 9 3.116090979699217
10 10 2.89165246674149
10 11 3.284120966200875
10 12 3.6946827673936005
10 13 3.7582871391437287
10 14 2.895885974399572
10 15 3.480625309992472
10 16 3.4044266439898507
10 17 3.580899722776452
10 18 3.275419115824473
10 19 2.8951163222125813
10 20 2.981180479346605
10 21 2.0704502467348855
10 22 2.9301114303350033
10 23 2.0465075612024486
10 24 2.4878260287345153
10 25 1.8873625706436177
10 26 1.8740995806715766
10 27 1.9078661719707086
10 28 1.7052784660619948
10 29 2.291329125568857
11 0 1.979157848120632
11 1 1.469227347205997
11 2 1.73113266022613
11 3 2.3196479193740767
11 4 2.0494810322112684
11 5 2.3948253974853233
11 6 2.444156299465105
11 7 2.6539551219110997
11 8 2.9469963928577383
11 9 3.354042882321804
11 10 3.284120966200875
11 11 3.498802442939689
11 12 3.187274430094128
11 13 5.150485117636403
11 14 4.302283955149366
11 15 3.812581617381922
11 16 4.095509316836152
11 17 3.1040383236422997
11 18 3.2303391071318575
11 19 3.0403037065462666
11 20 2.8951163222125813
11 21 2.9899293077417823
11 22 2.8076968558954865
11 23 2.4991894929337874
11 24 2.192017839200864
11 25 1.9147366287161403
11 26 2.1260155130459175
11 27 1.7454567889744041
11 28 1.784104485867514
11 29 1.8099097910497923
12 0 2.3143428965729633
12 1 1.5059181822829444
12 2 1.766803165630245
12 3 2.16294885314508
12 4 2.34181247245372
12 5 2.226390968344398
12 6 3.180784086720012
12 7 2.7628429971194746
12 8 3.049335762963657
12 9 3.138857163917149
12 10 3.6946827673936005
12 11 3.187274430094128
12 12 4.636228585191483
12 13 5.7525310324874015
12 14 4.887965401513698
12 15 5.343710947807869
12 16 3.033619047718654
12 17 3.913499761351786
12 18 2.835014261164107
12 19 3.2303391071318575
12 20 3.275419115824473
12 21 2.2322458885058127
12 22 2.802132342863927
12 23 2.991223171202002
12 24 2.693483709321214
12 25 2.2394717055859643
12 26 1.948245114588196
12 27 2.315114528891879
12 28 1.6291582657553694
12 29 1.932032634821577
13 0 2.339756643457856
13 1 1.8268707178319377
13 2 1.841237544883542
13 3 2.1327585646858056
13 4 2.358298868422383
13 5 1.813259263898186
13 6 2.3042339914977945
13 7 2.962777922902993
13 8 3.1870833761507105
13 9 3.278071155781945
13 10 3.7582871391437287
13 11 5.150485117636403
13 12 5.7525310324874015
13 13 13.045204868766156
13 14 6.928982528184303
13 15 4.258221919332447
13 16 3.287792672593251
13 17 4.114183096819584
13 18 3.913499761351786
13 19 3.1040383236422997
13 20 3.580899722776452
13 21 3.326540393043681
13 22 3.0959432894157106
13 23 2.396870097965726
13 24 1.8958857660035338
13 25 2.397864255159983
13 26 1.7052987604544496
13 27 2.1280759891253793
13 28 1.779965065107407
13 29 1.8891750926450188
14 0 2.270275925603554
14 1 1.80058248860779
14 2 1.617620272670387
14 3 1.8685540306589594
14 4 2.7836396125927685
14 5 2.3701846634217874
14 6 2.7163884098995053
14 7 3.1879142589964484
14 8 3.034134776094749
14 9 3.40873074475207
14 10 2.895885974399572
14 11 4.302283955149366
14 12 4.887965401513698
14 13 6.928982528184303
14 14 5.046472074233901
14 15 4.385038839929104
14 16 4.914550229366493
14 17 3.287792672593251
14 18 3.033619047718654
14 19 4.095509316836152
14 20 3.4044266439898507
14 21 3.577725575013547
14 22 2.6483853715067376
14 23 2.7284611179070133
14 24 2.4000929965451934
14 25 1.7487595740001605
14 26 2.127072683146882
14 27 2.027078231860119
14 28 2.1000736565041676
14 29 2.033612749570012
15 0 2.316340542784342
15 1 1.722695638314306
15 2 1.9901522877381213
15 3 2.0728271837513423
15 4 2.1886331574551203
15 5 1.857085263711939
15 6 3.228524593033713
15 7 2.024706073636562
15 8 2.8280918288016896
15 9 2.898592412340216
15 10 3.480625309992472
15 11 3.812581617381922
15 12 5.343710947807869
15 13 4.258221919332447
15 14 4.385038839929104
15 15 5.000116258825422
15 16 4.385038839929104
15 17 4.258221919332447
15 18 5.343710947807869
15 19 3.812581617381922
15 20 3.480625309992472
15 21 2.898592412340216
15 22 2.8280918288016896
15 23 2.024706073636562
15 24 3.228524593033713
15 25 1.857085263711939
15 26 2.1886331574551203
15 27 2.0728271837513423
15 28 1.9901522877381213
15 29 1.722695638314306
16 0 2.0160149372242815
16 1 2.033612749570012
16 2 2.1000736565041676
16 3 2.027078231860119
16 4 2.127072683146882
16 5 1.7487595740001605
16 6 2.4000929965451934
16 7 2.7284611179070133
16 8 2.6483853715067376
16 9 3.577725575013547
16 10 3.4044266439898507
16 11 4.095509316836152
16 12 3.033619047718654
16 13 3.287792672593251
16 14 4.914550229366493
16 15 4.385038839929104
16 16 5.046472074233901
16 17 6.928982528184303
16 18 4.887965401513698
16 19 4.302283955149366
16 20 2.895885974399572
16 21 3.40873074475207
16 22 3.034134776094749
16 23 3.1879142589964484
16 24 2.7163884098995053
16 25 2.3701846634217874
16 26 2.7836396125927685
16 27 1.8685540306589594
16 28 1.617620272670387
16 29 1.80058248860779
17 0 1.7492247728498782
17 1 1.8891750926450188
17 2 1.779965065107407
17 3 2.1280759891253793
17 4 1.7052987604544496
17 5 2.397864255159983
17 6 1.8958857660035338
17 7 2.396870097965726
17 8 3.0959432894157106
17 9 3.326540393043681
17 10 3.580899722776452
17 11 3.1040383236422997
17 12 3.913499761351786
17 13 4.114183096819584
17 14 3.287792672593251
17 15 4.258221919332447
17 16 6.928982528184303
17 17 13.045204868766156
17 18 5.7525310324874015
17 19 5.150485117636403
17 20 3.7582871391437287
17 21 3.278071155781945
17 22 3.1870833761507105
17 23 2.962777922902993
17 24 2.3042339914977945
17 25 1.813259263898186
17 26 2.358298868422383
17 27 2.1327585646858056
17 28 1.841237544883542
17 29 1.8268707178319377
18 0 1.5935632819405727
18 1 1.932032634821577
18 2 1.6291582657553694
18 3 2.315114528891879
18 4 1.948245114588196
18 5 2.2394717055859643
18 6 2.693483709321214
18 7 2.991223171202002
18 8 2.802132342863927
18 9 2.2322458885058127
18 10 3.275419115824473
18 11 3.2303391071318575
18 12 2.835014261164107
18 13 3.913499761351786
18 14 3.033619047718654
18 15 5.343710947807869
18 16 4.887965401513698
18 17 5.7525310324874015
18 18 4.636228585191483
18 19 3.187274430094128
18 20 3.6946827673936005
18 21 3.138857163917149
18 22 3.049335762963657
18 23 2.7628429971194746
18 24 3.180784086720012
18 25 2.226390968344398
18 26 2.34181247245372
18 27 2.16294885314508
18 28 1.766803165630245
18 29 1.5059181822829444
19 0 1.9709840205597193
19 1 1.8099097910497923
19 2 1.784104485867514
19 3 1.7454567889744041
19 4 2.1260155130459175
19 5 1.9147366287161403
19 6 2.192017839200864
19 7 2.4991894929337874
19 8 2.8076968558954865
19 9 2.9899293077417823
19 10 2.8951163222125813
19 11 3.0403037065462666
19 12 3.2303391071318575
19 13 3.1040383236422997
19 14 4.095509316836152
19 15 3.812581617381922
19 16 4.302283955149366
19 17 5.150485117636403
19 18 3.187274430094128
19 19 3.498802442939689
19 20 3.284120966200875
19 21 3.354042882321804
19 22 2.9469963928577383
19 23 2.6539551219110997
19 24 2.444156299465105
19 25 2.3948253974853233
19 26 2.0494810322112684
19 27 2.3196479193740767
19 28 1.73113266022613
19 29 1.469227347205997
20 0 1.842492622666338
20 1 2.291329125568857
20 2 1.7052784660619948
20 3 1.9078661719707086
20 4 1.8740995806715766
20 5 1.8873625706436177
20 6 2.4878260287345153
20 7 2.0465075612024486
20 8 2.9301114303350033
20 9 2.0704502467348855
20 10 2.981180479346605
20 11 2.8951163222125813
20 12 3.275419115824473
20 13 3.580899722776452
20 14 3.4044266439898507
20 15 3.480625309992472
20 16 2.895885974399572
20 17 3.7582871391437287
20 18 3.6946827673936005
20 19 3.284120966200875
20 20 2.89165246674149
20 21 3.116090979699217
20 22 3.222455780726488
20 23 2.6527509869751396
20 24 2.2844131127741147
20 25 2.4957964018167687
20 26 1.8753837168249095
20 27 1.8421151889231064
20 28 1.6803538680151457
20 29 2.1209481697364647
21 0 1.459043251992505
21 1 1.6260071776590466
21 2 1.8010793182920986
21 3 1.6163965229404489
21 4 2.0273760479912672
21 5 1.7658559028476488
21 6 2.050167056325079
21 7 2.3517442345091104
21 8 2.3230037075904586
21 9 2.695660513413822
21 10 2.0704502467348855
21 11 2.9899293077417823
21 12 2.2322458885058127
21 13 3.326540393043681
21 14 3.577725575013547
21 15 2.898592412340216
21 16 3.40873074475207
21 17 3.278071155781945
21 18 3.138857163917149
21 19 3.354042882321804
21 20 3.116090979699217
21 21 2.6041071408048952
21 22 3.017084128253835
21 23 2.3542962753192467
21 24 1.9764104026517206
21 25 1.981414957191974
21 26 2.3175810124697147
21 27 2.230416626880439
21 28 1.7736131035966003
21 29 2.408530116236732
22 0 1.269046731491059
22 1 1.8897173235792692
22 2 1.73011208335355
22 3 1.8313131745246458
22 4 1.8481364130034685
22 5 1.9380821411084446
22 6 1.7126181600215407
22 7 2.2349215465847756
22 8 2.664449754784867
22 9 2.3230037075904586
22 10 2.9301114303350033
22 11 2.8076968558954865
22 12 2.802132342863927
22 13 3.0959432894157106
22 14 2.6483853715067376
22 15 2.8280918288016896
22 16 3.034134776094749
22 17 3.1870833761507105
22 18 3.049335762963657
22 19 2.9469963928577383
22 20 3.222455780726488
22 21 3.017084128253835
22 22 2.727816853231925
22 23 2.087900415980727
22 24 2.315077007011314
22 25 2.015789135499557
22 26 1.9817486441030447
22 27 1.5986865524155796
22 28 1.8320739681187064
22 29 1.849123770355644
23 0 1.8316786136822274
23 1 1.8897067556063878
23 2 1.4258909984193218
23 3 1.9746962628089715
23 4 1.481894277701659
23 5 2.059464170958436
23 6 2.200058522715348
23 7 1.8253391456136003
23 8 2.2349215465847756
23 9 2.3517442345091104
23 10 2.0465075612024486
23 11 2.4991894929337874
23 12 2.991223171202002
23 13 2.396870097965726
23 14 2.7284611179070133
23 15 2.024706073636562
23 16 3.1879142589964484
23 17 2.962777922902993
23 18 2.7628429971194746
23 19 2.6539551219110997
23 20 2.6527509869751396
23 21 2.3542962753192467
23 22 2.087900415980727
23 23 2.3004607674465176
23 24 2.21630664021965
23 25 1.8032189518177517
23 26 1.6224630347266809
23 27 1.8741685506504693
23 28 2.179770007765857
23 29 1.824197056424995
24 0 1.8601533657072464
24 1 1.8287011717499648
24 2 1.4920727346253435
24 3 1.8560314236229225
24 4 1.8786216244261975
24 5 1.7128861838313973
24 6 1.9732807594098751
24 7 2.200058522715348
24 8 1.7126181600215407
24 9 2.050167056325079
24 10 2.4878260287345153
24 11 2.192017839200864
24 12 2.693483709321214
24 13 1.8958857660035338
24 14 2.4000929965451934
24 15 3.228524593033713
24 16 2.7163884098995053
24 17 2.3042339914977945
24 18 3.180784086720012
24 19 2.444156299465105
24 20 2.2844131127741147
24 21 1.9764104026517206
24 22 2.315077007011314
24 23 2.21630664021965
24 24 2.3543211665185964
24 25 1.814949879920726
24 26 1.8709747033591106
24 27 2.2625087918773112
24 28 2.1262895562259696
24 29 1.7725143266347179
25 0 2.189149227001257
25 1 1.838655256197065
25 2 1.5438178895342611
25 3 1.7540759621152557
25 4 1.9372081228770148
25 5 1.7985912663671355
25 6 1.7128861838313973
25 7 2.059464170958436
25 8 1.9380821411084446
25 9 1.7658559028476488
25 10 1.8873625706436177
25 11 1.9147366287161403
25 12 2.2394717055859643
25 13 2.397864255159983
25 14 1.7487595740001605
25 15 1.857085263711939
25 16 2.3701846634217874
25 17 1.813259263898186
25 18 2.226390968344398
25 19 2.3948253974853233
25 20 2.4957964018167687
25 21 1.981414957191974
25 22 2.015789135499557
25 23 1.8032189518177517
25 24 1.814949879920726
25 25 1.5657614472251251
25 26 1.870257261945996
25 27 1.7216196907255157
25 28 1.9208932286137541
25 29 1.4662616507224755
26 0 1.6496912610146386
26 1 1.8099478514921867
26 2 1.8480412301526046
26 3 1.5628847054607724
26 4 1.8370039272024457
26 5 1.9372081228770148
26 6 1.8786216244261975
26 7 1.481894277701659
26 8 1.8481364130034685
26 9 2.0273760479912672
26 10 1.8740995806715766
26 11 2.1260155130459175
26 12 1.948245114588196
26 13 1.7052987604544496
26 14 2.127072683146882
26 15 2.1886331574551203
26 16 2.7836396125927685
26 17 2.358298868422383
26 18 2.34181247245372
26 19 2.0494810322112684
26 20 1.8753837168249095
26 21 2.3175810124697147
26 22 1.9817486441030447
26 23 1.6224630347266809
26 24 1.8709747033591106
26 25 1.870257261945996
26 26 1.806621647715189
26 27 1.53256304737952
26 28 1.5587396883153541
26 29 1.7597950960565545
27 0 2.364303121905794
27 1 1.6926018390901343
27 2 1.7739177863672457
27 3 1.793514951752514
27 4 1.5628847054607724
27 5 1.7540759621152557
27 6 1.8560314236229225
27 7 1.9746962628089715
27 8 1.8313131745246458
27 9 1.6163965229404489
27 10 1.9078661719707086
27 11 1.7454567889744041
27 12 2.315114528891879
27 13 2.1280759891253793
27 14 2.027078231860119
27 15 2.0728271837513423
27 16 1.8685540306589594
27 17 2.1327585646858056
27 18 2.16294885314508
27 19 2.3196479193740767
27 20 1.8421151889231064
27 21 2.230416626880439
27 22 1.5986865524155796
27 23 1.8741685506504693
27 24 2.2625087918773112
27 25 1.7216196907255157
27 26 1.53256304737952
27 27 1.9594171962615725
27 28 1.864783324710908
27 29 1.815817522019316
28 0 1.5716474978900807
28 1 1.7404608205150982
28 2 1.861353276055245
28 3 1.7739177863672457
28 4 1.8480412301526046
28 5 1.5438178895342611
28 6 1.4920727346253435
28 7 1.4258909984193218
28 8 1.73011208335355
28 9 1.8010793182920986
28 10 1.7052784660619948
28 11 1.784104485867514
28 12 1.6291582657553694
28 13 1.779965065107407
28 14 2.1000736565041676
28 15 1.9901522877381213
28 16 1.617620272670387
28 17 1.841237544883542
28 18 1.766803165630245
28 19 1.73113266022613
28 20 1.6803538680151457
28 21 1.7736131035966003
28 22 1.8320739681187064
28 23 2.179770007765857
28 24 2.1262895562259696
28 25 1.9208932286137541
28 26 1.5587396883153541
28 27 1.864783324710908
28 28 1.7730190415510985
28 29 2.0559371373641357
29 0 1.899764363329753
29 1 1.6579787211659276
29 2 1.7404608205150982
29 3 1.6926018390901343
29 4 1.8099478514921867
29 5 1.838655256197065
29 6 1.8287011717499648
29 7 1.8897067556063878
29 8 1.8897173235792692
29 9 1.6260071776590466
29 10 2.291329125568857
29 11 1.8099097910497923
29 12 1.932032634821577
29 13 1.8891750926450188
29 14 2.033612749570012
29 15 1.722695638314306
29 16 1.80058248860779
29 17 1.8268707178319377
29 18 1.5059181822829444
29 19 1.469227347205997
29 20 2.1209481697364647
29 21 2.408530116236732
29 22 1.849123770355644
29 23 1.824197056424995
29 24 1.7725143266347179
29 25 1.4662616507224755
29 26 1.7597950960565545
29 27 1.815817522019316
29 28 2.0559371373641357
29 29 2.069570474555871
