0 0 23.974089297547245
0 1 23.69101381040305
0 2 25.81984115708735
0 3 23.194427843768235
0 4 25.782126913883193
0 5 25.490366602665755
0 6 25.3743161313494
0 7 27.246735263041902
0 8 24.81356520527232
0 9 24.938206880981905
0 10 26.42309958862909
0 11 27.10396778829583
0 12 25.92064044161719
0 13 25.92645871951484
0 14 25.74679963568375
0 15 26.181023382663394
0 16 25.631734936462905
0 17 26.91897904982067
0 18 25.27691877755405
0 19 25.640739095529977
0 20 25.841222246127202
0 21 25.813519174819916
0 22 24.28869655259392
0 23 25.70396579336881
0 24 26.83772360127038
0 25 26.6670654419586
0 26 24.449640375612333
0 27 25.383421017127482
0 28 24.05090735392779
0 29 24.437461676340302
1 0 23.69101381040305
1 1 25.878879260782057
1 2 24.320156433551045
1 3 25.8489406334544
1 4 24.43696507794173
1 5 23.91263286378254
1 6 25.53262180182663
1 7 25.097233387757893
1 8 25.42969295195514
1 9 25.412971473791103
1 10 25.878128171593403
1 11 24.80791445063983
1 12 25.808395818129323
1 13 25.07873229549571
1 14 24.65693423351418
1 15 24.715912032964926
1 16 27.054867037986718
1 17 26.001549662211012
1 18 25.757590245793573
1 19 24.157667193412397
1 20 24.712408939468556
1 21 24.696701996173818
1 22 25.971499626627907
1 23 25.299616485941822
1 24 25.998905801793786
1 25 26.671427010098004
1 26 25.129991462961925
1 27 24.19358241176002
1 28 23.575799669042272
1 29 22.569771987264907
2 0 25.81984115708735
2 1 24.320156433551045
2 2 26.574524276175715
2 3 27.31537118502111
2 4 25.191583011158507
2 5 25.18457598524992
2 6 28.172542042431978
2 7 26.58297642283205
2 8 25.94404863137529
2 9 26.317714582587666
2 10 26.782321740049216
2 11 27.024664471360538
2 12 26.86751839631599
2 13 25.71887364281773
2 14 26.956006899867436
2 15 27.184679427939972
2 16 29.3124022462136
2 17 25.924921481612852
2 18 25.44672038876022
2 19 24.614848661301405
2 20 25.744893707067607
2 21 24.386464856070898
2 22 24.423115025832086
2 23 24.690094799296347
2 24 25.505085448253933
2 25 25.60539718614655
2 26 26.268437237614474
2 27 24.915717265913294
2 28 25.57193990784545
2 29 23.575799669042272
3 0 23.194427843768235
3 1 25.8489406334544
3 2 27.31537118502111
3 3 25.221592962270012
3 4 25.06141666458631
3 5 23.792741669114157
3 6 24.366792800067344
3 7 25.970161576500608
3 8 26.527632287149416
3 9 27.49259174259617
3 10 27.248089685357005
3 11 26.98116790429847
3 12 27.143915708560073
3 13 26.756823346909513
3 14 27.708862112722557
3 15 27.602711358309016
3 16 27.333354294979742
3 17 26.817678176163426
3 18 26.860540800501653
3 19 26.420999974952917
3 20 28.40457026201814
3 21 26.257320409837412
3 22 26.035845645750626
3 23 26.23570608294181
3 24 25.836296031457966
3 25 24.94872989092623
3 26 23.346899675140545
3 27 24.010798656814597
3 28 24.915717265913294
3 29 24.19358241176002
4 0 25.782126913883193
4 1 24.43696507794173
4 2 25.191583011158507
4 3 25.06141666458631
4 4 24.419661919028584
4 5 25.273053560285092
4 6 26.924831363282834
4 7 25.803652104293132
4 8 26.713362623035554
4 9 27.72351626237357
4 10 27.160123898934987
4 11 29.635936474384017
4 12 28.897082207259114
4 13 27.87482715020828
4 14 31.10241525803176
4 15 28.155991811463046
4 16 30.29092717244854
4 17 28.51699604579312
4 18 28.2599696531375
4 19 27.342284769732807
4 20 26.00258814945714
4 21 26.622022299343172
4 22 28.020202156846995
4 23 25.18363685805132
4 24 26.18994500447225
4 25 26.11470939182924
4 26 25.886587451219782
4 27 23.346899675140545
4 28 26.268437237614474
4 29 25.129991462961925
5 0 25.490366602665755
5 1 23.91263286378254
5 2 25.18457598524992
5 3 23.792741669114157
5 4 25.273053560285092
5 5 25.086619146193893
5 6 25.190420781132563
5 7 26.79192828593102
5 8 26.754220944364494
5 9 29.45836105809606
5 10 29.15019142620155
5 11 30.771499520761136
5 12 30.057955413911305
5 13 27.488965641208818
5 14 29.7505220512678
5 15 28.012900604425877
5 16 28.569396997067077
5 17 29.30821839145449
5 18 28.63688448052952
5 19 28.25476641753144
5 20 28.478228491849773
5 21 25.915216955935847
5 22 25.525854098001314
5 23 28.12085108827016
5 24 26.15420706225663
5 25 23.867561828568622
5 26 26.11470939182924
5 27 24.94872989092623
5 28 25.60539718614655
5 29 26.671427010098004
6 0 25.3743161313494
6 1 25.53262180182663
6 2 28.172542042431978
6 3 24.366792800067344
6 4 26.924831363282834
6 5 25.190420781132563
6 6 28.35668462530376
6 7 28.682133202922024
6 8 28.31312569494296
6 9 27.441955963598126
6 10 28.44223547001397
6 11 32.18515615044253
6 12 31.757963996275077
6 13 29.781287428801463
6 14 31.470131946126706
6 15 32.08573036559909
6 16 29.741265380917838
6 17 27.885835504232393
6 18 29.39322870820357
6 19 27.947392501421273
6 20 27.923855141027264
6 21 29.547042811758008
6 22 26.352679690133623
6 23 27.799357443984658
6 24 27.602195160602648
6 25 26.15420706225663
6 26 26.18994500447225
6 27 25.836296031457966
6 28 25.505085448253933
6 29 25.998905801793786
7 0 27.246735263041902
7 1 25.097233387757893
7 2 26.58297642283205
7 3 25.970161576500608
7 4 25.803652104293132
7 5 26.79192828593102
7 6 28.682133202922024
7 7 28.99113492256924
7 8 28.764636632180835
7 9 30.294054183762437
7 10 30.566977896269762
7 11 33.13089399166395
7 12 32.28842515966959
7 13 32.41519023437792
7 14 34.52727976024518
7 15 29.726366444754976
7 16 33.08058651769712
7 17 31.51474067971666
7 18 31.35689513611304
7 19 31.654900580165847
7 20 28.7762198562091
7 21 29.26812258645678
7 22 29.396543240637996
7 23 27.50804684869579
7 24 27.799357443984658
7 25 28.12085108827016
7 26 25.18363685805132
7 27 26.23570608294181
7 28 24.690094799296347
7 29 25.299616485941822
8 0 24.81356520527232
8 1 25.42969295195514
8 2 25.94404863137529
8 3 26.527632287149416
8 4 26.713362623035554
8 5 26.754220944364494
8 6 28.31312569494296
8 7 28.764636632180835
8 8 31.221618290269465
8 9 33.24968528301573
8 10 34.00326099806015
8 11 34.199136005653436
8 12 34.388819611224264
8 13 34.25879593714805
8 14 34.28666233048246
8 15 33.983885929554134
8 16 32.79440498659441
8 17 34.26084892985022
8 18 33.634752897172895
8 19 30.31857916617183
8 20 31.904154018982513
8 21 31.65372296739831
8 22 29.75302226176435
8 23 29.396543240637996
8 24 26.352679690133623
8 25 25.525854098001314
8 26 28.020202156846995
8 27 26.035845645750626
8 28 24.423115025832086
8 29 25.971499626627907
9 0 24.938206880981905
9 1 25.412971473791103
9 2 26.317714582587666
9 3 27.49259174259617
9 4 27.72351626237357
9 5 29.45836105809606
9 6 27.441955963598126
9 7 30.294054183762437
9 8 33.24968528301573
9 9 34.49283550916662
9 10 34.16437098224443
9 11 34.35223538072268
9 12 37.38855337279192
9 13 36.76053988184797
9 14 36.73081292304271
9 15 35.37426924270461
9 16 34.14199412668146
9 17 34.571673838472265
9 18 31.708328091066463
9 19 32.891520562951875
9 20 32.4894414955186
9 21 31.300366296456637
9 22 31.65372296739831
9 23 29.26812258645678
9 24 29.547042811758008
9 25 25.915216955935847
9 26 26.622022299343172
9 27 26.257320409837412
9 28 24.386464856070898
9 29 24.696701996173818
10 0 26.42309958862909
10 1 25.878128171593403
10 2 26.782321740049216
10 3 27.248089685357005
10 4 27.160123898934987
10 5 29.15019142620155
10 6 28.44223547001397
10 7 30.566977896269762
10 8 34.00326099806015
10 9 34.16437098224443
10 10 35.635083534035395
10 11 38.07057805427543
10 12 37.73836982370363
10 13 38.15650469162238
10 14 34.84913121573363
10 15 36.26280588885089
10 16 36.179245860705706
10 17 36.73984118753135
10 18 36.459288910768755
10 19 33.62610225927807
10 20 31.376004427691118
10 21 32.4894414955186
10 22 31.904154018982513
10 23 28.7762198562091
10 24 27.923855141027264
10 25 28.478228491849773
10 26 26.00258814945714
10 27 28.40457026201814
10 28 25.744893707067607
10 29 24.712408939468556
11 0 27.10396778829583
11 1 24.80791445063983
11 2 27.024664471360538
11 3 26.98116790429847
11 4 29.635936474384017
11 5 30.771499520761136
11 6 32.18515615044253
11 7 33.13089399166395
11 8 34.199136005653436
11 9 34.35223538072268
11 10 38.07057805427543
11 11 36.06152063348066
11 12 37.4841787724398
11 13 44.41457296247495
11 14 42.63056499312006
11 15 38.42523357832565
11 16 38.30304292974121
11 17 35.813233474948234
11 18 36.37756416154963
11 19 34.15290160614879
11 20 33.62610225927807
11 21 32.891520562951875
11 22 30.31857916617183
11 23 31.654900580165847
11 24 27.947392501421273
11 25 28.25476641753144
11 26 27.342284769732807
11 27 26.420999974952917
11 28 24.614848661301405
11 29 24.157667193412397
12 0 25.92064044161719
12 1 25.808395818129323
12 2 26.86751839631599
12 3 27.143915708560073
12 4 28.897082207259114
12 5 30.057955413911305
12 6 31.757963996275077
12 7 32.28842515966959
12 8 34.388819611224264
12 9 37.38855337279192
12 10 37.73836982370363
12 11 37.4841787724398
12 12 45.11212668092229
12 13 51.079835783693106
12 14 45.02465733681899
12 15 42.790557264664166
12 16 37.88421231745622
12 17 39.40825944224068
12 18 35.598922708946915
12 19 36.37756416154963
12 20 36.459288910768755
12 21 31.708328091066463
12 22 33.634752897172895
12 23 31.35689513611304
12 24 29.39322870820357
12 25 28.63688448052952
12 26 28.2599696531375
12 27 26.860540800501653
12 28 25.44672038876022
12 29 25.757590245793573
13 0 25.92645871951484
13 1 25.07873229549571
13 2 25.71887364281773
13 3 26.756823346909513
13 4 27.87482715020828
13 5 27.488965641208818
13 6 29.781287428801463
13 7 32.41519023437792
13 8 34.25879593714805
13 9 36.76053988184797
13 10 38.15650469162238
13 11 44.41457296247495
13 12 51.079835783693106
13 13 88.6241401274901
13 14 53.89086331690286
13 15 44.74496131031228
13 16 37.93645571187812
13 17 38.74497955443308
13 18 39.40825944224068
13 19 35.813233474948234
13 20 36.73984118753135
13 21 34.571673838472265
13 22 34.26084892985022
13 23 31.51474067971666
13 24 27.885835504232393
13 25 29.30821839145449
13 26 28.51699604579312
13 27 26.817678176163426
13 28 25.924921481612852
13 29 26.001549662211012
14 0 25.74679963568375
14 1 24.65693423351418
14 2 26.956006899867436
14 3 27.708862112722557
14 4 31.10241525803176
14 5 29.7505220512678
14 6 31.470131946126706
14 7 34.52727976024518
14 8 34.28666233048246
14 9 36.73081292304271
14 10 34.84913121573363
14 11 42.63056499312006
14 12 45.02465733681899
14 13 53.89086331690286
14 14 45.47429092805165
14 15 41.61407011899817
14 16 41.05929387503717
14 17 37.93645571187812
14 18 37.88421231745622
14 19 38.30304292974121
14 20 36.179245860705706
14 21 34.14199412668146
14 22 32.79440498659441
14 23 33.08058651769712
14 24 29.741265380917838
14 25 28.569396997067077
14 26 30.29092717244854
14 27 27.333354294979742
14 28 29.3124022462136
14 29 27.054867037986718
15 0 26.181023382663394
15 1 24.715912032964926
15 2 27.184679427939972
15 3 27.602711358309016
15 4 28.155991811463046
15 5 28.012900604425877
15 6 32.08573036559909
15 7 29.726366444754976
15 8 33.983885929554134
15 9 35.37426924270461
15 10 36.26280588885089
15 11 38.42523357832565
15 12 42.790557264664166
15 13 44.74496131031228
15 14 41.61407011899817
15 15 43.46590043550956
15 16 41.61407011899817
15 17 44.74496131031228
15 18 42.790557264664166
15 19 38.42523357832565
15 20 36.26280588885089
15 21 35.37426924270461
15 22 33.983885929554134
15 23 29.726366444754976
15 24 32.08573036559909
15 25 28.012900604425877
15 26 28.155991811463046
15 27 27.602711358309016
15 28 27.184679427939972
15 29 24.715912032964926
16 0 25.631734936462905
16 1 27.054867037986718
16 2 29.3124022462136
16 3 27.333354294979742
16 4 30.29092717244854
16 5 28.569396997067077
16 6 29.741265380917838
16 7 33.08058651769712
16 8 32.79440498659441
16 9 34.14199412668146
16 10 36.179245860705706
16 11 38.30304292974121
16 12 37.88421231745622
16 13 37.93645571187812
16 14 41.05929387503717
16 15 41.61407011899817
16 16 45.47429092805165
16 17 53.89086331690286
16 18 45.02465733681899
16 19 42.63056499312006
16 20 34.84913121573363
16 21 36.73081292304271
16 22 34.28666233048246
16 23 34.52727976024518
16 24 31.470131946126706
16 25 29.7505220512678
16 26 31.10241525803176
16 27 27.708862112722557
16 28 26.956006899867436
16 29 24.65693423351418
17 0 26.91897904982067
17 1 26.001549662211012
17 2 25.924921481612852
17 3 26.817678176163426
17 4 28.51699604579312
17 5 29.30821839145449
17 6 27.885835504232393
17 7 31.51474067971666
17 8 34.26084892985022
17 9 34.571673838472265
17 10 36.73984118753135
17 11 35.813233474948234
17 12 39.40825944224068
17 13 38.74497955443308
17 14 37.93645571187812
17 15 44.74496131031228
17 16 53.89086331690286
17 17 88.6241401274901
17 18 51.079835783693106
17 19 44.41457296247495
17 20 38.15650469162238
17 21 36.76053988184797
17 22 34.25879593714805
17 23 32.41519023437792
17 24 29.781287428801463
17 25 27.488965641208818
17 26 27.87482715020828
17 27 26.756823346909513
17 28 25.71887364281773
17 29 25.07873229549571
18 0 25.27691877755405
18 1 25.757590245793573
18 2 25.44672038876022
18 3 26.860540800501653
18 4 28.2599696531375
18 5 28.63688448052952
18 6 29.39322870820357
18 7 31.35689513611304
18 8 33.634752897172895
18 9 31.708328091066463
18 10 36.459288910768755
18 11 36.37756416154963
18 12 35.598922708946915
18 13 39.40825944224068
18 14 37.88421231745622
18 15 42.790557264664166
18 16 45.02465733681899
18 17 51.079835783693106
18 18 45.11212668092229
18 19 37.4841787724398
18 20 37.73836982370363
18 21 37.38855337279192
18 22 34.388819611224264
18 23 32.28842515966959
18 24 31.757963996275077
18 25 30.057955413911305
18 26 28.897082207259114
18 27 27.143915708560073
18 28 26.86751839631599
18 29 25.808395818129323
19 0 25.640739095529977
19 1 24.157667193412397
19 2 24.614848661301405
19 3 26.420999974952917
19 4 27.342284769732807
19 5 28.25476641753144
19 6 27.947392501421273
19 7 31.654900580165847
19 8 30.31857916617183
19 9 32.891520562951875
19 10 33.62610225927807
19 11 34.15290160614879
19 12 36.37756416154963
19 13 35.813233474948234
19 14 38.30304292974121
19 15 38.42523357832565
19 16 42.63056499312006
19 17 44.41457296247495
19 18 37.4841787724398
19 19 36.06152063348066
19 20 38.07057805427543
19 21 34.35223538072268
19 22 34.199136005653436
19 23 33.13089399166395
19 24 32.18515615044253
19 25 30.771499520761136
19 26 29.635936474384017
19 27 26.98116790429847
19 28 27.024664471360538
19 29 24.80791445063983
20 0 25.841222246127202
20 1 24.712408939468556
20 2 25.744893707067607
20 3 28.40457026201814
20 4 26.00258814945714
20 5 28.478228491849773
20 6 27.923855141027264
20 7 28.7762198562091
20 8 31.904154018982513
20 9 32.4894414955186
20 10 31.376004427691118
20 11 33.62610225927807
20 12 36.459288910768755
20 13 36.73984118753135
20 14 36.179245860705706
20 15 36.26280588885089
20 16 34.84913121573363
20 17 38.15650469162238
20 18 37.73836982370363
20 19 38.07057805427543
20 20 35.635083534035395
20 21 34.16437098224443
20 22 34.00326099806015
20 23 30.566977896269762
20 24 28.44223547001397
20 25 29.15019142620155
20 26 27.160123898934987
20 27 27.248089685357005
20 28 26.782321740049216
20 29 25.878128171593403
21 0 25.813519174819916
21 1 24.696701996173818
21 2 24.386464856070898
21 3 26.257320409837412
21 4 26.622022299343172
21 5 25.915216955935847
21 6 29.547042811758008
21 7 29.26812258645678
21 8 31.65372296739831
21 9 31.300366296456637
21 10 32.4894414955186
21 11 32.891520562951875
21 12 31.708328091066463
21 13 34.571673838472265
21 14 34.14199412668146
21 15 35.37426924270461
21 16 36.73081292304271
21 17 36.76053988184797
21 18 37.38855337279192
21 19 34.35223538072268
21 20 34.16437098224443
21 21 34.49283550916662
21 22 33.24968528301573
21 23 30.294054183762437
21 24 27.441955963598126
21 25 29.45836105809606
21 26 27.72351626237357
21 27 27.49259174259617
21 28 26.317714582587666
21 29 25.412971473791103
22 0 24.28869655259392
22 1 25.971499626627907
22 2 24.423115025832086
22 3 26.035845645750626
22 4 28.020202156846995
22 5 25.525854098001314
22 6 26.352679690133623
22 7 29.396543240637996
22 8 29.75302226176435
22 9 31.65372296739831
22 10 31.904154018982513
22 11 30.31857916617183
22 12 33.634752897172895
22 13 34.26084892985022
22 14 32.79440498659441
22 15 33.983885929554134
22 16 34.28666233048246
22 17 34.25879593714805
22 18 34.388819611224264
22 19 34.199136005653436
22 20 34.00326099806015
22 21 33.24968528301573
22 22 31.221618290269465
22 23 28.764636632180835
22 24 28.31312569494296
22 25 26.754220944364494
22 26 26.713362623035554
22 27 26.527632287149416
22 28 25.94404863137529
22 29 25.42969295195514
23 0 25.70396579336881
23 1 25.299616485941822
23 2 24.690094799296347
23 3 26.23570608294181
23 4 25.18363685805132
23 5 28.12085108827016
23 6 27.799357443984658
23 7 27.50804684869579
23 8 29.396543240637996
23 9 29.26812258645678
23 10 28.7762198562091
23 11 31.654900580165847
23 12 31.35689513611304
23 13 31.51474067971666
23 14 33.08058651769712
23 15 29.726366444754976
23 16 34.52727976024518
23 17 32.41519023437792
23 18 32.28842515966959
23 19 33.13089399166395
23 20 30.566977896269762
23 21 30.294054183762437
23 22 28.764636632180835
23 23 28.99113492256924
23 24 28.682133202922024
23 25 26.79192828593102
23 26 25.803652104293132
23 27 25.970161576500608
23 28 26.58297642283205
23 29 25.097233387757893
24 0 26.83772360127038
24 1 25.998905801793786
24 2 25.505085448253933
24 3 25.836296031457966
24 4 26.18994500447225
24 5 26.15420706225663
24 6 27.602195160602648
24 7 27.799357443984658
24 8 26.352679690133623
24 9 29.547042811758008
24 10 27.923855141027264
24 11 27.947392501421273
24 12 29.39322870820357
24 13 27.885835504232393
24 14 29.741265380917838
24 15 32.08573036559909
24 16 31.470131946126706
24 17 29.781287428801463
24 18 31.757963996275077
24 19 32.18515615044253
24 20 28.44223547001397
24 21 27.441955963598126
24 22 28.31312569494296
24 23 28.682133202922024
24 24 28.35668462530376
24 25 25.190420781132563
24 26 26.924831363282834
24 27 24.366792800067344
24 28 28.172542042431978
24 29 25.53262180182663
25 0 26.6670654419586
25 1 26.671427010098004
25 2 25.60539718614655
25 3 24.94872989092623
25 4 26.11470939182924
25 5 23.867561828568622
25 6 26.15420706225663
25 7 28.12085108827016
25 8 25.525854098001314
25 9 25.915216955935847
25 10 28.478228491849773
25 11 28.25476641753144
25 12 28.63688448052952
25 13 29.30821839145449
25 14 28.569396997067077
25 15 28.012900604425877
25 16 29.7505220512678
25 17 27.488965641208818
25 18 30.057955413911305
25 19 30.771499520761136
25 20 29.15019142620155
25 21 29.45836105809606
25 22 26.754220944364494
25 23 26.79192828593102
25 24 25.190420781132563
25 25 25.086619146193893
25 26 25.273053560285092
25 27 23.792741669114157
25 28 25.18457598524992
25 29 23.91263286378254
26 0 24.449640375612333
26 1 25.129991462961925
26 2 26.268437237614474
26 3 23.346899675140545
26 4 25.886587451219782
26 5 26.11470939182924
26 6 26.18994500447225
26 7 25.18363685805132
26 8 28.020202156846995
26 9 26.622022299343172
26 10 26.00258814945714
26 11 27.342284769732807
26 12 28.2599696531375
26 13 28.51699604579312
26 14 30.29092717244854
26 15 28.155991811463046
26 16 31.10241525803176
26 17 27.87482715020828
26 18 28.897082207259114
26 19 29.635936474384017
26 20 27.160123898934987
26 21 27.72351626237357
26 22 26.713362623035554
26 23 25.803652104293132
26 24 26.924831363282834
26 25 25.273053560285092
26 26 24.419661919028584
26 27 25.06141666458631
26 28 25.191583011158507
26 29 24.43696507794173
27 0 25.383421017127482
27 1 24.19358241176002
27 2 24.915717265913294
27 3 24.010798656814597
27 4 23.346899675140545
27 5 24.94872989092623
27 6 25.836296031457966
27 7 26.23570608294181
27 8 26.035845645750626
27 9 26.257320409837412
27 10 28.40457026201814
27 11 26.420999974952917
27 12 26.860540800501653
27 13 26.817678176163426
27 14 27.333354294979742
27 15 27.602711358309016
27 16 27.708862112722557
27 17 26.756823346909513
27 18 27.143915708560073
27 19 26.98116790429847
27 20 27.248089685357005
27 21 27.49259174259617
27 22 26.527632287149416
27 23 25.970161576500608
27 24 24.366792800067344
27 25 23.792741669114157
27 26 25.06141666458631
27 27 25.221592962270012
27 28 27.31537118502111
27 29 25.8489406334544
28 0 24.05090735392779
28 1 23.575799669042272
28 2 25.57193990784545
28 3 24.915717265913294
28 4 26.268437237614474
28 5 25.60539718614655
28 6 25.505085448253933
28 7 24.690094799296347
28 8 24.423115025832086
28 9 24.386464856070898
28 10 25.744893707067607
28 11 24.614848661301405
28 12 25.44672038876022
28 13 25.924921481612852
28 14 29.3124022462136
28 15 27.184679427939972
28 16 26.956006899867436
28 17 25.71887364281773
28 18 26.86751839631599
28 19 27.024664471360538
28 20 26.782321740049216
28 21 26.317714582587666
28 22 25.94404863137529
28 23 26.58297642283205
28 24 28.172542042431978
28 25 25.18457598524992
28 26 25.191583011158507
28 27 27.31537118502111
28 28 26.574524276175715
28 29 24.320156433551045
29 0 24.437461676340302
29 1 22.569771987264907
29 2 23.575799669042272
29 3 24.19358241176002
29 4 25.129991462961925
29 5 26.671427010098004
29 6 25.998905801793786
29 7 25.299616485941822
29 8 25.971499626627907
29 9 24.696701996173818
29 10 24.712408939468556
29 11 24.157667193412397
29 12 25.757590245793573
29 13 26.001549662211012
29 14 27.054867037986718
29 15 24.715912032964926
29 16 24.65693423351418
29 17 25.07873229549571
29 18 25.808395818129323
29 19 24.80791445063983
29 20 25.878128171593403
29 21 25.412971473791103
29 22 25.42969295195514
29 23 25.097233387757893
29 24 25.53262180182663
29 25 23.91263286378254
29 26 24.43696507794173
29 27 25.8489406334544
29 28 24.320156433551045
29 29 25.878879260782057
