0 0 23.194922520134313
0 1 26.39880492129941
0 2 24.09868328125604
0 3 24.97441655737148
0 4 28.125615906525184
0 5 27.342683246570967
0 6 23.661269724447084
0 7 25.67335021660123
0 8 26.95358029148037
0 9 27.351191307549087
0 10 26.927159134136225
0 11 24.91976153012574
0 12 27.275047082652893
0 13 25.68830416931276
0 14 24.43366289089432
0 15 24.919232790684074
0 16 25.527351149275944
0 17 25.800532170366868
0 18 24.865131511303566
0 19 25.46898231481823
0 20 25.966112730632222
0 21 25.23887486563023
0 22 24.767802919577232
0 23 25.693649570504974
0 24 26.10076200936232
0 25 25.107477443353417
0 26 24.38451505342827
0 27 23.406503880596404
0 28 23.99594610104484
0 29 24.613036265785432
1 0 26.39880492129941
1 1 24.333011905891755
1 2 25.65338288405441
1 3 24.72523412475368
1 4 26.328416326992993
1 5 27.07965017855399
1 6 26.526480850020768
1 7 25.878103595172426
1 8 27.16885479119757
1 9 26.025593598407117
1 10 27.783499513835864
1 11 26.88531827186502
1 12 27.736748845238438
1 13 25.43889076019662
1 14 27.783622307955937
1 15 27.65653098762045
1 16 25.38469143562804
1 17 25.57646390978405
1 18 26.581822786534943
1 19 27.271557805092872
1 20 24.864486050712735
1 21 26.163361863255684
1 22 24.271841094135116
1 23 24.298516691784528
1 24 26.383894141103276
1 25 27.229809703916114
1 26 25.387456863941736
1 27 24.331047113103192
1 28 25.013178552874287
1 29 24.406061535461337
2 0 24.09868328125604
2 1 25.65338288405441
2 2 26.311730099886756
2 3 26.12081567117223
2 4 24.61061862963463
2 5 27.46624027338124
2 6 27.75533197405752
2 7 27.637512654459446
2 8 26.022838831227553
2 9 27.332833420636135
2 10 29.047835317233364
2 11 28.486408032782744
2 12 27.51216036668636
2 13 27.49396299645571
2 14 25.99310839768884
2 15 26.687540324658467
2 16 27.3470670681743
2 17 25.31789223243418
2 18 25.611568883529262
2 19 25.152104590406715
2 20 25.907371066290434
2 21 26.76003629683786
2 22 25.857103541318736
2 23 25.60226775080631
2 24 24.78492356508952
2 25 27.13133097244844
2 26 24.7302256462258
2 27 23.947300382074495
2 28 26.153975681228907
2 29 25.013178552874287
3 0 24.97441655737148
3 1 24.72523412475368
3 2 26.12081567117223
3 3 25.55316534258915
3 4 27.499600016575968
3 5 25.713262558514604
3 6 27.881281435866384
3 7 28.470141523673455
3 8 30.745055745084695
3 9 29.28915644546225
3 10 29.222461000482667
3 11 29.237534841132018
3 12 28.156590383059694
3 13 30.302222866338575
3 14 28.401598854826744
3 15 28.01958788703206
3 16 26.336793946469793
3 17 26.885249986489356
3 18 27.309031231077128
3 19 26.924831363282834
3 20 24.447168723266877
3 21 24.588674971738953
3 22 26.84975386982922
3 23 25.841222246127202
3 24 26.672931529200763
3 25 25.646800454188377
3 26 25.412184433998334
3 27 26.850371073504384
3 28 23.947300382074495
3 29 24.331047113103192
4 0 28.125615906525184
4 1 26.328416326992993
4 2 24.61061862963463
4 3 27.499600016575968
4 4 27.069599609731842
4 5 27.48009340115532
4 6 29.74756327098367
4 7 28.833040209345402
4 8 30.058827168674515
4 9 29.426449148989263
4 10 31.76234702556433
4 11 31.98187021524238
4 12 30.716594934230216
4 13 29.65515462308144
4 14 27.958992161472906
4 15 29.977009516157135
4 16 28.794681798214526
4 17 28.28454742971282
4 18 25.786195842250926
4 19 27.661913890491867
4 20 25.961115350474344
4 21 25.042329463260455
4 22 24.157667193412397
4 23 26.4883336530349
4 24 25.412059229640636
4 25 24.21468298638188
4 26 25.06626467434515
4 27 25.412184433998334
4 28 24.7302256462258
4 29 25.387456863941736
5 0 27.342683246570967
5 1 27.07965017855399
5 2 27.46624027338124
5 3 25.713262558514604
5 4 27.48009340115532
5 5 30.617593356898166
5 6 30.482801012363797
5 7 32.66715714733678
5 8 28.869766850391795
5 9 31.57423327957734
5 10 32.840671671924504
5 11 32.74409234444063
5 12 33.39924794723808
5 13 31.02454318827608
5 14 29.77686445717256
5 15 29.117239664565318
5 16 28.886435512136504
5 17 29.028733272825416
5 18 28.13356692593117
5 19 26.74659247420342
5 20 27.957252144420412
5 21 25.44672038876022
5 22 24.908921112914516
5 23 25.66030335884012
5 24 26.238580051879225
5 25 25.886587451219782
5 26 24.21468298638188
5 27 25.646800454188377
5 28 27.13133097244844
5 29 27.229809703916114
6 0 23.661269724447084
6 1 26.526480850020768
6 2 27.75533197405752
6 3 27.881281435866384
6 4 29.74756327098367
6 5 30.482801012363797
6 6 33.82136438648525
6 7 34.185977128180674
6 8 35.48871956233129
6 9 33.691538084899214
6 10 35.58138858927214
6 11 36.331675253177856
6 12 35.25829335116567
6 13 34.19013684935612
6 14 31.394763271756148
6 15 29.41825472382217
6 16 30.320562811624683
6 17 29.522907188456845
6 18 30.238269197396388
6 19 28.44312570494283
6 20 26.817678176163426
6 21 28.72694457599078
6 22 25.32286464970727
6 23 27.990349838191502
6 24 24.895026428180927
6 25 26.238580051879225
6 26 25.412059229640636
6 27 26.672931529200763
6 28 24.78492356508952
6 29 26.383894141103276
7 0 25.67335021660123
7 1 25.878103595172426
7 2 27.637512654459446
7 3 28.470141523673455
7 4 28.833040209345402
7 5 32.66715714733678
7 6 34.185977128180674
7 7 35.19540046643211
7 8 36.932956660524525
7 9 35.45575815761503
7 10 38.135685821658086
7 11 36.26846381279453
7 12 33.465329345518356
7 13 35.78120307624505
7 14 32.93587861955302
7 15 33.7362137418244
7 16 30.611972547898215
7 17 29.698566415364862
7 18 30.076579060335636
7 19 30.29092717244854
7 20 29.356385300010576
7 21 25.424278106226673
7 22 27.143244003121538
7 23 26.181586425520226
7 24 27.990349838191502
7 25 25.66030335884012
7 26 26.4883336530349
7 27 25.841222246127202
7 28 25.60226775080631
7 29 24.298516691784528
8 0 26.95358029148037
8 1 27.16885479119757
8 2 26.022838831227553
8 3 30.745055745084695
8 4 30.058827168674515
8 5 28.869766850391795
8 6 35.48871956233129
8 7 36.932956660524525
8 8 38.623747119229606
8 9 38.62455462579895
8 10 42.47644984555717
8 11 42.20214026422373
8 12 35.61453655198928
8 13 36.30638370230343
8 14 33.22140187630246
8 15 33.38933622307746
8 16 31.89336813424903
8 17 30.5162867794846
8 18 28.012900604425877
8 19 29.6447053624856
8 20 29.239291147968736
8 21 27.091708138605913
8 22 26.183289779112815
8 23 27.143244003121538
8 24 25.32286464970727
8 25 24.908921112914516
8 26 24.157667193412397
8 27 26.84975386982922
8 28 25.857103541318736
8 29 24.271841094135116
9 0 27.351191307549087
9 1 26.025593598407117
9 2 27.332833420636135
9 3 29.28915644546225
9 4 29.426449148989263
9 5 31.57423327957734
9 6 33.691538084899214
9 7 35.45575815761503
9 8 38.62455462579895
9 9 48.65436236364741
9 10 47.20754781553797
9 11 42.645069204704086
9 12 41.03540331427806
9 13 39.45799486724173
9 14 34.45421488803256
9 15 35.92583181479177
9 16 33.07875309763778
9 17 31.470131946126706
9 18 30.31408066343684
9 19 26.803719823046595
9 20 28.994450275525217
9 21 29.151072077776316
9 22 27.091708138605913
9 23 25.424278106226673
9 24 28.72694457599078
9 25 25.44672038876022
9 26 25.042329463260455
9 27 24.588674971738953
9 28 26.76003629683786
9 29 26.163361863255684
10 0 26.927159134136225
10 1 27.783499513835864
10 2 29.047835317233364
10 3 29.222461000482667
10 4 31.76234702556433
10 5 32.840671671924504
10 6 35.58138858927214
10 7 38.135685821658086
10 8 42.47644984555717
10 9 47.20754781553797
10 10 89.32146538419633
10 11 48.396652769729464
10 12 38.8601355038304
10 13 37.36095916518299
10 14 34.720475721468446
10 15 32.27396525762545
10 16 32.41519023437792
10 17 31.42722768306066
10 18 31.010734086544243
10 19 30.242892534462634
10 20 26.184602206128872
10 21 28.994450275525217
10 22 29.239291147968736
10 23 29.356385300010576
10 24 26.817678176163426
10 25 27.957252144420412
10 26 25.961115350474344
10 27 24.447168723266877
10 28 25.907371066290434
10 29 24.864486050712735
11 0 24.91976153012574
11 1 26.88531827186502
11 2 28.486408032782744
11 3 29.237534841132018
11 4 31.98187021524238
11 5 32.74409234444063
11 6 36.331675253177856
11 7 36.26846381279453
11 8 42.20214026422373
11 9 42.645069204704086
11 10 48.396652769729464
11 11 45.00904526012553
11 12 42.75628991633973
11 13 35.72910276636399
11 14 35.24340504908019
11 15 34.388819611224264
11 16 34.08938034916555
11 17 32.90955816382643
11 18 30.072604063450846
11 19 29.54165049485613
11 20 30.242892534462634
11 21 26.803719823046595
11 22 29.6447053624856
11 23 30.29092717244854
11 24 28.44312570494283
11 25 26.74659247420342
11 26 27.661913890491867
11 27 26.924831363282834
11 28 25.152104590406715
11 29 27.271557805092872
12 0 27.275047082652893
12 1 27.736748845238438
12 2 27.51216036668636
12 3 28.156590383059694
12 4 30.716594934230216
12 5 33.39924794723808
12 6 35.25829335116567
12 7 33.465329345518356
12 8 35.61453655198928
12 9 41.03540331427806
12 10 38.8601355038304
12 11 42.75628991633973
12 12 38.732142755687214
12 13 36.97451846305134
12 14 34.35223538072268
12 15 37.140983128627546
12 16 31.749540250704328
12 17 32.061340657501866
12 18 32.32833955098653
12 19 30.072604063450846
12 20 31.010734086544243
12 21 30.31408066343684
12 22 28.012900604425877
12 23 30.076579060335636
12 24 30.238269197396388
12 25 28.13356692593117
12 26 25.786195842250926
12 27 27.309031231077128
12 28 25.611568883529262
12 29 26.581822786534943
13 0 25.68830416931276
13 1 25.43889076019662
13 2 27.49396299645571
13 3 30.302222866338575
13 4 29.65515462308144
13 5 31.02454318827608
13 6 34.19013684935612
13 7 35.78120307624505
13 8 36.30638370230343
13 9 39.45799486724173
13 10 37.36095916518299
13 11 35.72910276636399
13 12 36.97451846305134
13 13 35.635083534035395
13 14 37.421350250936904
13 15 33.37448534086003
13 16 33.10480370699376
13 17 31.376004427691118
13 18 32.061340657501866
13 19 32.90955816382643
13 20 31.42722768306066
13 21 31.470131946126706
13 22 30.5162867794846
13 23 29.698566415364862
13 24 29.522907188456845
13 25 29.028733272825416
13 26 28.28454742971282
13 27 26.885249986489356
13 28 25.31789223243418
13 29 25.57646390978405
14 0 24.43366289089432
14 1 27.783622307955937
14 2 25.99310839768884
14 3 28.401598854826744
14 4 27.958992161472906
14 5 29.77686445717256
14 6 31.394763271756148
14 7 32.93587861955302
14 8 33.22140187630246
14 9 34.45421488803256
14 10 34.720475721468446
14 11 35.24340504908019
14 12 34.35223538072268
14 13 37.421350250936904
14 14 33.88110526715041
14 15 34.2248928130319
14 16 33.721517415393414
14 17 33.10480370699376
14 18 31.749540250704328
14 19 34.08938034916555
14 20 32.41519023437792
14 21 33.07875309763778
14 22 31.89336813424903
14 23 30.611972547898215
14 24 30.320562811624683
14 25 28.886435512136504
14 26 28.794681798214526
14 27 26.336793946469793
14 28 27.3470670681743
14 29 25.38469143562804
15 0 24.919232790684074
15 1 27.65653098762045
15 2 26.687540324658467
15 3 28.01958788703206
15 4 29.977009516157135
15 5 29.117239664565318
15 6 29.41825472382217
15 7 33.7362137418244
15 8 33.38933622307746
15 9 35.92583181479177
15 10 32.27396525762545
15 11 34.388819611224264
15 12 37.140983128627546
15 13 33.37448534086003
15 14 34.2248928130319
15 15 32.850698692994364
15 16 34.2248928130319
15 17 33.37448534086003
15 18 37.140983128627546
15 19 34.388819611224264
15 20 32.27396525762545
15 21 35.92583181479177
15 22 33.38933622307746
15 23 33.7362137418244
15 24 29.41825472382217
15 25 29.117239664565318
15 26 29.977009516157135
15 27 28.01958788703206
15 28 26.687540324658467
15 29 27.65653098762045
16 0 25.527351149275944
16 1 25.38469143562804
16 2 27.3470670681743
16 3 26.336793946469793
16 4 28.794681798214526
16 5 28.886435512136504
16 6 30.320562811624683
16 7 30.611972547898215
16 8 31.89336813424903
16 9 33.07875309763778
16 10 32.41519023437792
16 11 34.08938034916555
16 12 31.749540250704328
16 13 33.10480370699376
16 14 33.721517415393414
16 15 34.2248928130319
16 16 33.88110526715041
16 17 37.421350250936904
16 18 34.35223538072268
16 19 35.24340504908019
16 20 34.720475721468446
16 21 34.45421488803256
16 22 33.22140187630246
16 23 32.93587861955302
16 24 31.394763271756148
16 25 29.77686445717256
16 26 27.958992161472906
16 27 28.401598854826744
16 28 25.99310839768884
16 29 27.783622307955937
17 0 25.800532170366868
17 1 25.57646390978405
17 2 25.31789223243418
17 3 26.885249986489356
17 4 28.28454742971282
17 5 29.028733272825416
17 6 29.522907188456845
17 7 29.698566415364862
17 8 30.5162867794846
17 9 31.470131946126706
17 10 31.42722768306066
17 11 32.90955816382643
17 12 32.061340657501866
17 13 31.376004427691118
17 14 33.10480370699376
17 15 33.37448534086003
17 16 37.421350250936904
17 17 35.635083534035395
17 18 36.97451846305134
17 19 35.72910276636399
17 20 37.36095916518299
17 21 39.45799486724173
17 22 36.30638370230343
17 23 35.78120307624505
17 24 34.19013684935612
17 25 31.02454318827608
17 26 29.65515462308144
17 27 30.302222866338575
17 28 27.49396299645571
17 29 25.43889076019662
18 0 24.865131511303566
18 1 26.581822786534943
18 2 25.611568883529262
18 3 27.309031231077128
18 4 25.786195842250926
18 5 28.13356692593117
18 6 30.238269197396388
18 7 30.076579060335636
18 8 28.012900604425877
18 9 30.31408066343684
18 10 31.010734086544243
18 11 30.072604063450846
18 12 32.32833955098653
18 13 32.061340657501866
18 14 31.749540250704328
18 15 37.140983128627546
18 16 34.35223538072268
18 17 36.97451846305134
18 18 38.732142755687214
18 19 42.75628991633973
18 20 38.8601355038304
18 21 41.03540331427806
18 22 35.61453655198928
18 23 33.465329345518356
18 24 35.25829335116567
18 25 33.39924794723808
18 26 30.716594934230216
18 27 28.156590383059694
18 28 27.51216036668636
18 29 27.736748845238438
19 0 25.46898231481823
19 1 27.271557805092872
19 2 25.152104590406715
19 3 26.924831363282834
19 4 27.661913890491867
19 5 26.74659247420342
19 6 28.44312570494283
19 7 30.29092717244854
19 8 29.6447053624856
19 9 26.803719823046595
19 10 30.242892534462634
19 11 29.54165049485613
19 12 30.072604063450846
19 13 32.90955816382643
19 14 34.08938034916555
19 15 34.388819611224264
19 16 35.24340504908019
19 17 35.72910276636399
19 18 42.75628991633973
19 19 45.00904526012553
19 20 48.396652769729464
19 21 42.645069204704086
19 22 42.20214026422373
19 23 36.26846381279453
19 24 36.331675253177856
19 25 32.74409234444063
19 26 31.98187021524238
19 27 29.237534841132018
19 28 28.486408032782744
19 29 26.88531827186502
20 0 25.966112730632222
20 1 24.864486050712735
20 2 25.907371066290434
20 3 24.447168723266877
20 4 25.961115350474344
20 5 27.957252144420412
20 6 26.817678176163426
20 7 29.356385300010576
20 8 29.239291147968736
20 9 28.994450275525217
20 10 26.184602206128872
20 11 30.242892534462634
20 12 31.010734086544243
20 13 31.42722768306066
20 14 32.41519023437792
20 15 32.27396525762545
20 16 34.720475721468446
20 17 37.36095916518299
20 18 38.8601355038304
20 19 48.396652769729464
20 20 89.32146538419633
20 21 47.20754781553797
20 22 42.47644984555717
20 23 38.135685821658086
20 24 35.58138858927214
20 25 32.840671671924504
20 26 31.76234702556433
20 27 29.222461000482667
20 28 29.047835317233364
20 29 27.783499513835864
21 0 25.23887486563023
21 1 26.163361863255684
21 2 26.76003629683786
21 3 24.588674971738953
21 4 25.042329463260455
21 5 25.44672038876022
21 6 28.72694457599078
21 7 25.424278106226673
21 8 27.091708138605913
21 9 29.151072077776316
21 10 28.994450275525217
21 11 26.803719823046595
21 12 30.31408066343684
21 13 31.470131946126706
21 14 33.07875309763778
21 15 35.92583181479177
21 16 34.45421488803256
21 17 39.45799486724173
21 18 41.03540331427806
21 19 42.645069204704086
21 20 47.20754781553797
21 21 48.65436236364741
21 22 38.62455462579895
21 23 35.45575815761503
21 24 33.691538084899214
21 25 31.57423327957734
21 26 29.426449148989263
21 27 29.28915644546225
21 28 27.332833420636135
21 29 26.025593598407117
22 0 24.767802919577232
22 1 24.271841094135116
22 2 25.857103541318736
22 3 26.84975386982922
22 4 24.157667193412397
22 5 24.908921112914516
22 6 25.32286464970727
22 7 27.143244003121538
22 8 26.183289779112815
22 9 27.091708138605913
22 10 29.239291147968736
22 11 29.6447053624856
22 12 28.012900604425877
22 13 30.5162867794846
22 14 31.89336813424903
22 15 33.38933622307746
22 16 33.22140187630246
22 17 36.30638370230343
22 18 35.61453655198928
22 19 42.20214026422373
22 20 42.47644984555717
22 21 38.62455462579895
22 22 38.623747119229606
22 23 36.932956660524525
22 24 35.48871956233129
22 25 28.869766850391795
22 26 30.058827168674515
22 27 30.745055745084695
22 28 26.022838831227553
22 29 27.16885479119757
23 0 25.693649570504974
23 1 24.298516691784528
23 2 25.60226775080631
23 3 25.841222246127202
23 4 26.4883336530349
23 5 25.66030335884012
23 6 27.990349838191502
23 7 26.181586425520226
23 8 27.143244003121538
23 9 25.424278106226673
23 10 29.356385300010576
23 11 30.29092717244854
23 12 30.076579060335636
23 13 29.698566415364862
23 14 30.611972547898215
23 15 33.7362137418244
23 16 32.93587861955302
23 17 35.78120307624505
23 18 33.465329345518356
23 19 36.26846381279453
23 20 38.135685821658086
23 21 35.45575815761503
23 22 36.932956660524525
23 23 35.19540046643211
23 24 34.185977128180674
23 25 32.66715714733678
23 26 28.833040209345402
23 27 28.470141523673455
23 28 27.637512654459446
23 29 25.878103595172426
24 0 26.10076200936232
24 1 26.383894141103276
24 2 24.78492356508952
24 3 26.672931529200763
24 4 25.412059229640636
24 5 26.238580051879225
24 6 24.895026428180927
24 7 27.990349838191502
24 8 25.32286464970727
24 9 28.72694457599078
24 10 26.817678176163426
24 11 28.44312570494283
24 12 30.238269197396388
24 13 29.522907188456845
24 14 30.320562811624683
24 15 29.41825472382217
24 16 31.394763271756148
24 17 34.19013684935612
24 18 35.25829335116567
24 19 36.331675253177856
24 20 35.58138858927214
24 21 33.691538084899214
24 22 35.48871956233129
24 23 34.185977128180674
24 24 33.82136438648525
24 25 30.482801012363797
24 26 29.74756327098367
24 27 27.881281435866384
24 28 27.75533197405752
24 29 26.526480850020768
25 0 25.107477443353417
25 1 27.229809703916114
25 2 27.13133097244844
25 3 25.646800454188377
25 4 24.21468298638188
25 5 25.886587451219782
25 6 26.238580051879225
25 7 25.66030335884012
25 8 24.908921112914516
25 9 25.44672038876022
25 10 27.957252144420412
25 11 26.74659247420342
25 12 28.13356692593117
25 13 29.028733272825416
25 14 28.886435512136504
25 15 29.117239664565318
25 16 29.77686445717256
25 17 31.02454318827608
25 18 33.39924794723808
25 19 32.74409234444063
25 20 32.840671671924504
25 21 31.57423327957734
25 22 28.869766850391795
25 23 32.66715714733678
25 24 30.482801012363797
25 25 30.617593356898166
25 26 27.48009340115532
25 27 25.713262558514604
25 28 27.46624027338124
25 29 27.07965017855399
26 0 24.38451505342827
26 1 25.387456863941736
26 2 24.7302256462258
26 3 25.412184433998334
26 4 25.06626467434515
26 5 24.21468298638188
26 6 25.412059229640636
26 7 26.4883336530349
26 8 24.157667193412397
26 9 25.042329463260455
26 10 25.961115350474344
26 11 27.661913890491867
26 12 25.786195842250926
26 13 28.28454742971282
26 14 28.794681798214526
26 15 29.977009516157135
26 16 27.958992161472906
26 17 29.65515462308144
26 18 30.716594934230216
26 19 31.98187021524238
26 20 31.76234702556433
26 21 29.426449148989263
26 22 30.058827168674515
26 23 28.833040209345402
26 24 29.74756327098367
26 25 27.48009340115532
26 26 27.069599609731842
26 27 27.499600016575968
26 28 24.61061862963463
26 29 26.328416326992993
27 0 23.406503880596404
27 1 24.331047113103192
27 2 23.947300382074495
27 3 26.850371073504384
27 4 25.412184433998334
27 5 25.646800454188377
27 6 26.672931529200763
27 7 25.841222246127202
27 8 26.84975386982922
27 9 24.588674971738953
27 10 24.447168723266877
27 11 26.924831363282834
27 12 27.309031231077128
27 13 26.885249986489356
27 14 26.336793946469793
27 15 28.01958788703206
27 16 28.401598854826744
27 17 30.302222866338575
27 18 28.156590383059694
27 19 29.237534841132018
27 20 29.222461000482667
27 21 29.28915644546225
27 22 30.745055745084695
27 23 28.470141523673455
27 24 27.881281435866384
27 25 25.713262558514604
27 26 27.499600016575968
27 27 25.55316534258915
27 28 26.12081567117223
27 29 24.72523412475368
28 0 23.99594610104484
28 1 25.013178552874287
28 2 26.153975681228907
28 3 23.947300382074495
28 4 24.7302256462258
28 5 27.13133097244844
28 6 24.78492356508952
28 7 25.60226775080631
28 8 25.857103541318736
28 9 26.76003629683786
28 10 25.907371066290434
28 11 25.152104590406715
28 12 25.611568883529262
28 13 25.31789223243418
28 14 27.3470670681743
28 15 26.687540324658467
28 16 25.99310839768884
28 17 27.49396299645571
28 18 27.51216036668636
28 19 28.486408032782744
28 20 29.047835317233364
28 21 27.332833420636135
28 22 26.022838831227553
28 23 27.637512654459446
28 24 27.75533197405752
28 25 27.46624027338124
28 26 24.61061862963463
28 27 26.12081567117223
28 28 26.311730099886756
28 29 25.65338288405441
29 0 24.613036265785432
29 1 24.406061535461337
29 2 25.013178552874287
29 3 24.331047113103192
29 4 25.387456863941736
29 5 27.229809703916114
29 6 26.383894141103276
29 7 24.298516691784528
29 8 24.271841094135116
29 9 26.163361863255684
29 10 24.864486050712735
29 11 27.271557805092872
29 12 26.581822786534943
29 13 25.57646390978405
29 14 25.38469143562804
29 15 27.65653098762045
29 16 27.783622307955937
29 17 25.43889076019662
29 18 27.736748845238438
29 19 26.88531827186502
29 20 27.783499513835864
29 21 26.025593598407117
29 22 27.16885479119757
29 23 25.878103595172426
29 24 26.526480850020768
29 25 27.07965017855399
29 26 26.328416326992993
29 27 24.72523412475368
29 28 25.65338288405441
29 29 24.333011905891755
