0 0 23.45448576721847
0 1 24.685917153146775
0 2 24.78061658771743
0 3 25.859062341642364
0 4 23.818575478497714
0 5 25.160418837920115
0 6 25.50459850021337
0 7 28.88392137349572
0 8 24.795221628209518
0 9 24.90871436185372
0 10 25.209179914122142
0 11 26.158881767737824
0 12 25.801413547681765
0 13 25.543787292515443
0 14 25.38811656058082
0 15 26.532569741543377
0 16 26.243521698082755
0 17 26.42086979600181
0 18 27.40153368930829
0 19 24.521197324490927
0 20 26.163361863255684
0 21 24.255458173743115
0 22 25.696999197829903
0 23 25.94532842267793
0 24 25.47827046972132
0 25 22.87008737831321
0 26 25.422052071051027
0 27 24.615877325396067
0 28 23.147567771044134
0 29 25.665274432095853
1 0 24.685917153146775
1 1 25.442734889536503
1 2 25.420559392497548
1 3 24.92426494169457
1 4 24.620961567875874
1 5 27.65852036392741
1 6 25.7760184730169
1 7 25.012695361352893
1 8 25.725539113573397
1 9 26.68162699691335
1 10 27.756532505145284
1 11 25.912803232741
1 12 24.422717587257328
1 13 25.62966203106309
1 14 26.915320561970287
1 15 26.41737987929087
1 16 25.442960504405395
1 17 24.652378964288637
1 18 24.96925499528793
1 19 25.907371066290434
1 20 26.597262355317444
1 21 24.868046564107114
1 22 26.005778505675806
1 23 24.524773437924768
1 24 26.418012424360136
1 25 26.88540091768843
1 26 25.63156444319992
1 27 25.43954784214643
1 28 24.806793141787765
1 29 24.211584254540714
2 0 24.78061658771743
2 1 25.420559392497548
2 2 25.647784287322708
2 3 25.876553132730834
2 4 26.769647587428196
2 5 25.608700327460287
2 6 28.305277918293037
2 7 26.524792103616218
2 8 25.43889076019662
2 9 27.308272803401056
2 10 25.971047848996275
2 11 25.895206830440422
2 12 25.857580903714307
2 13 26.66544538855094
2 14 26.639878031218384
2 15 27.254362207941405
2 16 26.511916289687296
2 17 26.109498525512716
2 18 26.924831363282834
2 19 25.947422326780508
2 20 25.505139726233423
2 21 25.96529585954519
2 22 27.789103759735386
2 23 24.83708744490888
2 24 24.28869655259392
2 25 24.92809840912328
2 26 26.241454896557897
2 27 23.59609904374804
2 28 22.946846355345194
2 29 24.806793141787765
3 0 25.859062341642364
3 1 24.92426494169457
3 2 25.876553132730834
3 3 25.85301651779952
3 4 24.52155589392545
3 5 24.655007119526097
3 6 28.786995735698206
3 7 25.91171624058435
3 8 28.81192632920585
3 9 29.0549746390041
3 10 28.976703339750564
3 11 29.404516861663932
3 12 28.20703313260477
3 13 29.221482677427325
3 14 28.28709840156836
3 15 27.825305772086413
3 16 27.436990525735855
3 17 25.786195842250926
3 18 27.910768952682904
3 19 25.00685788171855
3 20 26.631021881300608
3 21 25.079105062800174
3 22 25.44751948832758
3 23 24.696701996173818
3 24 25.16571487477037
3 25 26.585283271186302
3 26 24.77363989657348
3 27 25.28545201765715
3 28 23.59609904374804
3 29 25.43954784214643
4 0 23.818575478497714
4 1 24.620961567875874
4 2 26.769647587428196
4 3 24.52155589392545
4 4 27.192668191786993
4 5 29.78190146231558
4 6 26.510535870744587
4 7 29.5369527861
4 8 30.545756270090642
4 9 28.83838892562358
4 10 27.46347737315944
4 11 28.297264608009925
4 12 29.362079264196495
4 13 29.542582595253098
4 14 28.532364329231996
4 15 26.43267743038776
4 16 29.028733272825416
4 17 29.052421438650942
4 18 27.044471254484726
4 19 26.261523841335784
4 20 29.3124022462136
4 21 28.0678103518233
4 22 25.744893707067607
4 23 25.762821977992722
4 24 24.98623447699483
4 25 26.374039518468066
4 26 23.59252305039986
4 27 24.77363989657348
4 28 26.241454896557897
4 29 25.63156444319992
5 0 25.160418837920115
5 1 27.65852036392741
5 2 25.608700327460287
5 3 24.655007119526097
5 4 29.78190146231558
5 5 27.65859883997059
5 6 30.986705483556243
5 7 28.515205205288108
5 8 28.61626817811751
5 9 31.023788611767618
5 10 31.78365610704038
5 11 29.00396759256885
5 12 30.09226010330929
5 13 31.009283687045617
5 14 31.025563205397745
5 15 30.320562811624683
5 16 29.96597058214261
5 17 28.99113492256924
5 18 29.657025905228227
5 19 27.745149945432118
5 20 25.586556972370758
5 21 26.420999974952917
5 22 26.269311565151465
5 23 25.900069242176386
5 24 26.319983681404842
5 25 25.449510845195167
5 26 26.374039518468066
5 27 26.585283271186302
5 28 24.92809840912328
5 29 26.88540091768843
6 0 25.50459850021337
6 1 25.7760184730169
6 2 28.305277918293037
6 3 28.786995735698206
6 4 26.510535870744587
6 5 30.986705483556243
6 6 29.81398386183278
6 7 29.737268276177904
6 8 33.50936509266265
6 9 33.00494055993611
6 10 31.975753565796374
6 11 35.636797092017126
6 12 33.0444605785775
6 13 32.59795534493323
6 14 33.7362137418244
6 15 30.819932056756922
6 16 27.112814247297255
6 17 27.49309715879346
6 18 28.609952074826662
6 19 29.24822265437229
6 20 28.2599696531375
6 21 25.203540463672795
6 22 26.02014104607946
6 23 25.47066504420034
6 24 26.796148036800115
6 25 26.319983681404842
6 26 24.98623447699483
6 27 25.16571487477037
6 28 24.28869655259392
6 29 26.418012424360136
7 0 28.88392137349572
7 1 25.012695361352893
7 2 26.524792103616218
7 3 25.91171624058435
7 4 29.5369527861
7 5 28.515205205288108
7 6 29.737268276177904
7 7 30.670537391096484
7 8 34.06458330693297
7 9 33.53060295469727
7 10 36.30140762668812
7 11 35.31802628643115
7 12 35.257554123641505
7 13 33.22140187630246
7 14 33.22184479873207
7 15 33.839055712748355
7 16 32.77017818546889
7 17 32.14995734243746
7 18 28.487610942723315
7 19 29.30821839145449
7 20 30.17220208776976
7 21 29.670461962454322
7 22 27.859608466504074
7 23 27.462408131391033
7 24 25.47066504420034
7 25 25.900069242176386
7 26 25.762821977992722
7 27 24.696701996173818
7 28 24.83708744490888
7 29 24.524773437924768
8 0 24.795221628209518
8 1 25.725539113573397
8 2 25.43889076019662
8 3 28.81192632920585
8 4 30.545756270090642
8 5 28.61626817811751
8 6 33.50936509266265
8 7 34.06458330693297
8 8 36.43047907750563
8 9 36.5221545840132
8 10 37.05005531710005
8 11 38.38229790546701
8 12 39.45799486724173
8 13 37.20518990150898
8 14 34.31342512780615
8 15 33.596225606969085
8 16 34.00326099806015
8 17 29.146974916439007
8 18 29.741265380917838
8 19 29.25206003704369
8 20 30.09634061820907
8 21 29.780289497397526
8 22 29.127353095636867
8 23 27.859608466504074
8 24 26.02014104607946
8 25 26.269311565151465
8 26 25.744893707067607
8 27 25.44751948832758
8 28 27.789103759735386
8 29 26.005778505675806
9 0 24.90871436185372
9 1 26.68162699691335
9 2 27.308272803401056
9 3 29.0549746390041
9 4 28.83838892562358
9 5 31.023788611767618
9 6 33.00494055993611
9 7 33.53060295469727
9 8 36.5221545840132
9 9 38.370869808150246
9 10 38.58094520969035
9 11 38.8601355038304
9 12 43.60694051389987
9 13 36.087781118296434
9 14 35.96711374457623
9 15 32.98007948225228
9 16 36.782684698700166
9 17 29.726366444754976
9 18 30.19261505277619
9 19 30.069349157194086
9 20 29.031463518292746
9 21 31.760786201826775
9 22 29.780289497397526
9 23 29.670461962454322
9 24 25.203540463672795
9 25 26.420999974952917
9 26 28.0678103518233
9 27 25.079105062800174
9 28 25.96529585954519
9 29 24.868046564107114
10 0 25.209179914122142
10 1 27.756532505145284
10 2 25.971047848996275
10 3 28.976703339750564
10 4 27.46347737315944
10 5 31.78365610704038
10 6 31.975753565796374
10 7 36.30140762668812
10 8 37.05005531710005
10 9 38.58094520969035
10 10 45.00904526012553
10 11 47.081038955817746
10 12 44.930760822653454
10 13 39.077510810244384
10 14 37.78165976227328
10 15 34.54743645806634
10 16 34.28666233048246
10 17 35.535160519906384
10 18 33.634752897172895
10 19 29.78272068640367
10 20 29.54165049485613
10 21 29.031463518292746
10 22 30.09634061820907
10 23 30.17220208776976
10 24 28.2599696531375
10 25 25.586556972370758
10 26 29.3124022462136
10 27 26.631021881300608
10 28 25.505139726233423
10 29 26.597262355317444
11 0 26.158881767737824
11 1 25.912803232741
11 2 25.895206830440422
11 3 29.404516861663932
11 4 28.297264608009925
11 5 29.00396759256885
11 6 35.636797092017126
11 7 35.31802628643115
11 8 38.38229790546701
11 9 38.8601355038304
11 10 47.081038955817746
11 11 89.48269787076768
11 12 48.40435974143658
11 13 41.39690257851854
11 14 38.08830072383868
11 15 36.76053988184797
11 16 33.592125264360355
11 17 34.192908827673755
11 18 30.779503288759905
11 19 31.80187826582032
11 20 29.78272068640367
11 21 30.069349157194086
11 22 29.25206003704369
11 23 29.30821839145449
11 24 29.24822265437229
11 25 27.745149945432118
11 26 26.261523841335784
11 27 25.00685788171855
11 28 25.947422326780508
11 29 25.907371066290434
12 0 25.801413547681765
12 1 24.422717587257328
12 2 25.857580903714307
12 3 28.20703313260477
12 4 29.362079264196495
12 5 30.09226010330929
12 6 33.0444605785775
12 7 35.257554123641505
12 8 39.45799486724173
12 9 43.60694051389987
12 10 44.930760822653454
12 11 48.40435974143658
12 12 46.00477993550924
12 13 40.5926015577145
12 14 37.73836982370363
12 15 36.662162118856976
12 16 36.19533785602255
12 17 34.26844073655631
12 18 32.850698692994364
12 19 30.779503288759905
12 20 33.634752897172895
12 21 30.19261505277619
12 22 29.741265380917838
12 23 28.487610942723315
12 24 28.609952074826662
12 25 29.657025905228227
12 26 27.044471254484726
12 27 27.910768952682904
12 28 26.924831363282834
12 29 24.96925499528793
13 0 25.543787292515443
13 1 25.62966203106309
13 2 26.66544538855094
13 3 29.221482677427325
13 4 29.542582595253098
13 5 31.009283687045617
13 6 32.59795534493323
13 7 33.22140187630246
13 8 37.20518990150898
13 9 36.087781118296434
13 10 39.077510810244384
13 11 41.39690257851854
13 12 40.5926015577145
13 13 36.06152063348066
13 14 36.85327504978253
13 15 35.29665929138747
13 16 35.3607529703366
13 17 34.15290160614879
13 18 34.26844073655631
13 19 34.192908827673755
13 20 35.535160519906384
13 21 29.726366444754976
13 22 29.146974916439007
13 23 32.14995734243746
13 24 27.49309715879346
13 25 28.99113492256924
13 26 29.052421438650942
13 27 25.786195842250926
13 28 26.109498525512716
13 29 24.652378964288637
14 0 25.38811656058082
14 1 26.915320561970287
14 2 26.639878031218384
14 3 28.28709840156836
14 4 28.532364329231996
14 5 31.025563205397745
14 6 33.7362137418244
14 7 33.22184479873207
14 8 34.31342512780615
14 9 35.96711374457623
14 10 37.78165976227328
14 11 38.08830072383868
14 12 37.73836982370363
14 13 36.85327504978253
14 14 36.179245860705706
14 15 37.61426269142123
14 16 36.43873931160238
14 17 35.3607529703366
14 18 36.19533785602255
14 19 33.592125264360355
14 20 34.28666233048246
14 21 36.782684698700166
14 22 34.00326099806015
14 23 32.77017818546889
14 24 27.112814247297255
14 25 29.96597058214261
14 26 29.028733272825416
14 27 27.436990525735855
14 28 26.511916289687296
14 29 25.442960504405395
15 0 26.532569741543377
15 1 26.41737987929087
15 2 27.254362207941405
15 3 27.825305772086413
15 4 26.43267743038776
15 5 30.320562811624683
15 6 30.819932056756922
15 7 33.839055712748355
15 8 33.596225606969085
15 9 32.98007948225228
15 10 34.54743645806634
15 11 36.76053988184797
15 12 36.662162118856976
15 13 35.29665929138747
15 14 37.61426269142123
15 15 35.13475222660439
15 16 37.61426269142123
15 17 35.29665929138747
15 18 36.662162118856976
15 19 36.76053988184797
15 20 34.54743645806634
15 21 32.98007948225228
15 22 33.596225606969085
15 23 33.839055712748355
15 24 30.819932056756922
15 25 30.320562811624683
15 26 26.43267743038776
15 27 27.825305772086413
15 28 27.254362207941405
15 29 26.41737987929087
16 0 26.243521698082755
16 1 25.442960504405395
16 2 26.511916289687296
16 3 27.436990525735855
16 4 29.028733272825416
16 5 29.96597058214261
16 6 27.112814247297255
16 7 32.77017818546889
16 8 34.00326099806015
16 9 36.782684698700166
16 10 34.28666233048246
16 11 33.592125264360355
16 12 36.19533785602255
16 13 35.3607529703366
16 14 36.43873931160238
16 15 37.61426269142123
16 16 36.179245860705706
16 17 36.85327504978253
16 18 37.73836982370363
16 19 38.08830072383868
16 20 37.78165976227328
16 21 35.96711374457623
16 22 34.31342512780615
16 23 33.22184479873207
16 24 33.7362137418244
16 25 31.025563205397745
16 26 28.532364329231996
16 27 28.28709840156836
16 28 26.639878031218384
16 29 26.915320561970287
17 0 26.42086979600181
17 1 24.652378964288637
17 2 26.109498525512716
17 3 25.786195842250926
17 4 29.052421438650942
17 5 28.99113492256924
17 6 27.49309715879346
17 7 32.14995734243746
17 8 29.146974916439007
17 9 29.726366444754976
17 10 35.535160519906384
17 11 34.192908827673755
17 12 34.26844073655631
17 13 34.15290160614879
17 14 35.3607529703366
17 15 35.29665929138747
17 16 36.85327504978253
17 17 36.06152063348066
17 18 40.5926015577145
17 19 41.39690257851854
17 20 39.077510810244384
17 21 36.087781118296434
17 22 37.20518990150898
17 23 33.22140187630246
17 24 32.59795534493323
17 25 31.009283687045617
17 26 29.542582595253098
17 27 29.221482677427325
17 28 26.66544538855094
17 29 25.62966203106309
18 0 27.40153368930829
18 1 24.96925499528793
18 2 26.924831363282834
18 3 27.910768952682904
18 4 27.044471254484726
18 5 29.657025905228227
18 6 28.609952074826662
18 7 28.487610942723315
18 8 29.741265380917838
18 9 30.19261505277619
18 10 33.634752897172895
18 11 30.779503288759905
18 12 32.850698692994364
18 13 34.26844073655631
18 14 36.19533785602255
18 15 36.662162118856976
18 16 37.73836982370363
18 17 40.5926015577145
18 18 46.00477993550924
18 19 48.40435974143658
18 20 44.930760822653454
18 21 43.60694051389987
18 22 39.45799486724173
18 23 35.257554123641505
18 24 33.0444605785775
18 25 30.09226010330929
18 26 29.362079264196495
18 27 28.20703313260477
18 28 25.857580903714307
18 29 24.422717587257328
19 0 24.521197324490927
19 1 25.907371066290434
19 2 25.947422326780508
19 3 25.00685788171855
19 4 26.261523841335784
19 5 27.745149945432118
19 6 29.24822265437229
19 7 29.30821839145449
19 8 29.25206003704369
19 9 30.069349157194086
19 10 29.78272068640367
19 11 31.80187826582032
19 12 30.779503288759905
19 13 34.192908827673755
19 14 33.592125264360355
19 15 36.76053988184797
19 16 38.08830072383868
19 17 41.39690257851854
19 18 48.40435974143658
19 19 89.48269787076768
19 20 47.081038955817746
19 21 38.8601355038304
19 22 38.38229790546701
19 23 35.31802628643115
19 24 35.636797092017126
19 25 29.00396759256885
19 26 28.297264608009925
19 27 29.404516861663932
19 28 25.895206830440422
19 29 25.912803232741
20 0 26.163361863255684
20 1 26.597262355317444
20 2 25.505139726233423
20 3 26.631021881300608
20 4 29.3124022462136
20 5 25.586556972370758
20 6 28.2599696531375
20 7 30.17220208776976
20 8 30.09634061820907
20 9 29.031463518292746
20 10 29.54165049485613
20 11 29.78272068640367
20 12 33.634752897172895
20 13 35.535160519906384
20 14 34.28666233048246
20 15 34.54743645806634
20 16 37.78165976227328
20 17 39.077510810244384
20 18 44.930760822653454
20 19 47.081038955817746
20 20 45.00904526012553
20 21 38.58094520969035
20 22 37.05005531710005
20 23 36.30140762668812
20 24 31.975753565796374
20 25 31.78365610704038
20 26 27.46347737315944
20 27 28.976703339750564
20 28 25.971047848996275
20 29 27.756532505145284
21 0 24.255458173743115
21 1 24.868046564107114
21 2 25.96529585954519
21 3 25.079105062800174
21 4 28.0678103518233
21 5 26.420999974952917
21 6 25.203540463672795
21 7 29.670461962454322
21 8 29.780289497397526
21 9 31.760786201826775
21 10 29.031463518292746
21 11 30.069349157194086
21 12 30.19261505277619
21 13 29.726366444754976
21 14 36.782684698700166
21 15 32.98007948225228
21 16 35.96711374457623
21 17 36.087781118296434
21 18 43.60694051389987
21 19 38.8601355038304
21 20 38.58094520969035
21 21 38.370869808150246
21 22 36.5221545840132
21 23 33.53060295469727
21 24 33.00494055993611
21 25 31.023788611767618
21 26 28.83838892562358
21 27 29.0549746390041
21 28 27.308272803401056
21 29 26.68162699691335
22 0 25.696999197829903
22 1 26.005778505675806
22 2 27.789103759735386
22 3 25.44751948832758
22 4 25.744893707067607
22 5 26.269311565151465
22 6 26.02014104607946
22 7 27.859608466504074
22 8 29.127353095636867
22 9 29.780289497397526
22 10 30.09634061820907
22 11 29.25206003704369
22 12 29.741265380917838
22 13 29.146974916439007
22 14 34.00326099806015
22 15 33.596225606969085
22 16 34.31342512780615
22 17 37.20518990150898
22 18 39.45799486724173
22 19 38.38229790546701
22 20 37.05005531710005
22 21 36.5221545840132
22 22 36.43047907750563
22 23 34.06458330693297
22 24 33.50936509266265
22 25 28.61626817811751
22 26 30.545756270090642
22 27 28.81192632920585
22 28 25.43889076019662
22 29 25.725539113573397
23 0 25.94532842267793
23 1 24.524773437924768
23 2 24.83708744490888
23 3 24.696701996173818
23 4 25.762821977992722
23 5 25.900069242176386
23 6 25.47066504420034
23 7 27.462408131391033
23 8 27.859608466504074
23 9 29.670461962454322
23 10 30.17220208776976
23 11 29.30821839145449
23 12 28.487610942723315
23 13 32.14995734243746
23 14 32.77017818546889
23 15 33.839055712748355
23 16 33.22184479873207
23 17 33.22140187630246
23 18 35.257554123641505
23 19 35.31802628643115
23 20 36.30140762668812
23 21 33.53060295469727
23 22 34.06458330693297
23 23 30.670537391096484
23 24 29.737268276177904
23 25 28.515205205288108
23 26 29.5369527861
23 27 25.91171624058435
23 28 26.524792103616218
23 29 25.012695361352893
24 0 25.47827046972132
24 1 26.418012424360136
24 2 24.28869655259392
24 3 25.16571487477037
24 4 24.98623447699483
24 5 26.319983681404842
24 6 26.796148036800115
24 7 25.47066504420034
24 8 26.02014104607946
24 9 25.203540463672795
24 10 28.2599696531375
24 11 29.24822265437229
24 12 28.609952074826662
24 13 27.49309715879346
24 14 27.112814247297255
24 15 30.819932056756922
24 16 33.7362137418244
24 17 32.59795534493323
24 18 33.0444605785775
24 19 35.636797092017126
24 20 31.975753565796374
24 21 33.00494055993611
24 22 33.50936509266265
24 23 29.737268276177904
24 24 29.81398386183278
24 25 30.986705483556243
24 26 26.510535870744587
24 27 28.786995735698206
24 28 28.305277918293037
24 29 25.7760184730169
25 0 22.87008737831321
25 1 26.88540091768843
25 2 24.92809840912328
25 3 26.585283271186302
25 4 26.374039518468066
25 5 25.449510845195167
25 6 26.319983681404842
25 7 25.900069242176386
25 8 26.269311565151465
25 9 26.420999974952917
25 10 25.586556972370758
25 11 27.745149945432118
25 12 29.657025905228227
25 13 28.99113492256924
25 14 29.96597058214261
25 15 30.320562811624683
25 16 31.025563205397745
25 17 31.009283687045617
25 18 30.09226010330929
25 19 29.00396759256885
25 20 31.78365610704038
25 21 31.023788611767618
25 22 28.61626817811751
25 23 28.515205205288108
25 24 30.986705483556243
25 25 27.65859883997059
25 26 29.78190146231558
25 27 24.655007119526097
25 28 25.608700327460287
25 29 27.65852036392741
26 0 25.422052071051027
26 1 25.63156444319992
26 2 26.241454896557897
26 3 24.77363989657348
26 4 23.59252305039986
26 5 26.374039518468066
26 6 24.98623447699483
26 7 25.762821977992722
26 8 25.744893707067607
26 9 28.0678103518233
26 10 29.3124022462136
26 11 26.261523841335784
26 12 27.044471254484726
26 13 29.052421438650942
26 14 29.028733272825416
26 15 26.43267743038776
26 16 28.532364329231996
26 17 29.542582595253098
26 18 29.362079264196495
26 19 28.297264608009925
26 20 27.46347737315944
26 21 28.83838892562358
26 22 30.545756270090642
26 23 29.5369527861
26 24 26.510535870744587
26 25 29.78190146231558
26 26 27.192668191786993
26 27 24.52155589392545
26 28 26.769647587428196
26 29 24.620961567875874
27 0 24.615877325396067
27 1 25.43954784214643
27 2 23.59609904374804
27 3 25.28545201765715
27 4 24.77363989657348
27 5 26.585283271186302
27 6 25.16571487477037
27 7 24.696701996173818
27 8 25.44751948832758
27 9 25.079105062800174
27 10 26.631021881300608
27 11 25.00685788171855
27 12 27.910768952682904
27 13 25.786195842250926
27 14 27.436990525735855
27 15 27.825305772086413
27 16 28.28709840156836
27 17 29.221482677427325
27 18 28.20703313260477
27 19 29.404516861663932
27 20 28.976703339750564
27 21 29.0549746390041
27 22 28.81192632920585
27 23 25.91171624058435
27 24 28.786995735698206
27 25 24.655007119526097
27 26 24.52155589392545
27 27 25.85301651779952
27 28 25.876553132730834
27 29 24.92426494169457
28 0 23.147567771044134
28 1 24.806793141787765
28 2 22.946846355345194
28 3 23.59609904374804
28 4 26.241454896557897
28 5 24.92809840912328
28 6 24.28869655259392
28 7 24.83708744490888
28 8 27.789103759735386
28 9 25.96529585954519
28 10 25.505139726233423
28 11 25.947422326780508
28 12 26.924831363282834
28 13 26.109498525512716
28 14 26.511916289687296
28 15 27.254362207941405
28 16 26.639878031218384
28 17 26.66544538855094
28 18 25.857580903714307
28 19 25.895206830440422
28 20 25.971047848996275
28 21 27.308272803401056
28 22 25.43889076019662
28 23 26.524792103616218
28 24 28.305277918293037
28 25 25.608700327460287
28 26 26.769647587428196
28 27 25.876553132730834
28 28 25.647784287322708
28 29 25.420559392497548
29 0 25.665274432095853
29 1 24.211584254540714
29 2 24.806793141787765
29 3 25.43954784214643
29 4 25.63156444319992
29 5 26.88540091768843
29 6 26.418012424360136
29 7 24.524773437924768
29 8 26.005778505675806
29 9 24.868046564107114
29 10 26.597262355317444
29 11 25.907371066290434
29 12 24.96925499528793
29 13 24.652378964288637
29 14 25.442960504405395
29 15 26.41737987929087
29 16 26.915320561970287
29 17 25.62966203106309
29 18 24.422717587257328
29 19 25.912803232741
29 20 27.756532505145284
29 21 26.68162699691335
29 22 25.725539113573397
29 23 25.012695361352893
29 24 25.7760184730169
29 25 27.65852036392741
29 26 24.620961567875874
29 27 24.92426494169457
29 28 25.420559392497548
29 29 25.442734889536503
