0 0 23.457622512757013
0 1 24.44251954345571
0 2 23.89920236798832
0 3 24.94108912469854
0 4 25.588572547847303
0 5 23.306212117409842
0 6 24.208792902046273
0 7 23.86097954331748
0 8 25.159427572474414
0 9 25.739754446475708
0 10 26.15478433339219
0 11 24.696863987650328
0 12 24.378703519970916
0 13 25.067443214068902
0 14 24.903690470619207
0 15 25.014421113402182
0 16 25.280959544711344
0 17 26.23013521666638
0 18 27.65500259647081
0 19 25.549934552745945
0 20 25.857103541318736
0 21 26.00491099449668
0 22 24.524773437924768
0 23 26.049218305330715
0 24 25.385001041348712
0 25 24.88823448536507
0 26 25.38058490223457
0 27 23.276974099753453
0 28 22.854252708220187
0 29 24.303409862829223
1 0 24.44251954345571
1 1 24.041852521520777
1 2 24.831891578461725
1 3 24.97691261392449
1 4 26.02605769449169
1 5 25.00623754242808
1 6 24.545495621856592
1 7 25.721490174721094
1 8 26.160379545724922
1 9 25.57646390978405
1 10 25.36698162652682
1 11 25.464532043650326
1 12 24.887677134075442
1 13 26.35737652855604
1 14 26.29101290801803
1 15 28.424191172601375
1 16 25.658376466707175
1 17 26.05806552090005
1 18 24.46363779775863
1 19 24.588674971738953
1 20 25.604337664211528
1 21 27.789103759735386
1 22 25.846101116706905
1 23 25.473098783796843
1 24 23.69806236072162
1 25 26.83772360127038
1 26 25.166463159618843
1 27 24.51289349799499
1 28 25.48748869465116
1 29 22.74591521374349
2 0 23.89920236798832
2 1 24.831891578461725
2 2 27.646015530346943
2 3 24.023142342825338
2 4 25.407900482605566
2 5 25.34264244958887
2 6 23.476936276226954
2 7 25.306377495235537
2 8 25.950681692431758
2 9 25.182396087926417
2 10 26.540354698804425
2 11 26.960381778599814
2 12 27.982588795507418
2 13 26.994956843179697
2 14 28.278686982892953
2 15 26.86174855788514
2 16 27.49259174259617
2 17 28.622167762281244
2 18 25.961115350474344
2 19 25.95078185814032
2 20 25.079105062800174
2 21 25.5190810909649
2 22 24.663641484498733
2 23 25.4313196443376
2 24 25.299616485941822
2 25 25.04991406201201
2 26 25.18333125121428
2 27 26.20817554632363
2 28 25.656972793957646
2 29 25.48748869465116
3 0 24.94108912469854
3 1 24.97691261392449
3 2 24.023142342825338
3 3 25.660811208081725
3 4 25.361437994820275
3 5 26.013270028159184
3 6 25.754224526050244
3 7 26.93656510862541
3 8 27.22953799242287
3 9 28.44918572999878
3 10 26.969651695010214
3 11 27.140193700671343
3 12 27.754971226578178
3 13 28.020848834121246
3 14 28.69459868911856
3 15 27.337600074097733
3 16 27.38219055204523
3 17 26.74659247420342
3 18 27.24933831153715
3 19 29.3124022462136
3 20 27.889898316781004
3 21 24.65891027296575
3 22 25.25805305283104
3 23 24.423115025832086
3 24 26.870705251235165
3 25 25.796846919626827
3 26 23.51150141608982
3 27 27.30449551276445
3 28 26.20817554632363
3 29 24.51289349799499
4 0 25.588572547847303
4 1 26.02605769449169
4 2 25.407900482605566
4 3 25.361437994820275
4 4 24.509743545578665
4 5 27.214553947570234
4 6 27.3470670681743
4 7 26.02142652016585
4 8 27.671066589804806
4 9 29.158051599176904
4 10 29.350389839695485
4 11 28.88306908285653
4 12 29.56561475799196
4 13 27.834795774353715
4 14 29.64436007651428
4 15 29.70764784452608
4 16 30.238269197396388
4 17 29.318429730315003
4 18 27.745149945432118
4 19 26.87651863836828
4 20 27.538610754444647
4 21 27.55183131096444
4 22 26.257320409837412
4 23 26.631503435281882
4 24 23.652789766680847
4 25 27.95528892597772
4 26 25.48647919409872
4 27 23.51150141608982
4 28 25.18333125121428
4 29 25.166463159618843
5 0 23.306212117409842
5 1 25.00623754242808
5 2 25.34264244958887
5 3 26.013270028159184
5 4 27.214553947570234
5 5 27.636124277696563
5 6 26.853398600855094
5 7 27.88712214919486
5 8 29.13498896641252
5 9 28.532364329231996
5 10 28.031300498195765
5 11 29.844315238598206
5 12 32.42376341140378
5 13 30.173418490627554
5 14 29.713606405563635
5 15 29.698566415364862
5 16 28.59780854042601
5 17 28.609952074826662
5 18 29.5669419731296
5 19 30.52540954033731
5 20 28.23413027157754
5 21 26.00258814945714
5 22 25.99202360938575
5 23 25.98082875138325
5 24 26.242548509730454
5 25 24.307812763537363
5 26 27.95528892597772
5 27 25.796846919626827
5 28 25.04991406201201
5 29 26.83772360127038
6 0 24.208792902046273
6 1 24.545495621856592
6 2 23.476936276226954
6 3 25.754224526050244
6 4 27.3470670681743
6 5 26.853398600855094
6 6 28.809842168017973
6 7 28.80126136269382
6 8 29.032686145780886
6 9 30.149868168380863
6 10 31.678305721371125
6 11 31.729233393295967
6 12 30.488229289954493
6 13 30.339082867824864
6 14 31.89336813424903
6 15 29.700291971888344
6 16 32.14995734243746
6 17 29.497455537896474
6 18 28.696109796813488
6 19 29.6447053624856
6 20 28.25476641753144
6 21 28.25127000051637
6 22 26.855619649635184
6 23 25.512259893184517
6 24 26.163567244000937
6 25 26.242548509730454
6 26 23.652789766680847
6 27 26.870705251235165
6 28 25.299616485941822
6 29 23.69806236072162
7 0 23.86097954331748
7 1 25.721490174721094
7 2 25.306377495235537
7 3 26.93656510862541
7 4 26.02142652016585
7 5 27.88712214919486
7 6 28.80126136269382
7 7 30.02785010636196
7 8 29.41825472382217
7 9 30.468142877179957
7 10 31.954720334510046
7 11 32.85748899300048
7 12 35.486267954613304
7 13 35.92583181479177
7 14 32.03941396137608
7 15 34.00326099806015
7 16 31.22616067818795
7 17 29.138716250631457
7 18 31.38332959385258
7 19 29.39322870820357
7 20 28.435785869531877
7 21 30.14614837567197
7 22 28.13528276536395
7 23 26.518609880118806
7 24 25.512259893184517
7 25 25.98082875138325
7 26 26.631503435281882
7 27 24.423115025832086
7 28 25.4313196443376
7 29 25.473098783796843
8 0 25.159427572474414
8 1 26.160379545724922
8 2 25.950681692431758
8 3 27.22953799242287
8 4 27.671066589804806
8 5 29.13498896641252
8 6 29.032686145780886
8 7 29.41825472382217
8 8 33.18270459865919
8 9 32.79435573485399
8 10 34.29891463492924
8 11 33.94898751461395
8 12 34.720475721468446
8 13 36.18265698860791
8 14 32.98007948225228
8 15 34.271050738397626
8 16 34.32171332060077
8 17 33.40794075880691
8 18 31.51474067971666
8 19 32.22491014801454
8 20 27.919163406716773
8 21 30.07700339354068
8 22 29.61058272165165
8 23 28.13528276536395
8 24 26.855619649635184
8 25 25.99202360938575
8 26 26.257320409837412
8 27 25.25805305283104
8 28 24.663641484498733
8 29 25.846101116706905
9 0 25.739754446475708
9 1 25.57646390978405
9 2 25.182396087926417
9 3 28.44918572999878
9 4 29.158051599176904
9 5 28.532364329231996
9 6 30.149868168380863
9 7 30.468142877179957
9 8 32.79435573485399
9 9 34.69200345086484
9 10 36.715112793259614
9 11 35.72910276636399
9 12 37.21454316945758
9 13 37.78165976227328
9 14 35.38021635111789
9 15 37.11390303626662
9 16 37.421350250936904
9 17 32.79440498659441
9 18 35.043050331373614
9 19 31.855820735988953
9 20 31.659564678370476
9 21 28.680452125178768
9 22 30.07700339354068
9 23 30.14614837567197
9 24 28.25127000051637
9 25 26.00258814945714
9 26 27.55183131096444
9 27 24.65891027296575
9 28 25.5190810909649
9 29 27.789103759735386
10 0 26.15478433339219
10 1 25.36698162652682
10 2 26.540354698804425
10 3 26.969651695010214
10 4 29.350389839695485
10 5 28.031300498195765
10 6 31.678305721371125
10 7 31.954720334510046
10 8 34.29891463492924
10 9 36.715112793259614
10 10 38.732142755687214
10 11 39.364837495813475
10 12 41.39690257851854
10 13 39.99790799383236
10 14 37.4926200962885
10 15 37.454940811615664
10 16 35.37426924270461
10 17 35.1814269683505
10 18 34.06866955051765
10 19 30.885618113779064
10 20 32.32833955098653
10 21 31.659564678370476
10 22 27.919163406716773
10 23 28.435785869531877
10 24 28.25476641753144
10 25 28.23413027157754
10 26 27.538610754444647
10 27 27.889898316781004
10 28 25.079105062800174
10 29 25.604337664211528
11 0 24.696863987650328
11 1 25.464532043650326
11 2 26.960381778599814
11 3 27.140193700671343
11 4 28.88306908285653
11 5 29.844315238598206
11 6 31.729233393295967
11 7 32.85748899300048
11 8 33.94898751461395
11 9 35.72910276636399
11 10 39.364837495813475
11 11 46.00477993550924
11 12 47.0480229117008
11 13 43.97807930029273
11 14 39.38746000637817
11 15 34.84913121573363
11 16 36.25410755538143
11 17 32.70959756824969
11 18 35.41950738063923
11 19 32.850698692994364
11 20 30.885618113779064
11 21 31.855820735988953
11 22 32.22491014801454
11 23 29.39322870820357
11 24 29.6447053624856
11 25 30.52540954033731
11 26 26.87651863836828
11 27 29.3124022462136
11 28 25.95078185814032
11 29 24.588674971738953
12 0 24.378703519970916
12 1 24.887677134075442
12 2 27.982588795507418
12 3 27.754971226578178
12 4 29.56561475799196
12 5 32.42376341140378
12 6 30.488229289954493
12 7 35.486267954613304
12 8 34.720475721468446
12 9 37.21454316945758
12 10 41.39690257851854
12 11 47.0480229117008
12 12 89.37549005522825
12 13 48.553692809346614
12 14 44.41457296247495
12 15 39.31549945302161
12 16 34.39727120620503
12 17 36.03590678332005
12 18 35.07438843514005
12 19 35.41950738063923
12 20 34.06866955051765
12 21 35.043050331373614
12 22 31.51474067971666
12 23 31.38332959385258
12 24 28.696109796813488
12 25 29.5669419731296
12 26 27.745149945432118
12 27 27.24933831153715
12 28 25.961115350474344
12 29 24.46363779775863
13 0 25.067443214068902
13 1 26.35737652855604
13 2 26.994956843179697
13 3 28.020848834121246
13 4 27.834795774353715
13 5 30.173418490627554
13 6 30.339082867824864
13 7 35.92583181479177
13 8 36.18265698860791
13 9 37.78165976227328
13 10 39.99790799383236
13 11 43.97807930029273
13 12 48.553692809346614
13 13 45.11212668092229
13 14 42.36666565175892
13 15 38.95569429889211
13 16 37.864859950046025
13 17 35.598922708946915
13 18 36.03590678332005
13 19 32.70959756824969
13 20 35.1814269683505
13 21 32.79440498659441
13 22 33.40794075880691
13 23 29.138716250631457
13 24 29.497455537896474
13 25 28.609952074826662
13 26 29.318429730315003
13 27 26.74659247420342
13 28 28.622167762281244
13 29 26.05806552090005
14 0 24.903690470619207
14 1 26.29101290801803
14 2 28.278686982892953
14 3 28.69459868911856
14 4 29.64436007651428
14 5 29.713606405563635
14 6 31.89336813424903
14 7 32.03941396137608
14 8 32.98007948225228
14 9 35.38021635111789
14 10 37.4926200962885
14 11 39.38746000637817
14 12 44.41457296247495
14 13 42.36666565175892
14 14 41.3291801116926
14 15 35.10009331031934
14 16 38.63281249999999
14 17 37.864859950046025
14 18 34.39727120620503
14 19 36.25410755538143
14 20 35.37426924270461
14 21 37.421350250936904
14 22 34.32171332060077
14 23 31.22616067818795
14 24 32.14995734243746
14 25 28.59780854042601
14 26 30.238269197396388
14 27 27.38219055204523
14 28 27.49259174259617
14 29 25.658376466707175
15 0 25.014421113402182
15 1 28.424191172601375
15 2 26.86174855788514
15 3 27.337600074097733
15 4 29.70764784452608
15 5 29.698566415364862
15 6 29.700291971888344
15 7 34.00326099806015
15 8 34.271050738397626
15 9 37.11390303626662
15 10 37.454940811615664
15 11 34.84913121573363
15 12 39.31549945302161
15 13 38.95569429889211
15 14 35.10009331031934
15 15 37.43948676027502
15 16 35.10009331031934
15 17 38.95569429889211
15 18 39.31549945302161
15 19 34.84913121573363
15 20 37.454940811615664
15 21 37.11390303626662
15 22 34.271050738397626
15 23 34.00326099806015
15 24 29.700291971888344
15 25 29.698566415364862
15 26 29.70764784452608
15 27 27.337600074097733
15 28 26.86174855788514
15 29 28.424191172601375
16 0 25.280959544711344
16 1 25.658376466707175
16 2 27.49259174259617
16 3 27.38219055204523
16 4 30.238269197396388
16 5 28.59780854042601
16 6 32.14995734243746
16 7 31.22616067818795
16 8 34.32171332060077
16 9 37.421350250936904
16 10 35.37426924270461
16 11 36.25410755538143
16 12 34.39727120620503
16 13 37.864859950046025
16 14 38.63281249999999
16 15 35.10009331031934
16 16 41.3291801116926
16 17 42.36666565175892
16 18 44.41457296247495
16 19 39.38746000637817
16 20 37.4926200962885
16 21 35.38021635111789
16 22 32.98007948225228
16 23 32.03941396137608
16 24 31.89336813424903
16 25 29.713606405563635
16 26 29.64436007651428
16 27 28.69459868911856
16 28 28.278686982892953
16 29 26.29101290801803
17 0 26.23013521666638
17 1 26.05806552090005
17 2 28.622167762281244
17 3 26.74659247420342
17 4 29.318429730315003
17 5 28.609952074826662
17 6 29.497455537896474
17 7 29.138716250631457
17 8 33.40794075880691
17 9 32.79440498659441
17 10 35.1814269683505
17 11 32.70959756824969
17 12 36.03590678332005
17 13 35.598922708946915
17 14 37.864859950046025
17 15 38.95569429889211
17 16 42.36666565175892
17 17 45.11212668092229
17 18 48.553692809346614
17 19 43.97807930029273
17 20 39.99790799383236
17 21 37.78165976227328
17 22 36.18265698860791
17 23 35.92583181479177
17 24 30.339082867824864
17 25 30.173418490627554
17 26 27.834795774353715
17 27 28.020848834121246
17 28 26.994956843179697
17 29 26.35737652855604
18 0 27.65500259647081
18 1 24.46363779775863
18 2 25.961115350474344
18 3 27.24933831153715
18 4 27.745149945432118
18 5 29.5669419731296
18 6 28.696109796813488
18 7 31.38332959385258
18 8 31.51474067971666
18 9 35.043050331373614
18 10 34.06866955051765
18 11 35.41950738063923
18 12 35.07438843514005
18 13 36.03590678332005
18 14 34.39727120620503
18 15 39.31549945302161
18 16 44.41457296247495
18 17 48.553692809346614
18 18 89.37549005522825
18 19 47.0480229117008
18 20 41.39690257851854
18 21 37.21454316945758
18 22 34.720475721468446
18 23 35.486267954613304
18 24 30.488229289954493
18 25 32.42376341140378
18 26 29.56561475799196
18 27 27.754971226578178
18 28 27.982588795507418
18 29 24.887677134075442
19 0 25.549934552745945
19 1 24.588674971738953
19 2 25.95078185814032
19 3 29.3124022462136
19 4 26.87651863836828
19 5 30.52540954033731
19 6 29.6447053624856
19 7 29.39322870820357
19 8 32.22491014801454
19 9 31.855820735988953
19 10 30.885618113779064
19 11 32.850698692994364
19 12 35.41950738063923
19 13 32.70959756824969
19 14 36.25410755538143
19 15 34.84913121573363
19 16 39.38746000637817
19 17 43.97807930029273
19 18 47.0480229117008
19 19 46.00477993550924
19 20 39.364837495813475
19 21 35.72910276636399
19 22 33.94898751461395
19 23 32.85748899300048
19 24 31.729233393295967
19 25 29.844315238598206
19 26 28.88306908285653
19 27 27.140193700671343
19 28 26.960381778599814
19 29 25.464532043650326
20 0 25.857103541318736
20 1 25.604337664211528
20 2 25.079105062800174
20 3 27.889898316781004
20 4 27.538610754444647
20 5 28.23413027157754
20 6 28.25476641753144
20 7 28.435785869531877
20 8 27.919163406716773
20 9 31.659564678370476
20 10 32.32833955098653
20 11 30.885618113779064
20 12 34.06866955051765
20 13 35.1814269683505
20 14 35.37426924270461
20 15 37.454940811615664
20 16 37.4926200962885
20 17 39.99790799383236
20 18 41.39690257851854
20 19 39.364837495813475
20 20 38.732142755687214
20 21 36.715112793259614
20 22 34.29891463492924
20 23 31.954720334510046
20 24 31.678305721371125
20 25 28.031300498195765
20 26 29.350389839695485
20 27 26.969651695010214
20 28 26.540354698804425
20 29 25.36698162652682
21 0 26.00491099449668
21 1 27.789103759735386
21 2 25.5190810909649
21 3 24.65891027296575
21 4 27.55183131096444
21 5 26.00258814945714
21 6 28.25127000051637
21 7 30.14614837567197
21 8 30.07700339354068
21 9 28.680452125178768
21 10 31.659564678370476
21 11 31.855820735988953
21 12 35.043050331373614
21 13 32.79440498659441
21 14 37.421350250936904
21 15 37.11390303626662
21 16 35.38021635111789
21 17 37.78165976227328
21 18 37.21454316945758
21 19 35.72910276636399
21 20 36.715112793259614
21 21 34.69200345086484
21 22 32.79435573485399
21 23 30.468142877179957
21 24 30.149868168380863
21 25 28.532364329231996
21 26 29.158051599176904
21 27 28.44918572999878
21 28 25.182396087926417
21 29 25.57646390978405
22 0 24.524773437924768
22 1 25.846101116706905
22 2 24.663641484498733
22 3 25.25805305283104
22 4 26.257320409837412
22 5 25.99202360938575
22 6 26.855619649635184
22 7 28.13528276536395
22 8 29.61058272165165
22 9 30.07700339354068
22 10 27.919163406716773
22 11 32.22491014801454
22 12 31.51474067971666
22 13 33.40794075880691
22 14 34.32171332060077
22 15 34.271050738397626
22 16 32.98007948225228
22 17 36.18265698860791
22 18 34.720475721468446
22 19 33.94898751461395
22 20 34.29891463492924
22 21 32.79435573485399
22 22 33.18270459865919
22 23 29.41825472382217
22 24 29.032686145780886
22 25 29.13498896641252
22 26 27.671066589804806
22 27 27.22953799242287
22 28 25.950681692431758
22 29 26.160379545724922
23 0 26.049218305330715
23 1 25.473098783796843
23 2 25.4313196443376
23 3 24.423115025832086
23 4 26.631503435281882
23 5 25.98082875138325
23 6 25.512259893184517
23 7 26.518609880118806
23 8 28.13528276536395
23 9 30.14614837567197
23 10 28.435785869531877
23 11 29.39322870820357
23 12 31.38332959385258
23 13 29.138716250631457
23 14 31.22616067818795
23 15 34.00326099806015
23 16 32.03941396137608
23 17 35.92583181479177
23 18 35.486267954613304
23 19 32.85748899300048
23 20 31.954720334510046
23 21 30.468142877179957
23 22 29.41825472382217
23 23 30.02785010636196
23 24 28.80126136269382
23 25 27.88712214919486
23 26 26.02142652016585
23 27 26.93656510862541
23 28 25.306377495235537
23 29 25.721490174721094
24 0 25.385001041348712
24 1 23.69806236072162
24 2 25.299616485941822
24 3 26.870705251235165
24 4 23.652789766680847
24 5 26.242548509730454
24 6 26.163567244000937
24 7 25.512259893184517
24 8 26.855619649635184
24 9 28.25127000051637
24 10 28.25476641753144
24 11 29.6447053624856
24 12 28.696109796813488
24 13 29.497455537896474
24 14 32.14995734243746
24 15 29.700291971888344
24 16 31.89336813424903
24 17 30.339082867824864
24 18 30.488229289954493
24 19 31.729233393295967
24 20 31.678305721371125
24 21 30.149868168380863
24 22 29.032686145780886
24 23 28.80126136269382
24 24 28.809842168017973
24 25 26.853398600855094
24 26 27.3470670681743
24 27 25.754224526050244
24 28 23.476936276226954
24 29 24.545495621856592
25 0 24.88823448536507
25 1 26.83772360127038
25 2 25.04991406201201
25 3 25.796846919626827
25 4 27.95528892597772
25 5 24.307812763537363
25 6 26.242548509730454
25 7 25.98082875138325
25 8 25.99202360938575
25 9 26.00258814945714
25 10 28.23413027157754
25 11 30.52540954033731
25 12 29.5669419731296
25 13 28.609952074826662
25 14 28.59780854042601
25 15 29.698566415364862
25 16 29.713606405563635
25 17 30.173418490627554
25 18 32.42376341140378
25 19 29.844315238598206
25 20 28.031300498195765
25 21 28.532364329231996
25 22 29.13498896641252
25 23 27.88712214919486
25 24 26.853398600855094
25 25 27.636124277696563
25 26 27.214553947570234
25 27 26.013270028159184
25 28 25.34264244958887
25 29 25.00623754242808
26 0 25.38058490223457
26 1 25.166463159618843
26 2 25.18333125121428
26 3 23.51150141608982
26 4 25.48647919409872
26 5 27.95528892597772
26 6 23.652789766680847
26 7 26.631503435281882
26 8 26.257320409837412
26 9 27.55183131096444
26 10 27.538610754444647
26 11 26.87651863836828
26 12 27.745149945432118
26 13 29.318429730315003
26 14 30.238269197396388
26 15 29.70764784452608
26 16 29.64436007651428
26 17 27.834795774353715
26 18 29.56561475799196
26 19 28.88306908285653
26 20 29.350389839695485
26 21 29.158051599176904
26 22 27.671066589804806
26 23 26.02142652016585
26 24 27.3470670681743
26 25 27.214553947570234
26 26 24.509743545578665
26 27 25.361437994820275
26 28 25.407900482605566
26 29 26.02605769449169
27 0 23.276974099753453
27 1 24.51289349799499
27 2 26.20817554632363
27 3 27.30449551276445
27 4 23.51150141608982
27 5 25.796846919626827
27 6 26.870705251235165
27 7 24.423115025832086
27 8 25.25805305283104
27 9 24.65891027296575
27 10 27.889898316781004
27 11 29.3124022462136
27 12 27.24933831153715
27 13 26.74659247420342
27 14 27.38219055204523
27 15 27.337600074097733
27 16 28.69459868911856
27 17 28.020848834121246
27 18 27.754971226578178
27 19 27.140193700671343
27 20 26.969651695010214
27 21 28.44918572999878
27 22 27.22953799242287
27 23 26.93656510862541
27 24 25.754224526050244
27 25 26.013270028159184
27 26 25.361437994820275
27 27 25.660811208081725
27 28 24.023142342825338
27 29 24.97691261392449
28 0 22.854252708220187
28 1 25.48748869465116
28 2 25.656972793957646
28 3 26.20817554632363
28 4 25.18333125121428
28 5 25.04991406201201
28 6 25.299616485941822
28 7 25.4313196443376
28 8 24.663641484498733
28 9 25.5190810909649
28 10 25.079105062800174
28 11 25.95078185814032
28 12 25.961115350474344
28 13 28.622167762281244
28 14 27.49259174259617
28 15 26.86174855788514
28 16 28.278686982892953
28 17 26.994956843179697
28 18 27.982588795507418
28 19 26.960381778599814
28 20 26.540354698804425
28 21 25.182396087926417
28 22 25.950681692431758
28 23 25.306377495235537
28 24 23.476936276226954
28 25 25.34264244958887
28 26 25.407900482605566
28 27 24.023142342825338
28 28 27.646015530346943
28 29 24.831891578461725
29 0 24.303409862829223
29 1 22.74591521374349
29 2 25.48748869465116
29 3 24.51289349799499
29 4 25.166463159618843
29 5 26.83772360127038
29 6 23.69806236072162
29 7 25.473098783796843
29 8 25.846101116706905
29 9 27.789103759735386
29 10 25.604337664211528
29 11 24.588674971738953
29 12 24.46363779775863
29 13 26.05806552090005
29 14 25.658376466707175
29 15 28.424191172601375
29 16 26.29101290801803
29 17 26.35737652855604
29 18 24.887677134075442
29 19 25.464532043650326
29 20 25.36698162652682
29 21 25.57646390978405
29 22 26.160379545724922
29 23 25.721490174721094
29 24 24.545495621856592
29 25 25.00623754242808
29 26 26.02605769449169
29 27 24.97691261392449
29 28 24.831891578461725
29 29 24.041852521520777
