0 0 24.414988869448365
0 1 24.24520893408729
0 2 25.694787785707575
0 3 24.58737264462495
0 4 25.731772425432712
0 5 26.383894141103276
0 6 25.370284835825625
0 7 25.11202820585902
0 8 26.79069306612762
0 9 25.846101116706905
0 10 25.67896336970712
0 11 27.867036605275402
0 12 24.663641484498733
0 13 25.67786091660888
0 14 24.168142682695528
0 15 27.37947983380489
0 16 27.503553230510807
0 17 26.663252444113667
0 18 26.16662669172257
0 19 27.415854373589664
0 20 25.412059229640636
0 21 24.937842276337996
0 22 26.585283271186302
0 23 23.456033797888935
0 24 25.18333125121428
0 25 25.599958164522334
0 26 24.19358241176002
0 27 27.03554966080217
0 28 23.992074694022005
0 29 22.618365917891662
1 0 24.24520893408729
1 1 25.2281664753146
1 2 24.44060186957126
1 3 25.265444809099755
1 4 25.81271796036427
1 5 24.45802532491087
1 6 25.098853004512282
1 7 26.967860580492825
1 8 27.778925056062132
1 9 25.110085846775192
1 10 24.046018039259707
1 11 24.83972909046136
1 12 26.22143211661488
1 13 25.744893707067607
1 14 24.908921112914516
1 15 27.27521620083482
1 16 26.93651392971674
1 17 25.2996638842978
1 18 24.93256827022035
1 19 25.66030335884012
1 20 25.387129181755054
1 21 24.98623447699483
1 22 26.28261755622916
1 23 25.796846919626827
1 24 23.5841835042375
1 25 26.268437237614474
1 26 24.096227068467673
1 27 26.433841025975337
1 28 25.29430557486383
1 29 24.63825275787794
2 0 25.694787785707575
2 1 24.44060186957126
2 2 26.599578577119043
2 3 26.616413324454296
2 4 24.524773437924768
2 5 26.541984521022094
2 6 26.531627614614873
2 7 25.802882097051363
2 8 24.157667193412397
2 9 25.361138103954485
2 10 26.716041208447066
2 11 27.256845258425216
2 12 27.025432913885574
2 13 27.55183131096444
2 14 29.61489855114326
2 15 28.08120556932812
2 16 27.46026524109852
2 17 27.079856709405767
2 18 25.32286464970727
2 19 27.954346014337286
2 20 25.900069242176386
2 21 25.024422516147204
2 22 23.652789766680847
2 23 25.127350205951746
2 24 24.94872989092623
2 25 24.850540868461984
2 26 24.515833457871636
2 27 23.78300613270311
2 28 26.50966779811828
2 29 25.29430557486383
3 0 24.58737264462495
3 1 25.265444809099755
3 2 26.616413324454296
3 3 24.201555192407522
3 4 25.004560811279624
3 5 27.233670775792206
3 6 25.080943853541704
3 7 24.26683733411602
3 8 25.547870241741617
3 9 27.22681009309282
3 10 27.677936241578017
3 11 28.445612993022685
3 12 26.69249864994432
3 13 26.77628033151008
3 14 28.234083634210116
3 15 26.824605446217586
3 16 26.299986142792882
3 17 25.424278106226673
3 18 28.85904378446046
3 19 26.02014104607946
3 20 27.12028777675329
3 21 25.98082875138325
3 22 27.990349838191502
3 23 26.18994500447225
3 24 26.67228746646391
3 25 26.470017244658848
3 26 26.232692554024997
3 27 24.910251319983928
3 28 23.78300613270311
3 29 26.433841025975337
4 0 25.731772425432712
4 1 25.81271796036427
4 2 24.524773437924768
4 3 25.004560811279624
4 4 27.316200443862034
4 5 25.5190810909649
4 6 25.802507678136735
4 7 25.137699252206712
4 8 25.790209211583687
4 9 25.517824666547632
4 10 26.591376301459547
4 11 29.356385300010576
4 12 29.480360508893227
4 13 29.75469121191716
4 14 28.25476641753144
4 15 29.77591502459171
4 16 29.239291147968736
4 17 28.799526848924277
4 18 29.670461962454322
4 19 27.838402872390464
4 20 26.855619649635184
4 21 26.68208992228787
4 22 28.12085108827016
4 23 25.96640342242062
4 24 27.822885588171175
4 25 25.546640382588087
4 26 26.11181968248575
4 27 26.232692554024997
4 28 24.515833457871636
4 29 24.096227068467673
5 0 26.383894141103276
5 1 24.45802532491087
5 2 26.541984521022094
5 3 27.233670775792206
5 4 25.5190810909649
5 5 25.579829518978975
5 6 26.77660678203882
5 7 26.857312909329686
5 8 26.774992081445898
5 9 28.2599696531375
5 10 30.468497329453186
5 11 29.57692574471776
5 12 29.202614136317962
5 13 28.046784191696588
5 14 28.1740175430024
5 15 26.803719823046595
5 16 30.00170581460338
5 17 30.09634061820907
5 18 28.52938965948908
5 19 30.14614837567197
5 20 28.423541074802213
5 21 26.352679690133623
5 22 28.06665334799094
5 23 26.65813119111715
5 24 27.563388121396553
5 25 25.43106805282628
5 26 25.546640382588087
5 27 26.470017244658848
5 28 24.850540868461984
5 29 26.268437237614474
6 0 25.370284835825625
6 1 25.098853004512282
6 2 26.531627614614873
6 3 25.080943853541704
6 4 25.802507678136735
6 5 26.77660678203882
6 6 27.538610754444647
6 7 26.456522784321688
6 8 30.262762049741376
6 9 27.11395274448478
6 10 29.558328700570236
6 11 30.2341253694349
6 12 31.101108990578766
6 13 31.051148355850064
6 14 31.010734086544243
6 15 32.22491014801454
6 16 30.069349157194086
6 17 31.266445336858375
6 18 27.919163406716773
6 19 27.893782948514595
6 20 29.26812258645678
6 21 29.67559047351169
6 22 26.384733516899114
6 23 26.002815034738788
6 24 27.888017748919555
6 25 27.563388121396553
6 26 27.822885588171175
6 27 26.67228746646391
6 28 24.94872989092623
6 29 23.5841835042375
7 0 25.11202820585902
7 1 26.967860580492825
7 2 25.802882097051363
7 3 24.26683733411602
7 4 25.137699252206712
7 5 26.857312909329686
7 6 26.456522784321688
7 7 29.096464086375395
7 8 29.6447053624856
7 9 29.763723825014097
7 10 30.301345676905683
7 11 29.026372296731452
7 12 32.75069201263184
7 13 32.90955816382643
7 14 31.947155050146847
7 15 33.634752897172895
7 16 33.77577846105564
7 17 31.855820735988953
7 18 30.072604063450846
7 19 31.904154018982513
7 20 31.304725954824026
7 21 29.592600713844888
7 22 28.318414492974593
7 23 29.127353095636867
7 24 26.002815034738788
7 25 26.65813119111715
7 26 25.96640342242062
7 27 26.18994500447225
7 28 25.127350205951746
7 29 25.796846919626827
8 0 26.79069306612762
8 1 27.778925056062132
8 2 24.157667193412397
8 3 25.547870241741617
8 4 25.790209211583687
8 5 26.774992081445898
8 6 30.262762049741376
8 7 29.6447053624856
8 8 28.819356531010776
8 9 31.35428364888402
8 10 31.51474067971666
8 11 32.93806783289692
8 12 31.749540250704328
8 13 31.825449357819664
8 14 34.192908827673755
8 15 35.32553519952581
8 16 34.06866955051765
8 17 33.10480370699376
8 18 32.891520562951875
8 19 31.6775253884528
8 20 29.968336198434226
8 21 30.176665015711368
8 22 26.184602206128872
8 23 28.318414492974593
8 24 26.384733516899114
8 25 28.06665334799094
8 26 28.12085108827016
8 27 27.990349838191502
8 28 23.652789766680847
8 29 26.28261755622916
9 0 25.846101116706905
9 1 25.110085846775192
9 2 25.361138103954485
9 3 27.22681009309282
9 4 25.517824666547632
9 5 28.2599696531375
9 6 27.11395274448478
9 7 29.763723825014097
9 8 31.35428364888402
9 9 33.05400097659487
9 10 35.742604873823254
9 11 33.37448534086003
9 12 35.1814269683505
9 13 36.19533785602255
9 14 36.85760342173706
9 15 32.70959756824969
9 16 34.97513542806722
9 17 36.459288910768755
9 18 34.26536430160919
9 19 31.09000323306397
9 20 33.37127938967602
9 21 31.280322821553952
9 22 30.176665015711368
9 23 29.592600713844888
9 24 29.67559047351169
9 25 26.352679690133623
9 26 26.68208992228787
9 27 25.98082875138325
9 28 25.024422516147204
9 29 24.98623447699483
10 0 25.67896336970712
10 1 24.046018039259707
10 2 26.716041208447066
10 3 27.677936241578017
10 4 26.591376301459547
10 5 30.468497329453186
10 6 29.558328700570236
10 7 30.301345676905683
10 8 31.51474067971666
10 9 35.742604873823254
10 10 33.88110526715041
10 11 33.72238617840156
10 12 35.29665929138747
10 13 37.47764996016342
10 14 34.39727120620503
10 15 37.07320390849345
10 16 35.813233474948234
10 17 36.03590678332005
10 18 35.95027539279408
10 19 33.62458431890695
10 20 33.721517415393414
10 21 33.37127938967602
10 22 29.968336198434226
10 23 31.304725954824026
10 24 29.26812258645678
10 25 28.423541074802213
10 26 26.855619649635184
10 27 27.12028777675329
10 28 25.900069242176386
10 29 25.387129181755054
11 0 27.867036605275402
11 1 24.83972909046136
11 2 27.256845258425216
11 3 28.445612993022685
11 4 29.356385300010576
11 5 29.57692574471776
11 6 30.2341253694349
11 7 29.026372296731452
11 8 32.93806783289692
11 9 33.37448534086003
11 10 33.72238617840156
11 11 36.179245860705706
11 12 39.578795813873775
11 13 38.95569429889211
11 14 39.83916756706
11 15 37.88421231745622
11 16 35.10009331031934
11 17 38.07517711570799
11 18 37.91886230753454
11 19 36.43873931160238
11 20 33.62458431890695
11 21 31.09000323306397
11 22 31.6775253884528
11 23 31.904154018982513
11 24 27.893782948514595
11 25 30.14614837567197
11 26 27.838402872390464
11 27 26.02014104607946
11 28 27.954346014337286
11 29 25.66030335884012
12 0 24.663641484498733
12 1 26.22143211661488
12 2 27.025432913885574
12 3 26.69249864994432
12 4 29.480360508893227
12 5 29.202614136317962
12 6 31.101108990578766
12 7 32.75069201263184
12 8 31.749540250704328
12 9 35.1814269683505
12 10 35.29665929138747
12 11 39.578795813873775
12 12 41.3291801116926
12 13 42.514841211613074
12 14 44.74496131031228
12 15 41.12019901788585
12 16 42.41528972493615
12 17 39.09507657142829
12 18 38.63281249999999
12 19 37.91886230753454
12 20 35.95027539279408
12 21 34.26536430160919
12 22 32.891520562951875
12 23 30.072604063450846
12 24 27.919163406716773
12 25 28.52938965948908
12 26 29.670461962454322
12 27 28.85904378446046
12 28 25.32286464970727
12 29 24.93256827022035
13 0 25.67786091660888
13 1 25.744893707067607
13 2 27.55183131096444
13 3 26.77628033151008
13 4 29.75469121191716
13 5 28.046784191696588
13 6 31.051148355850064
13 7 32.90955816382643
13 8 31.825449357819664
13 9 36.19533785602255
13 10 37.47764996016342
13 11 38.95569429889211
13 12 42.514841211613074
13 13 45.47429092805165
13 14 46.96912445210226
13 15 46.63392851766311
13 16 42.132823096940136
13 17 41.05929387503717
13 18 39.09507657142829
13 19 38.07517711570799
13 20 36.03590678332005
13 21 36.459288910768755
13 22 33.10480370699376
13 23 31.855820735988953
13 24 31.266445336858375
13 25 30.09634061820907
13 26 28.799526848924277
13 27 25.424278106226673
13 28 27.079856709405767
13 29 25.2996638842978
14 0 24.168142682695528
14 1 24.908921112914516
14 2 29.61489855114326
14 3 28.234083634210116
14 4 28.25476641753144
14 5 28.1740175430024
14 6 31.010734086544243
14 7 31.947155050146847
14 8 34.192908827673755
14 9 36.85760342173706
14 10 34.39727120620503
14 11 39.83916756706
14 12 44.74496131031228
14 13 46.96912445210226
14 14 87.3382917592972
14 15 49.65177243932294
14 16 44.34435881116603
14 17 42.132823096940136
14 18 42.41528972493615
14 19 35.10009331031934
14 20 35.813233474948234
14 21 34.97513542806722
14 22 34.06866955051765
14 23 33.77577846105564
14 24 30.069349157194086
14 25 30.00170581460338
14 26 29.239291147968736
14 27 26.299986142792882
14 28 27.46026524109852
14 29 26.93651392971674
15 0 27.37947983380489
15 1 27.27521620083482
15 2 28.08120556932812
15 3 26.824605446217586
15 4 29.77591502459171
15 5 26.803719823046595
15 6 32.22491014801454
15 7 33.634752897172895
15 8 35.32553519952581
15 9 32.70959756824969
15 10 37.07320390849345
15 11 37.88421231745622
15 12 41.12019901788585
15 13 46.63392851766311
15 14 49.65177243932294
15 15 49.35058593749999
15 16 49.65177243932294
15 17 46.63392851766311
15 18 41.12019901788585
15 19 37.88421231745622
15 20 37.07320390849345
15 21 32.70959756824969
15 22 35.32553519952581
15 23 33.634752897172895
15 24 32.22491014801454
15 25 26.803719823046595
15 26 29.77591502459171
15 27 26.824605446217586
15 28 28.08120556932812
15 29 27.27521620083482
16 0 27.503553230510807
16 1 26.93651392971674
16 2 27.46026524109852
16 3 26.299986142792882
16 4 29.239291147968736
16 5 30.00170581460338
16 6 30.069349157194086
16 7 33.77577846105564
16 8 34.06866955051765
16 9 34.97513542806722
16 10 35.813233474948234
16 11 35.10009331031934
16 12 42.41528972493615
16 13 42.132823096940136
16 14 44.34435881116603
16 15 49.65177243932294
16 16 87.3382917592972
16 17 46.96912445210226
16 18 44.74496131031228
16 19 39.83916756706
16 20 34.39727120620503
16 21 36.85760342173706
16 22 34.192908827673755
16 23 31.947155050146847
16 24 31.010734086544243
16 25 28.1740175430024
16 26 28.25476641753144
16 27 28.234083634210116
16 28 29.61489855114326
16 29 24.908921112914516
17 0 26.663252444113667
17 1 25.2996638842978
17 2 27.079856709405767
17 3 25.424278106226673
17 4 28.799526848924277
17 5 30.09634061820907
17 6 31.266445336858375
17 7 31.855820735988953
17 8 33.10480370699376
17 9 36.459288910768755
17 10 36.03590678332005
17 11 38.07517711570799
17 12 39.09507657142829
17 13 41.05929387503717
17 14 42.132823096940136
17 15 46.63392851766311
17 16 46.96912445210226
17 17 45.47429092805165
17 18 42.514841211613074
17 19 38.95569429889211
17 20 37.47764996016342
17 21 36.19533785602255
17 22 31.825449357819664
17 23 32.90955816382643
17 24 31.051148355850064
17 25 28.046784191696588
17 26 29.75469121191716
17 27 26.77628033151008
17 28 27.55183131096444
17 29 25.744893707067607
18 0 26.16662669172257
18 1 24.93256827022035
18 2 25.32286464970727
18 3 28.85904378446046
18 4 29.670461962454322
18 5 28.52938965948908
18 6 27.919163406716773
18 7 30.072604063450846
18 8 32.891520562951875
18 9 34.26536430160919
18 10 35.95027539279408
18 11 37.91886230753454
18 12 38.63281249999999
18 13 39.09507657142829
18 14 42.41528972493615
18 15 41.12019901788585
18 16 44.74496131031228
18 17 42.514841211613074
18 18 41.3291801116926
18 19 39.578795813873775
18 20 35.29665929138747
18 21 35.1814269683505
18 22 31.749540250704328
18 23 32.75069201263184
18 24 31.101108990578766
18 25 29.202614136317962
18 26 29.480360508893227
18 27 26.69249864994432
18 28 27.025432913885574
18 29 26.22143211661488
19 0 27.415854373589664
19 1 25.66030335884012
19 2 27.954346014337286
19 3 26.02014104607946
19 4 27.838402872390464
19 5 30.14614837567197
19 6 27.893782948514595
19 7 31.904154018982513
19 8 31.6775253884528
19 9 31.09000323306397
19 10 33.62458431890695
19 11 36.43873931160238
19 12 37.91886230753454
19 13 38.07517711570799
19 14 35.10009331031934
19 15 37.88421231745622
19 16 39.83916756706
19 17 38.95569429889211
19 18 39.578795813873775
19 19 36.179245860705706
19 20 33.72238617840156
19 21 33.37448534086003
19 22 32.93806783289692
19 23 29.026372296731452
19 24 30.2341253694349
19 25 29.57692574471776
19 26 29.356385300010576
19 27 28.445612993022685
19 28 27.256845258425216
19 29 24.83972909046136
20 0 25.412059229640636
20 1 25.387129181755054
20 2 25.900069242176386
20 3 27.12028777675329
20 4 26.855619649635184
20 5 28.423541074802213
20 6 29.26812258645678
20 7 31.304725954824026
20 8 29.968336198434226
20 9 33.37127938967602
20 10 33.721517415393414
20 11 33.62458431890695
20 12 35.95027539279408
20 13 36.03590678332005
20 14 35.813233474948234
20 15 37.07320390849345
20 16 34.39727120620503
20 17 37.47764996016342
20 18 35.29665929138747
20 19 33.72238617840156
20 20 33.88110526715041
20 21 35.742604873823254
20 22 31.51474067971666
20 23 30.301345676905683
20 24 29.558328700570236
20 25 30.468497329453186
20 26 26.591376301459547
20 27 27.677936241578017
20 28 26.716041208447066
20 29 24.046018039259707
21 0 24.937842276337996
21 1 24.98623447699483
21 2 25.024422516147204
21 3 25.98082875138325
21 4 26.68208992228787
21 5 26.352679690133623
21 6 29.67559047351169
21 7 29.592600713844888
21 8 30.176665015711368
21 9 31.280322821553952
21 10 33.37127938967602
21 11 31.09000323306397
21 12 34.26536430160919
21 13 36.459288910768755
21 14 34.97513542806722
21 15 32.70959756824969
21 16 36.85760342173706
21 17 36.19533785602255
21 18 35.1814269683505
21 19 33.37448534086003
21 20 35.742604873823254
21 21 33.05400097659487
21 22 31.35428364888402
21 23 29.763723825014097
21 24 27.11395274448478
21 25 28.2599696531375
21 26 25.517824666547632
21 27 27.22681009309282
21 28 25.361138103954485
21 29 25.110085846775192
22 0 26.585283271186302
22 1 26.28261755622916
22 2 23.652789766680847
22 3 27.990349838191502
22 4 28.12085108827016
22 5 28.06665334799094
22 6 26.384733516899114
22 7 28.318414492974593
22 8 26.184602206128872
22 9 30.176665015711368
22 10 29.968336198434226
22 11 31.6775253884528
22 12 32.891520562951875
22 13 33.10480370699376
22 14 34.06866955051765
22 15 35.32553519952581
22 16 34.192908827673755
22 17 31.825449357819664
22 18 31.749540250704328
22 19 32.93806783289692
22 20 31.51474067971666
22 21 31.35428364888402
22 22 28.819356531010776
22 23 29.6447053624856
22 24 30.262762049741376
22 25 26.774992081445898
22 26 25.790209211583687
22 27 25.547870241741617
22 28 24.157667193412397
22 29 27.778925056062132
23 0 23.456033797888935
23 1 25.796846919626827
23 2 25.127350205951746
23 3 26.18994500447225
23 4 25.96640342242062
23 5 26.65813119111715
23 6 26.002815034738788
23 7 29.127353095636867
23 8 28.318414492974593
23 9 29.592600713844888
23 10 31.304725954824026
23 11 31.904154018982513
23 12 30.072604063450846
23 13 31.855820735988953
23 14 33.77577846105564
23 15 33.634752897172895
23 16 31.947155050146847
23 17 32.90955816382643
23 18 32.75069201263184
23 19 29.026372296731452
23 20 30.301345676905683
23 21 29.763723825014097
23 22 29.6447053624856
23 23 29.096464086375395
23 24 26.456522784321688
23 25 26.857312909329686
23 26 25.137699252206712
23 27 24.26683733411602
23 28 25.802882097051363
23 29 26.967860580492825
24 0 25.18333125121428
24 1 23.5841835042375
24 2 24.94872989092623
24 3 26.67228746646391
24 4 27.822885588171175
24 5 27.563388121396553
24 6 27.888017748919555
24 7 26.002815034738788
24 8 26.384733516899114
24 9 29.67559047351169
24 10 29.26812258645678
24 11 27.893782948514595
24 12 27.919163406716773
24 13 31.266445336858375
24 14 30.069349157194086
24 15 32.22491014801454
24 16 31.010734086544243
24 17 31.051148355850064
24 18 31.101108990578766
24 19 30.2341253694349
24 20 29.558328700570236
24 21 27.11395274448478
24 22 30.262762049741376
24 23 26.456522784321688
24 24 27.538610754444647
24 25 26.77660678203882
24 26 25.802507678136735
24 27 25.080943853541704
24 28 26.531627614614873
24 29 25.098853004512282
25 0 25.599958164522334
25 1 26.268437237614474
25 2 24.850540868461984
25 3 26.470017244658848
25 4 25.546640382588087
25 5 25.43106805282628
25 6 27.563388121396553
25 7 26.65813119111715
25 8 28.06665334799094
25 9 26.352679690133623
25 10 28.423541074802213
25 11 30.14614837567197
25 12 28.52938965948908
25 13 30.09634061820907
25 14 30.00170581460338
25 15 26.803719823046595
25 16 28.1740175430024
25 17 28.046784191696588
25 18 29.202614136317962
25 19 29.57692574471776
25 20 30.468497329453186
25 21 28.2599696531375
25 22 26.774992081445898
25 23 26.857312909329686
25 24 26.77660678203882
25 25 25.579829518978975
25 26 25.5190810909649
25 27 27.233670775792206
25 28 26.541984521022094
25 29 24.45802532491087
26 0 24.19358241176002
26 1 24.096227068467673
26 2 24.515833457871636
26 3 26.232692554024997
26 4 26.11181968248575
26 5 25.546640382588087
26 6 27.822885588171175
26 7 25.96640342242062
26 8 28.12085108827016
26 9 26.68208992228787
26 10 26.855619649635184
26 11 27.838402872390464
26 12 29.670461962454322
26 13 28.799526848924277
26 14 29.239291147968736
26 15 29.77591502459171
26 16 28.25476641753144
26 17 29.75469121191716
26 18 29.480360508893227
26 19 29.356385300010576
26 20 26.591376301459547
26 21 25.517824666547632
26 22 25.790209211583687
26 23 25.137699252206712
26 24 25.802507678136735
26 25 25.5190810909649
26 26 27.316200443862034
26 27 25.004560811279624
26 28 24.524773437924768
26 29 25.81271796036427
27 0 27.03554966080217
27 1 26.433841025975337
27 2 23.78300613270311
27 3 24.910251319983928
27 4 26.232692554024997
27 5 26.470017244658848
27 6 26.67228746646391
27 7 26.18994500447225
27 8 27.990349838191502
27 9 25.98082875138325
27 10 27.12028777675329
27 11 26.02014104607946
27 12 28.85904378446046
27 13 25.424278106226673
27 14 26.299986142792882
27 15 26.824605446217586
27 16 28.234083634210116
27 17 26.77628033151008
27 18 26.69249864994432
27 19 28.445612993022685
27 20 27.677936241578017
27 21 27.22681009309282
27 22 25.547870241741617
27 23 24.26683733411602
27 24 25.080943853541704
27 25 27.233670775792206
27 26 25.004560811279624
27 27 24.201555192407522
27 28 26.616413324454296
27 29 25.265444809099755
28 0 23.992074694022005
28 1 25.29430557486383
28 2 26.50966779811828
28 3 23.78300613270311
28 4 24.515833457871636
28 5 24.850540868461984
28 6 24.94872989092623
28 7 25.127350205951746
28 8 23.652789766680847
28 9 25.024422516147204
28 10 25.900069242176386
28 11 27.954346014337286
28 12 25.32286464970727
28 13 27.079856709405767
28 14 27.46026524109852
28 15 28.08120556932812
28 16 29.61489855114326
28 17 27.55183131096444
28 18 27.025432913885574
28 19 27.256845258425216
28 20 26.716041208447066
28 21 25.361138103954485
28 22 24.157667193412397
28 23 25.802882097051363
28 24 26.531627614614873
28 25 26.541984521022094
28 26 24.524773437924768
28 27 26.616413324454296
28 28 26.599578577119043
28 29 24.44060186957126
29 0 22.618365917891662
29 1 24.63825275787794
29 2 25.29430557486383
29 3 26.433841025975337
29 4 24.096227068467673
29 5 26.268437237614474
29 6 23.5841835042375
29 7 25.796846919626827
29 8 26.28261755622916
29 9 24.98623447699483
29 10 25.387129181755054
29 11 25.66030335884012
29 12 24.93256827022035
29 13 25.2996638842978
29 14 26.93651392971674
29 15 27.27521620083482
29 16 24.908921112914516
29 17 25.744893707067607
29 18 26.22143211661488
29 19 24.83972909046136
29 20 24.046018039259707
29 21 25.110085846775192
29 22 27.778925056062132
29 23 26.967860580492825
29 24 25.098853004512282
29 25 24.45802532491087
29 26 25.81271796036427
29 27 25.265444809099755
29 28 24.44060186957126
29 29 25.2281664753146
