0 0 3.0984633623999165
0 1 3.0140860549366026
0 2 3.465444357645802
0 3 3.577416425785645
0 4 3.150985014859501
0 5 3.25589307985976
0 6 3.351442509812241
0 7 3.4196765014080617
0 8 3.481216891866391
0 9 3.386522976763298
0 10 3.4458294944598267
0 11 3.257541642460958
0 12 3.3101204291763873
0 13 3.5383873029997375
0 14 3.5095468674157275
0 15 3.346113475243918
0 16 3.376487037876322
0 17 3.4651406431051024
0 18 3.2266274297768835
0 19 3.061418870237499
0 20 3.4597705149331395
0 21 3.537203240688078
0 22 3.0293952495719463
0 23 3.1495441409006095
0 24 2.926223950765004
0 25 3.1528217418225393
0 26 3.1463230051308977
0 27 3.139896862031225
0 28 2.9670004446197114
0 29 2.702417525566185
1 0 3.0140860549366026
1 1 3.341800806951318
1 2 3.413691266521074
1 3 3.6050547692213066
1 4 3.7080469388406314
1 5 3.4107628004436648
1 6 3.1947635834689287
1 7 3.0046388738018988
1 8 3.417890728623235
1 9 3.17241505859778
1 10 3.4335964235553917
1 11 3.1574516338463066
1 12 3.333995613241373
1 13 3.3692165380547885
1 14 3.327613727389476
1 15 3.6493656904758542
1 16 3.560310536098678
1 17 3.625330994580073
1 18 3.3674855678900903
1 19 3.725019874435523
1 20 3.268531284519643
1 21 3.2788274828630195
1 22 3.257866946859343
1 23 3.160223750123211
1 24 2.970262296388356
1 25 2.9183647687828786
1 26 3.2083953911008676
1 27 3.113063266996368
1 28 3.024669259125291
1 29 3.0527888222202386
2 0 3.465444357645802
2 1 3.413691266521074
2 2 3.0911177098266056
2 3 3.355085083748008
2 4 3.289901245634012
2 5 3.3312154158259664
2 6 3.294634809263125
2 7 3.663332096919768
2 8 3.5241098688391213
2 9 3.54707644067155
2 10 3.440574396568647
2 11 3.3815437751780633
2 12 3.496447483980773
2 13 3.7691915959266638
2 14 3.4639938654139986
2 15 3.2792162449281945
2 16 3.3228856889980047
2 17 3.410834731177183
2 18 3.437635964330177
2 19 3.66943917173223
2 20 3.200172311830167
2 21 3.2625423519295844
2 22 3.192157069676149
2 23 3.4474257786180615
2 24 3.0522483259834337
2 25 3.100842141434973
2 26 2.8019874645957707
2 27 3.108622927604344
2 28 3.3225053692789226
2 29 3.024669259125291
3 0 3.577416425785645
3 1 3.6050547692213066
3 2 3.355085083748008
3 3 3.541851856139808
3 4 3.4330960438679785
3 5 3.584937800393589
3 6 3.6111298245248626
3 7 3.322999330966261
3 8 3.6732203744309304
3 9 3.797988806844944
3 10 3.7606395844717087
3 11 3.7916305548734623
3 12 3.530768371030943
3 13 3.33743581745945
3 14 3.16879175230695
3 15 3.4186894912513157
3 16 3.506753751521801
3 17 3.4085412466679346
3 18 3.3054657573737205
3 19 3.3978621049510287
3 20 3.532778405426599
3 21 3.469215300943446
3 22 3.091700063352813
3 23 3.211201428075618
3 24 3.386506705781618
3 25 3.2538230895034053
3 26 3.2512647731733164
3 27 3.106227503346451
3 28 3.108622927604344
3 29 3.113063266996368
4 0 3.150985014859501
4 1 3.7080469388406314
4 2 3.289901245634012
4 3 3.4330960438679785
4 4 3.8385219576462277
4 5 3.6501156987009082
4 6 3.6088161519326607
4 7 4.1409153492145
4 8 3.5212417627352095
4 9 3.712512338387672
4 10 3.3626420326259128
4 11 3.714789148859489
4 12 3.680444582483623
4 13 3.659427998076894
4 14 3.8989056988181146
4 15 3.626826062150997
4 16 3.340660641669391
4 17 3.480702376126981
4 18 3.476080321872061
4 19 3.223903395659235
4 20 3.143997805623592
4 21 3.162385760996151
4 22 3.319763990638067
4 23 3.5312132779141794
4 24 3.2502327081677307
4 25 3.36221879416175
4 26 3.3523208498396015
4 27 3.2512647731733164
4 28 2.8019874645957707
4 29 3.2083953911008676
5 0 3.25589307985976
5 1 3.4107628004436648
5 2 3.3312154158259664
5 3 3.584937800393589
5 4 3.6501156987009082
5 5 3.6702548568572273
5 6 4.00982116231942
5 7 3.4993982137640636
5 8 4.140094605946071
5 9 3.4795809201654353
5 10 3.785903197139424
5 11 3.4558040641930954
5 12 3.7169384661503875
5 13 3.7357955850971494
5 14 3.792593915284349
5 15 3.7432589977187156
5 16 3.409956231655175
5 17 3.4892006380522624
5 18 3.639626557677425
5 19 3.7639639181021276
5 20 3.2846306926181663
5 21 3.5359405952920366
5 22 3.7855568254936234
5 23 3.1521988449271916
5 24 3.3221701179308023
5 25 3.1536638520895197
5 26 3.36221879416175
5 27 3.2538230895034053
5 28 3.100842141434973
5 29 2.9183647687828786
6 0 3.351442509812241
6 1 3.1947635834689287
6 2 3.294634809263125
6 3 3.6111298245248626
6 4 3.6088161519326607
6 5 4.00982116231942
6 6 3.9611434920041146
6 7 3.653800961452008
6 8 4.049523127529567
6 9 4.07827412588948
6 10 3.5791364594895527
6 11 3.732608595615247
6 12 4.105288438907138
6 13 3.884182440923713
6 14 4.129434511376029
6 15 3.99833245317583
6 16 3.7270151109060343
6 17 3.697052879037874
6 18 3.3907532857314373
6 19 3.7330505821879005
6 20 3.5722053451029905
6 21 3.2055910877819733
6 22 3.068525237124623
6 23 3.5415924298323347
6 24 3.4013553550130915
6 25 3.3221701179308023
6 26 3.2502327081677307
6 27 3.386506705781618
6 28 3.0522483259834337
6 29 2.970262296388356
7 0 3.4196765014080617
7 1 3.0046388738018988
7 2 3.663332096919768
7 3 3.322999330966261
7 4 4.1409153492145
7 5 3.4993982137640636
7 6 3.653800961452008
7 7 3.8518673058965636
7 8 4.476722019457519
7 9 3.981924274323763
7 10 4.154487445354779
7 11 4.080936160263173
7 12 3.936955580102455
7 13 3.8150473290555866
7 14 3.7176629865519297
7 15 3.878836359023182
7 16 3.8878113502968654
7 17 3.635963326261019
7 18 3.5148664878202887
7 19 3.142065872200373
7 20 3.27301788344894
7 21 3.5829076851754373
7 22 3.3193348454072416
7 23 3.16726620795248
7 24 3.5415924298323347
7 25 3.1521988449271916
7 26 3.5312132779141794
7 27 3.211201428075618
7 28 3.4474257786180615
7 29 3.160223750123211
8 0 3.481216891866391
8 1 3.417890728623235
8 2 3.5241098688391213
8 3 3.6732203744309304
8 4 3.5212417627352095
8 5 4.140094605946071
8 6 4.049523127529567
8 7 4.476722019457519
8 8 3.947006448947413
8 9 3.7047317691893555
8 10 3.906499584226061
8 11 3.984348699224488
8 12 4.365157671103804
8 13 3.9827851733035096
8 14 3.869054842878993
8 15 3.8277958448174862
8 16 3.5292216746375686
8 17 3.4461890801772816
8 18 3.602297921176171
8 19 3.612393737284922
8 20 3.3729170243776476
8 21 3.4083540377997257
8 22 3.6842012629685836
8 23 3.3193348454072416
8 24 3.068525237124623
8 25 3.7855568254936234
8 26 3.319763990638067
8 27 3.091700063352813
8 28 3.192157069676149
8 29 3.257866946859343
9 0 3.386522976763298
9 1 3.17241505859778
9 2 3.54707644067155
9 3 3.797988806844944
9 4 3.712512338387672
9 5 3.4795809201654353
9 6 4.07827412588948
9 7 3.981924274323763
9 8 3.7047317691893555
9 9 3.3994314315212164
9 10 3.3103523695136907
9 11 3.6626526179177215
9 12 4.0994814389140295
9 13 4.160820089339852
9 14 4.1732333924458045
9 15 4.1262369266988985
9 16 3.410441521398556
9 17 3.670304072238796
9 18 3.355238008148944
9 19 3.5646092108212764
9 20 3.4936008622022667
9 21 3.6240683262854847
9 22 3.4083540377997257
9 23 3.5829076851754373
9 24 3.2055910877819733
9 25 3.5359405952920366
9 26 3.162385760996151
9 27 3.469215300943446
9 28 3.2625423519295844
9 29 3.2788274828630195
10 0 3.4458294944598267
10 1 3.4335964235553917
10 2 3.440574396568647
10 3 3.7606395844717087
10 4 3.3626420326259128
10 5 3.785903197139424
10 6 3.5791364594895527
10 7 4.154487445354779
10 8 3.906499584226061
10 9 3.3103523695136907
10 10 3.4509345465632077
10 11 3.5028231313240843
10 12 4.0620440109986475
10 13 4.054334044428481
10 14 3.9474672135067204
10 15 4.041278043589939
10 16 3.4796488378019577
10 17 3.465567765398448
10 18 3.7882430844358024
10 19 3.529234345287973
10 20 3.892486389900199
10 21 3.4936008622022667
10 22 3.3729170243776476
10 23 3.27301788344894
10 24 3.5722053451029905
10 25 3.2846306926181663
10 26 3.143997805623592
10 27 3.532778405426599
10 28 3.200172311830167
10 29 3.268531284519643
11 0 3.257541642460958
11 1 3.1574516338463066
11 2 3.3815437751780633
11 3 3.7916305548734623
11 4 3.714789148859489
11 5 3.4558040641930954
11 6 3.732608595615247
11 7 4.080936160263173
11 8 3.984348699224488
11 9 3.6626526179177215
11 10 3.5028231313240843
11 11 3.7879425484501303
11 12 4.433478067654648
11 13 3.939123775078686
11 14 4.345699144812694
11 15 4.012653978627041
11 16 3.9191695412272756
11 17 3.834722695993394
11 18 3.693286015034549
11 19 3.4965735590294456
11 20 3.529234345287973
11 21 3.5646092108212764
11 22 3.612393737284922
11 23 3.142065872200373
11 24 3.7330505821879005
11 25 3.7639639181021276
11 26 3.223903395659235
11 27 3.3978621049510287
11 28 3.66943917173223
11 29 3.725019874435523
12 0 3.3101204291763873
12 1 3.333995613241373
12 2 3.496447483980773
12 3 3.530768371030943
12 4 3.680444582483623
12 5 3.7169384661503875
12 6 4.105288438907138
12 7 3.936955580102455
12 8 4.365157671103804
12 9 4.0994814389140295
12 10 4.0620440109986475
12 11 4.433478067654648
12 12 4.164746532869593
12 13 3.956021684692633
12 14 3.994942796141257
12 15 4.037165021597418
12 16 3.883170327692434
12 17 3.388634259996264
12 18 3.9589908206474616
12 19 3.693286015034549
12 20 3.7882430844358024
12 21 3.355238008148944
12 22 3.602297921176171
12 23 3.5148664878202887
12 24 3.3907532857314373
12 25 3.639626557677425
12 26 3.476080321872061
12 27 3.3054657573737205
12 28 3.437635964330177
12 29 3.3674855678900903
13 0 3.5383873029997375
13 1 3.3692165380547885
13 2 3.7691915959266638
13 3 3.33743581745945
13 4 3.659427998076894
13 5 3.7357955850971494
13 6 3.884182440923713
13 7 3.8150473290555866
13 8 3.9827851733035096
13 9 4.160820089339852
13 10 4.054334044428481
13 11 3.939123775078686
13 12 3.956021684692633
13 13 4.316006033279996
13 14 3.7619097698161283
13 15 3.7222520641188117
13 16 4.128853311500759
13 17 4.294648113379715
13 18 3.388634259996264
13 19 3.834722695993394
13 20 3.465567765398448
13 21 3.670304072238796
13 22 3.4461890801772816
13 23 3.635963326261019
13 24 3.697052879037874
13 25 3.4892006380522624
13 26 3.480702376126981
13 27 3.4085412466679346
13 28 3.410834731177183
13 29 3.625330994580073
14 0 3.5095468674157275
14 1 3.327613727389476
14 2 3.4639938654139986
14 3 3.16879175230695
14 4 3.8989056988181146
14 5 3.792593915284349
14 6 4.129434511376029
14 7 3.7176629865519297
14 8 3.869054842878993
14 9 4.1732333924458045
14 10 3.9474672135067204
14 11 4.345699144812694
14 12 3.994942796141257
14 13 3.7619097698161283
14 14 4.0202276726948325
14 15 4.07140588363497
14 16 3.969824434884658
14 17 4.128853311500759
14 18 3.883170327692434
14 19 3.9191695412272756
14 20 3.4796488378019577
14 21 3.410441521398556
14 22 3.5292216746375686
14 23 3.8878113502968654
14 24 3.7270151109060343
14 25 3.409956231655175
14 26 3.340660641669391
14 27 3.506753751521801
14 28 3.3228856889980047
14 29 3.560310536098678
15 0 3.346113475243918
15 1 3.6493656904758542
15 2 3.2792162449281945
15 3 3.4186894912513157
15 4 3.626826062150997
15 5 3.7432589977187156
15 6 3.99833245317583
15 7 3.878836359023182
15 8 3.8277958448174862
15 9 4.1262369266988985
15 10 4.041278043589939
15 11 4.012653978627041
15 12 4.037165021597418
15 13 3.7222520641188117
15 14 4.07140588363497
15 15 3.9346599564490425
15 16 4.07140588363497
15 17 3.7222520641188117
15 18 4.037165021597418
15 19 4.012653978627041
15 20 4.041278043589939
15 21 4.1262369266988985
15 22 3.8277958448174862
15 23 3.878836359023182
15 24 3.99833245317583
15 25 3.7432589977187156
15 26 3.626826062150997
15 27 3.4186894912513157
15 28 3.2792162449281945
15 29 3.6493656904758542
16 0 3.376487037876322
16 1 3.560310536098678
16 2 3.3228856889980047
16 3 3.506753751521801
16 4 3.340660641669391
16 5 3.409956231655175
16 6 3.7270151109060343
16 7 3.8878113502968654
16 8 3.5292216746375686
16 9 3.410441521398556
16 10 3.4796488378019577
16 11 3.9191695412272756
16 12 3.883170327692434
16 13 4.128853311500759
16 14 3.969824434884658
16 15 4.07140588363497
16 16 4.0202276726948325
16 17 3.7619097698161283
16 18 3.994942796141257
16 19 4.345699144812694
16 20 3.9474672135067204
16 21 4.1732333924458045
16 22 3.869054842878993
16 23 3.7176629865519297
16 24 4.129434511376029
16 25 3.792593915284349
16 26 3.8989056988181146
16 27 3.16879175230695
16 28 3.4639938654139986
16 29 3.327613727389476
17 0 3.4651406431051024
17 1 3.625330994580073
17 2 3.410834731177183
17 3 3.4085412466679346
17 4 3.480702376126981
17 5 3.4892006380522624
17 6 3.697052879037874
17 7 3.635963326261019
17 8 3.4461890801772816
17 9 3.670304072238796
17 10 3.465567765398448
17 11 3.834722695993394
17 12 3.388634259996264
17 13 4.294648113379715
17 14 4.128853311500759
17 15 3.7222520641188117
17 16 3.7619097698161283
17 17 4.316006033279996
17 18 3.956021684692633
17 19 3.939123775078686
17 20 4.054334044428481
17 21 4.160820089339852
17 22 3.9827851733035096
17 23 3.8150473290555866
17 24 3.884182440923713
17 25 3.7357955850971494
17 26 3.659427998076894
17 27 3.33743581745945
17 28 3.7691915959266638
17 29 3.3692165380547885
18 0 3.2266274297768835
18 1 3.3674855678900903
18 2 3.437635964330177
18 3 3.3054657573737205
18 4 3.476080321872061
18 5 3.639626557677425
18 6 3.3907532857314373
18 7 3.5148664878202887
18 8 3.602297921176171
18 9 3.355238008148944
18 10 3.7882430844358024
18 11 3.693286015034549
18 12 3.9589908206474616
18 13 3.388634259996264
18 14 3.883170327692434
18 15 4.037165021597418
18 16 3.994942796141257
18 17 3.956021684692633
18 18 4.164746532869593
18 19 4.433478067654648
18 20 4.0620440109986475
18 21 4.0994814389140295
18 22 4.365157671103804
18 23 3.936955580102455
18 24 4.105288438907138
18 25 3.7169384661503875
18 26 3.680444582483623
18 27 3.530768371030943
18 28 3.496447483980773
18 29 3.333995613241373
19 0 3.061418870237499
19 1 3.725019874435523
19 2 3.66943917173223
19 3 3.3978621049510287
19 4 3.223903395659235
19 5 3.7639639181021276
19 6 3.7330505821879005
19 7 3.142065872200373
19 8 3.612393737284922
19 9 3.5646092108212764
19 10 3.529234345287973
19 11 3.4965735590294456
19 12 3.693286015034549
19 13 3.834722695993394
19 14 3.9191695412272756
19 15 4.012653978627041
19 16 4.345699144812694
19 17 3.939123775078686
19 18 4.433478067654648
19 19 3.7879425484501303
19 20 3.5028231313240843
19 21 3.6626526179177215
19 22 3.984348699224488
19 23 4.080936160263173
19 24 3.732608595615247
19 25 3.4558040641930954
19 26 3.714789148859489
19 27 3.7916305548734623
19 28 3.3815437751780633
19 29 3.1574516338463066
20 0 3.4597705149331395
20 1 3.268531284519643
20 2 3.200172311830167
20 3 3.532778405426599
20 4 3.143997805623592
20 5 3.2846306926181663
20 6 3.5722053451029905
20 7 3.27301788344894
20 8 3.3729170243776476
20 9 3.4936008622022667
20 10 3.892486389900199
20 11 3.529234345287973
20 12 3.7882430844358024
20 13 3.465567765398448
20 14 3.4796488378019577
20 15 4.041278043589939
20 16 3.9474672135067204
20 17 4.054334044428481
20 18 4.0620440109986475
20 19 3.5028231313240843
20 20 3.4509345465632077
20 21 3.3103523695136907
20 22 3.906499584226061
20 23 4.154487445354779
20 24 3.5791364594895527
20 25 3.785903197139424
20 26 3.3626420326259128
20 27 3.7606395844717087
20 28 3.440574396568647
20 29 3.4335964235553917
21 0 3.537203240688078
21 1 3.2788274828630195
21 2 3.2625423519295844
21 3 3.469215300943446
21 4 3.162385760996151
21 5 3.5359405952920366
21 6 3.2055910877819733
21 7 3.5829076851754373
21 8 3.4083540377997257
21 9 3.6240683262854847
21 10 3.4936008622022667
21 11 3.5646092108212764
21 12 3.355238008148944
21 13 3.670304072238796
21 14 3.410441521398556
21 15 4.1262369266988985
21 16 4.1732333924458045
21 17 4.160820089339852
21 18 4.0994814389140295
21 19 3.6626526179177215
21 20 3.3103523695136907
21 21 3.3994314315212164
21 22 3.7047317691893555
21 23 3.981924274323763
21 24 4.07827412588948
21 25 3.4795809201654353
21 26 3.712512338387672
21 27 3.797988806844944
21 28 3.54707644067155
21 29 3.17241505859778
22 0 3.0293952495719463
22 1 3.257866946859343
22 2 3.192157069676149
22 3 3.091700063352813
22 4 3.319763990638067
22 5 3.7855568254936234
22 6 3.068525237124623
22 7 3.3193348454072416
22 8 3.6842012629685836
22 9 3.4083540377997257
22 10 3.3729170243776476
22 11 3.612393737284922
22 12 3.602297921176171
22 13 3.4461890801772816
22 14 3.5292216746375686
22 15 3.8277958448174862
22 16 3.869054842878993
22 17 3.9827851733035096
22 18 4.365157671103804
22 19 3.984348699224488
22 20 3.906499584226061
22 21 3.7047317691893555
22 22 3.947006448947413
22 23 4.476722019457519
22 24 4.049523127529567
22 25 4.140094605946071
22 26 3.5212417627352095
22 27 3.6732203744309304
22 28 3.5241098688391213
22 29 3.417890728623235
23 0 3.1495441409006095
23 1 3.160223750123211
23 2 3.4474257786180615
23 3 3.211201428075618
23 4 3.5312132779141794
23 5 3.1521988449271916
23 6 3.5415924298323347
23 7 3.16726620795248
23 8 3.3193348454072416
23 9 3.5829076851754373
23 10 3.27301788344894
23 11 3.142065872200373
23 12 3.5148664878202887
23 13 3.635963326261019
23 14 3.8878113502968654
23 15 3.878836359023182
23 16 3.7176629865519297
23 17 3.8150473290555866
23 18 3.936955580102455
23 19 4.080936160263173
23 20 4.154487445354779
23 21 3.981924274323763
23 22 4.476722019457519
23 23 3.8518673058965636
23 24 3.653800961452008
23 25 3.4993982137640636
23 26 4.1409153492145
23 27 3.322999330966261
23 28 3.663332096919768
23 29 3.0046388738018988
24 0 2.926223950765004
24 1 2.970262296388356
24 2 3.0522483259834337
24 3 3.386506705781618
24 4 3.2502327081677307
24 5 3.3221701179308023
24 6 3.4013553550130915
24 7 3.5415924298323347
24 8 3.068525237124623
24 9 3.2055910877819733
24 10 3.5722053451029905
24 11 3.7330505821879005
24 12 3.3907532857314373
24 13 3.697052879037874
24 14 3.7270151109060343
24 15 3.99833245317583
24 16 4.129434511376029
24 17 3.884182440923713
24 18 4.105288438907138
24 19 3.732608595615247
24 20 3.5791364594895527
24 21 4.07827412588948
24 22 4.049523127529567
24 23 3.653800961452008
24 24 3.9611434920041146
24 25 4.00982116231942
24 26 3.6088161519326607
24 27 3.6111298245248626
24 28 3.294634809263125
24 29 3.1947635834689287
25 0 3.1528217418225393
25 1 2.9183647687828786
25 2 3.100842141434973
25 3 3.2538230895034053
25 4 3.36221879416175
25 5 3.1536638520895197
25 6 3.3221701179308023
25 7 3.1521988449271916
25 8 3.7855568254936234
25 9 3.5359405952920366
25 10 3.2846306926181663
25 11 3.7639639181021276
25 12 3.639626557677425
25 13 3.4892006380522624
25 14 3.409956231655175
25 15 3.7432589977187156
25 16 3.792593915284349
25 17 3.7357955850971494
25 18 3.7169384661503875
25 19 3.4558040641930954
25 20 3.785903197139424
25 21 3.4795809201654353
25 22 4.140094605946071
25 23 3.4993982137640636
25 24 4.00982116231942
25 25 3.6702548568572273
25 26 3.6501156987009082
25 27 3.584937800393589
25 28 3.3312154158259664
25 29 3.4107628004436648
26 0 3.1463230051308977
26 1 3.2083953911008676
26 2 2.8019874645957707
26 3 3.2512647731733164
26 4 3.3523208498396015
26 5 3.36221879416175
26 6 3.2502327081677307
26 7 3.5312132779141794
26 8 3.319763990638067
26 9 3.162385760996151
26 10 3.143997805623592
26 11 3.223903395659235
26 12 3.476080321872061
26 13 3.480702376126981
26 14 3.340660641669391
26 15 3.626826062150997
26 16 3.8989056988181146
26 17 3.659427998076894
26 18 3.680444582483623
26 19 3.714789148859489
26 20 3.3626420326259128
26 21 3.712512338387672
26 22 3.5212417627352095
26 23 4.1409153492145
26 24 3.6088161519326607
26 25 3.6501156987009082
26 26 3.8385219576462277
26 27 3.4330960438679785
26 28 3.289901245634012
26 29 3.7080469388406314
27 0 3.139896862031225
27 1 3.113063266996368
27 2 3.108622927604344
27 3 3.106227503346451
27 4 3.2512647731733164
27 5 3.2538230895034053
27 6 3.386506705781618
27 7 3.211201428075618
27 8 3.091700063352813
27 9 3.469215300943446
27 10 3.532778405426599
27 11 3.3978621049510287
27 12 3.3054657573737205
27 13 3.4085412466679346
27 14 3.506753751521801
27 15 3.4186894912513157
27 16 3.16879175230695
27 17 3.33743581745945
27 18 3.530768371030943
27 19 3.7916305548734623
27 20 3.7606395844717087
27 21 3.797988806844944
27 22 3.6732203744309304
27 23 3.322999330966261
27 24 3.6111298245248626
27 25 3.584937800393589
27 26 3.4330960438679785
27 27 3.541851856139808
27 28 3.355085083748008
27 29 3.6050547692213066
28 0 2.9670004446197114
28 1 3.024669259125291
28 2 3.3225053692789226
28 3 3.108622927604344
28 4 2.8019874645957707
28 5 3.100842141434973
28 6 3.0522483259834337
28 7 3.4474257786180615
28 8 3.192157069676149
28 9 3.2625423519295844
28 10 3.200172311830167
28 11 3.66943917173223
28 12 3.437635964330177
28 13 3.410834731177183
28 14 3.3228856889980047
28 15 3.2792162449281945
28 16 3.4639938654139986
28 17 3.7691915959266638
28 18 3.496447483980773
28 19 3.3815437751780633
28 20 3.440574396568647
28 21 3.54707644067155
28 22 3.5241098688391213
28 23 3.663332096919768
28 24 3.294634809263125
28 25 3.3312154158259664
28 26 3.289901245634012
28 27 3.355085083748008
28 28 3.0911177098266056
28 29 3.413691266521074
29 0 2.702417525566185
29 1 3.0527888222202386
29 2 3.024669259125291
29 3 3.113063266996368
29 4 3.2083953911008676
29 5 2.9183647687828786
29 6 2.970262296388356
29 7 3.160223750123211
29 8 3.257866946859343
29 9 3.2788274828630195
29 10 3.268531284519643
29 11 3.725019874435523
29 12 3.3674855678900903
29 13 3.625330994580073
29 14 3.560310536098678
29 15 3.6493656904758542
29 16 3.327613727389476
29 17 3.3692165380547885
29 18 3.333995613241373
29 19 3.1574516338463066
29 20 3.4335964235553917
29 21 3.17241505859778
29 22 3.417890728623235
29 23 3.0046388738018988
29 24 3.1947635834689287
29 25 3.4107628004436648
29 26 3.7080469388406314
29 27 3.6050547692213066
29 28 3.413691266521074
29 29 3.341800806951318
