0 0 3.002868691735919
0 1 3.1147629517648348
0 2 3.0590184184359535
0 3 2.922002653627742
0 4 3.085979660351453
0 5 3.1280226162480917
0 6 3.3452141078961124
0 7 3.4456885804478024
0 8 3.3626252712029485
0 9 3.2924511454241516
0 10 3.1907458503885864
0 11 3.053012641985763
0 12 3.18487554574261
0 13 3.3513135574323694
0 14 3.2417329462035767
0 15 3.2003750985625867
0 16 3.1678718128895507
0 17 3.330948021996556
0 18 3.252731426749881
0 19 3.017178538168012
0 20 3.211201428075618
0 21 3.023053644416126
0 22 3.400166428149993
0 23 3.3130760582140684
0 24 3.2757809689785904
0 25 2.849204617751163
0 26 2.9387379615326354
0 27 3.267335564300368
0 28 3.026800967978166
0 29 3.174753515580519
1 0 3.1147629517648348
1 1 3.296515433155529
1 2 3.013171555413636
1 3 3.0609495371182756
1 4 3.3882310794927735
1 5 3.53787989724323
1 6 3.368303189248882
1 7 3.198418463726048
1 8 3.2953421320328795
1 9 3.325558808902838
1 10 3.2795747855985375
1 11 3.580038688825093
1 12 3.4359783277124363
1 13 3.8724513103338962
1 14 3.6226132498612946
1 15 3.6833741214984164
1 16 3.531782437115271
1 17 3.5452770838771266
1 18 3.371188915536269
1 19 3.319763990638067
1 20 3.492155315450313
1 21 3.4994042640126426
1 22 3.299105160228691
1 23 3.2736730024941307
1 24 3.2665827787945085
1 25 3.319360649274837
1 26 3.2199873625859854
1 27 2.8447263084768983
1 28 3.2221628641748543
1 29 3.223961089122895
2 0 3.0590184184359535
2 1 3.013171555413636
2 2 3.184790643722933
2 3 3.0450127260808224
2 4 3.2055911759702034
2 5 3.103792351832542
2 6 3.237638706440739
2 7 3.1866364273686405
2 8 3.3221037881639086
2 9 3.5193290863864783
2 10 3.4726595632395005
2 11 3.520545347666856
2 12 3.062170480455847
2 13 3.370731166823839
2 14 3.397652219303664
2 15 3.168660086186634
2 16 3.117144840637169
2 17 3.2794507866221316
2 18 3.5359405952920366
2 19 3.566063325931218
2 20 3.329302284211318
2 21 3.1825103507136547
2 22 3.105927762145429
2 23 3.2341320275258987
2 24 3.501481470262434
2 25 3.1985813358757302
2 26 3.4168969757049283
2 27 3.1331265636480516
2 28 3.014897046914316
2 29 3.2221628641748543
3 0 2.922002653627742
3 1 3.0609495371182756
3 2 3.0450127260808224
3 3 3.526321253047072
3 4 3.3289971428615743
3 5 3.4305023677095354
3 6 3.5132919541792966
3 7 3.383587640956829
3 8 3.210309206401616
3 9 3.2178632112080896
3 10 3.4733924152202054
3 11 3.773788109432826
3 12 3.609284348884517
3 13 3.729593182347999
3 14 3.7174160399175316
3 15 3.334453011836284
3 16 3.4494169158201275
3 17 3.5722053451029905
3 18 3.3619111545259184
3 19 3.3956871691268944
3 20 3.216425230034234
3 21 3.3916421065682725
3 22 3.4980859588061204
3 23 3.262449183789943
3 24 3.2655148080389615
3 25 3.2975785794387638
3 26 3.3478415004374185
3 27 3.274389295994421
3 28 3.1331265636480516
3 29 2.8447263084768983
4 0 3.085979660351453
4 1 3.3882310794927735
4 2 3.2055911759702034
4 3 3.3289971428615743
4 4 3.326477954523205
4 5 3.4989841574921092
4 6 3.3978621049510287
4 7 3.424478645296448
4 8 3.3174167752548223
4 9 3.701570428406818
4 10 3.3686634913459144
4 11 3.1777974714501602
4 12 3.2343523204455153
4 13 3.6613364233011665
4 14 3.1553816276290045
4 15 3.5460278631899125
4 16 3.142065872200373
4 17 3.2939770895487888
4 18 3.683794926852188
4 19 3.5095089157316792
4 20 3.195970282583779
4 21 3.4186277009884765
4 22 3.12794666056382
4 23 3.499154985208831
4 24 3.397280601995221
4 25 3.32788842103859
4 26 3.1536638520895197
4 27 3.3478415004374185
4 28 3.4168969757049283
4 29 3.2199873625859854
5 0 3.1280226162480917
5 1 3.53787989724323
5 2 3.103792351832542
5 3 3.4305023677095354
5 4 3.4989841574921092
5 5 3.2649623579938347
5 6 3.469534039108158
5 7 3.525713038278871
5 8 3.331102525656676
5 9 3.5166249853396017
5 10 3.661537603732964
5 11 3.908872366659005
5 12 4.338722730877079
5 13 3.9557947622534853
5 14 3.586640497295162
5 15 3.602297921176171
5 16 3.7854451021113875
5 17 4.001630607637114
5 18 3.4112625386769384
5 19 3.406180876645293
5 20 3.4720452636012165
5 21 3.603698519461786
5 22 3.4271625998336233
5 23 3.1398741705921283
5 24 3.3014326947438697
5 25 3.219989814550642
5 26 3.32788842103859
5 27 3.2975785794387638
5 28 3.1985813358757302
5 29 3.319360649274837
6 0 3.3452141078961124
6 1 3.368303189248882
6 2 3.237638706440739
6 3 3.5132919541792966
6 4 3.3978621049510287
6 5 3.469534039108158
6 6 3.3633159521694234
6 7 3.382783819282624
6 8 3.312955027274811
6 9 3.7585296131783568
6 10 3.678882701044
6 11 3.5894310164972754
6 12 3.5956689675965356
6 13 3.64997932413697
6 14 3.670304072238796
6 15 3.543668496426751
6 16 3.6927984523115307
6 17 3.616247389872616
6 18 3.4592122451382172
6 19 3.4154955463018033
6 20 3.616643888747507
6 21 3.2204340884763045
6 22 3.5323432630437903
6 23 3.689930335728901
6 24 3.3164926486746618
6 25 3.3014326947438697
6 26 3.397280601995221
6 27 3.2655148080389615
6 28 3.501481470262434
6 29 3.2665827787945085
7 0 3.4456885804478024
7 1 3.198418463726048
7 2 3.1866364273686405
7 3 3.383587640956829
7 4 3.424478645296448
7 5 3.525713038278871
7 6 3.382783819282624
7 7 3.4884400247668714
7 8 4.236287217402956
7 9 3.5630760328008177
7 10 3.3654643422740396
7 11 3.6004866118500325
7 12 3.467367961384941
7 13 3.4796488378019577
7 14 3.8891631263878526
7 15 3.5616420477152246
7 16 4.075509931785539
7 17 3.950734553110807
7 18 3.6999687068463825
7 19 3.475470536978129
7 20 3.8874706948605464
7 21 3.423340899856186
7 22 3.540186225097816
7 23 3.4428805454713083
7 24 3.689930335728901
7 25 3.1398741705921283
7 26 3.499154985208831
7 27 3.262449183789943
7 28 3.2341320275258987
7 29 3.2736730024941307
8 0 3.3626252712029485
8 1 3.2953421320328795
8 2 3.3221037881639086
8 3 3.210309206401616
8 4 3.3174167752548223
8 5 3.331102525656676
8 6 3.312955027274811
8 7 4.236287217402956
8 8 3.4137326262852636
8 9 4.245419364699862
8 10 3.746826721389508
8 11 3.7996451515817955
8 12 4.012653978627041
8 13 3.673607165872832
8 14 3.7527456441171894
8 15 3.7941810970358487
8 16 4.062097668149492
8 17 4.024033671477691
8 18 3.640709969591807
8 19 3.9921584444959306
8 20 3.408312833900069
8 21 3.6299730382579227
8 22 3.4704458056072895
8 23 3.540186225097816
8 24 3.5323432630437903
8 25 3.4271625998336233
8 26 3.12794666056382
8 27 3.4980859588061204
8 28 3.105927762145429
8 29 3.299105160228691
9 0 3.2924511454241516
9 1 3.325558808902838
9 2 3.5193290863864783
9 3 3.2178632112080896
9 4 3.701570428406818
9 5 3.5166249853396017
9 6 3.7585296131783568
9 7 3.5630760328008177
9 8 4.245419364699862
9 9 3.9571307797996096
9 10 4.007743519070981
9 11 3.994942796141257
9 12 4.000785904580897
9 13 3.5328186209673453
9 14 3.869305201467339
9 15 3.9307392170633357
9 16 4.166136188077202
9 17 4.042881955514734
9 18 4.135163032941158
9 19 3.5644737558089967
9 20 3.7354657916889025
9 21 3.8132082136984464
9 22 3.6299730382579227
9 23 3.423340899856186
9 24 3.2204340884763045
9 25 3.603698519461786
9 26 3.4186277009884765
9 27 3.3916421065682725
9 28 3.1825103507136547
9 29 3.4994042640126426
10 0 3.1907458503885864
10 1 3.2795747855985375
10 2 3.4726595632395005
10 3 3.4733924152202054
10 4 3.3686634913459144
10 5 3.661537603732964
10 6 3.678882701044
10 7 3.3654643422740396
10 8 3.746826721389508
10 9 4.007743519070981
10 10 4.316006033279996
10 11 3.7134336774398373
10 12 3.7290976434704532
10 13 4.564340828196923
10 14 4.301966664350385
10 15 4.031095093098349
10 16 3.9141289381465234
10 17 4.336023139117906
10 18 3.3928176504418373
10 19 3.831498246652124
10 20 4.294648113379715
10 21 3.7354657916889025
10 22 3.408312833900069
10 23 3.8874706948605464
10 24 3.616643888747507
10 25 3.4720452636012165
10 26 3.195970282583779
10 27 3.216425230034234
10 28 3.329302284211318
10 29 3.492155315450313
11 0 3.053012641985763
11 1 3.580038688825093
11 2 3.520545347666856
11 3 3.773788109432826
11 4 3.1777974714501602
11 5 3.908872366659005
11 6 3.5894310164972754
11 7 3.6004866118500325
11 8 3.7996451515817955
11 9 3.994942796141257
11 10 3.7134336774398373
11 11 4.167252625575184
11 12 4.2963340083232096
11 13 3.9902109977293008
11 14 3.5202820757942117
11 15 4.099523296700587
11 16 3.909572215235466
11 17 4.2454767762462176
11 18 3.9054062936112155
11 19 4.125790810429091
11 20 3.831498246652124
11 21 3.5644737558089967
11 22 3.9921584444959306
11 23 3.475470536978129
11 24 3.4154955463018033
11 25 3.406180876645293
11 26 3.5095089157316792
11 27 3.3956871691268944
11 28 3.566063325931218
11 29 3.319763990638067
12 0 3.18487554574261
12 1 3.4359783277124363
12 2 3.062170480455847
12 3 3.609284348884517
12 4 3.2343523204455153
12 5 4.338722730877079
12 6 3.5956689675965356
12 7 3.467367961384941
12 8 4.012653978627041
12 9 4.000785904580897
12 10 3.7290976434704532
12 11 4.2963340083232096
12 12 3.620141769618823
12 13 3.7424449021105897
12 14 3.413056451383748
12 15 3.9924570800304493
12 16 3.7193511174732397
12 17 3.5987606907692546
12 18 4.134596350322526
12 19 3.9054062936112155
12 20 3.3928176504418373
12 21 4.135163032941158
12 22 3.640709969591807
12 23 3.6999687068463825
12 24 3.4592122451382172
12 25 3.4112625386769384
12 26 3.683794926852188
12 27 3.3619111545259184
12 28 3.5359405952920366
12 29 3.371188915536269
13 0 3.3513135574323694
13 1 3.8724513103338962
13 2 3.370731166823839
13 3 3.729593182347999
13 4 3.6613364233011665
13 5 3.9557947622534853
13 6 3.64997932413697
13 7 3.4796488378019577
13 8 3.673607165872832
13 9 3.5328186209673453
13 10 4.564340828196923
13 11 3.9902109977293008
13 12 3.7424449021105897
13 13 3.645674855244479
13 14 3.7809459863880988
13 15 3.7382324868987764
13 16 3.888084841233271
13 17 4.052408575846317
13 18 3.5987606907692546
13 19 4.2454767762462176
13 20 4.336023139117906
13 21 4.042881955514734
13 22 4.024033671477691
13 23 3.950734553110807
13 24 3.616247389872616
13 25 4.001630607637114
13 26 3.2939770895487888
13 27 3.5722053451029905
13 28 3.2794507866221316
13 29 3.5452770838771266
14 0 3.2417329462035767
14 1 3.6226132498612946
14 2 3.397652219303664
14 3 3.7174160399175316
14 4 3.1553816276290045
14 5 3.586640497295162
14 6 3.670304072238796
14 7 3.8891631263878526
14 8 3.7527456441171894
14 9 3.869305201467339
14 10 4.301966664350385
14 11 3.5202820757942117
14 12 3.413056451383748
14 13 3.7809459863880988
14 14 3.98700649333974
14 15 3.7100211101632845
14 16 3.751777778191637
14 17 3.888084841233271
14 18 3.7193511174732397
14 19 3.909572215235466
14 20 3.9141289381465234
14 21 4.166136188077202
14 22 4.062097668149492
14 23 4.075509931785539
14 24 3.6927984523115307
14 25 3.7854451021113875
14 26 3.142065872200373
14 27 3.4494169158201275
14 28 3.117144840637169
14 29 3.531782437115271
15 0 3.2003750985625867
15 1 3.6833741214984164
15 2 3.168660086186634
15 3 3.334453011836284
15 4 3.5460278631899125
15 5 3.602297921176171
15 6 3.543668496426751
15 7 3.5616420477152246
15 8 3.7941810970358487
15 9 3.9307392170633357
15 10 4.031095093098349
15 11 4.099523296700587
15 12 3.9924570800304493
15 13 3.7382324868987764
15 14 3.7100211101632845
15 15 4.0211083598652415
15 16 3.7100211101632845
15 17 3.7382324868987764
15 18 3.9924570800304493
15 19 4.099523296700587
15 20 4.031095093098349
15 21 3.9307392170633357
15 22 3.7941810970358487
15 23 3.5616420477152246
15 24 3.543668496426751
15 25 3.602297921176171
15 26 3.5460278631899125
15 27 3.334453011836284
15 28 3.168660086186634
15 29 3.6833741214984164
16 0 3.1678718128895507
16 1 3.531782437115271
16 2 3.117144840637169
16 3 3.4494169158201275
16 4 3.142065872200373
16 5 3.7854451021113875
16 6 3.6927984523115307
16 7 4.075509931785539
16 8 4.062097668149492
16 9 4.166136188077202
16 10 3.9141289381465234
16 11 3.909572215235466
16 12 3.7193511174732397
16 13 3.888084841233271
16 14 3.751777778191637
16 15 3.7100211101632845
16 16 3.98700649333974
16 17 3.7809459863880988
16 18 3.413056451383748
16 19 3.5202820757942117
16 20 4.301966664350385
16 21 3.869305201467339
16 22 3.7527456441171894
16 23 3.8891631263878526
16 24 3.670304072238796
16 25 3.586640497295162
16 26 3.1553816276290045
16 27 3.7174160399175316
16 28 3.397652219303664
16 29 3.6226132498612946
17 0 3.330948021996556
17 1 3.5452770838771266
17 2 3.2794507866221316
17 3 3.5722053451029905
17 4 3.2939770895487888
17 5 4.001630607637114
17 6 3.616247389872616
17 7 3.950734553110807
17 8 4.024033671477691
17 9 4.042881955514734
17 10 4.336023139117906
17 11 4.2454767762462176
17 12 3.5987606907692546
17 13 4.052408575846317
17 14 3.888084841233271
17 15 3.7382324868987764
17 16 3.7809459863880988
17 17 3.645674855244479
17 18 3.7424449021105897
17 19 3.9902109977293008
17 20 4.564340828196923
17 21 3.5328186209673453
17 22 3.673607165872832
17 23 3.4796488378019577
17 24 3.64997932413697
17 25 3.9557947622534853
17 26 3.6613364233011665
17 27 3.729593182347999
17 28 3.370731166823839
17 29 3.8724513103338962
18 0 3.252731426749881
18 1 3.371188915536269
18 2 3.5359405952920366
18 3 3.3619111545259184
18 4 3.683794926852188
18 5 3.4112625386769384
18 6 3.4592122451382172
18 7 3.6999687068463825
18 8 3.640709969591807
18 9 4.135163032941158
18 10 3.3928176504418373
18 11 3.9054062936112155
18 12 4.134596350322526
18 13 3.5987606907692546
18 14 3.7193511174732397
18 15 3.9924570800304493
18 16 3.413056451383748
18 17 3.7424449021105897
18 18 3.620141769618823
18 19 4.2963340083232096
18 20 3.7290976434704532
18 21 4.000785904580897
18 22 4.012653978627041
18 23 3.467367961384941
18 24 3.5956689675965356
18 25 4.338722730877079
18 26 3.2343523204455153
18 27 3.609284348884517
18 28 3.062170480455847
18 29 3.4359783277124363
19 0 3.017178538168012
19 1 3.319763990638067
19 2 3.566063325931218
19 3 3.3956871691268944
19 4 3.5095089157316792
19 5 3.406180876645293
19 6 3.4154955463018033
19 7 3.475470536978129
19 8 3.9921584444959306
19 9 3.5644737558089967
19 10 3.831498246652124
19 11 4.125790810429091
19 12 3.9054062936112155
19 13 4.2454767762462176
19 14 3.909572215235466
19 15 4.099523296700587
19 16 3.5202820757942117
19 17 3.9902109977293008
19 18 4.2963340083232096
19 19 4.167252625575184
19 20 3.7134336774398373
19 21 3.994942796141257
19 22 3.7996451515817955
19 23 3.6004866118500325
19 24 3.5894310164972754
19 25 3.908872366659005
19 26 3.1777974714501602
19 27 3.773788109432826
19 28 3.520545347666856
19 29 3.580038688825093
20 0 3.211201428075618
20 1 3.492155315450313
20 2 3.329302284211318
20 3 3.216425230034234
20 4 3.195970282583779
20 5 3.4720452636012165
20 6 3.616643888747507
20 7 3.8874706948605464
20 8 3.408312833900069
20 9 3.7354657916889025
20 10 4.294648113379715
20 11 3.831498246652124
20 12 3.3928176504418373
20 13 4.336023139117906
20 14 3.9141289381465234
20 15 4.031095093098349
20 16 4.301966664350385
20 17 4.564340828196923
20 18 3.7290976434704532
20 19 3.7134336774398373
20 20 4.316006033279996
20 21 4.007743519070981
20 22 3.746826721389508
20 23 3.3654643422740396
20 24 3.678882701044
20 25 3.661537603732964
20 26 3.3686634913459144
20 27 3.4733924152202054
20 28 3.4726595632395005
20 29 3.2795747855985375
21 0 3.023053644416126
21 1 3.4994042640126426
21 2 3.1825103507136547
21 3 3.3916421065682725
21 4 3.4186277009884765
21 5 3.603698519461786
21 6 3.2204340884763045
21 7 3.423340899856186
21 8 3.6299730382579227
21 9 3.8132082136984464
21 10 3.7354657916889025
21 11 3.5644737558089967
21 12 4.135163032941158
21 13 4.042881955514734
21 14 4.166136188077202
21 15 3.9307392170633357
21 16 3.869305201467339
21 17 3.5328186209673453
21 18 4.000785904580897
21 19 3.994942796141257
21 20 4.007743519070981
21 21 3.9571307797996096
21 22 4.245419364699862
21 23 3.5630760328008177
21 24 3.7585296131783568
21 25 3.5166249853396017
21 26 3.701570428406818
21 27 3.2178632112080896
21 28 3.5193290863864783
21 29 3.325558808902838
22 0 3.400166428149993
22 1 3.299105160228691
22 2 3.105927762145429
22 3 3.4980859588061204
22 4 3.12794666056382
22 5 3.4271625998336233
22 6 3.5323432630437903
22 7 3.540186225097816
22 8 3.4704458056072895
22 9 3.6299730382579227
22 10 3.408312833900069
22 11 3.9921584444959306
22 12 3.640709969591807
22 13 4.024033671477691
22 14 4.062097668149492
22 15 3.7941810970358487
22 16 3.7527456441171894
22 17 3.673607165872832
22 18 4.012653978627041
22 19 3.7996451515817955
22 20 3.746826721389508
22 21 4.245419364699862
22 22 3.4137326262852636
22 23 4.236287217402956
22 24 3.312955027274811
22 25 3.331102525656676
22 26 3.3174167752548223
22 27 3.210309206401616
22 28 3.3221037881639086
22 29 3.2953421320328795
23 0 3.3130760582140684
23 1 3.2736730024941307
23 2 3.2341320275258987
23 3 3.262449183789943
23 4 3.499154985208831
23 5 3.1398741705921283
23 6 3.689930335728901
23 7 3.4428805454713083
23 8 3.540186225097816
23 9 3.423340899856186
23 10 3.8874706948605464
23 11 3.475470536978129
23 12 3.6999687068463825
23 13 3.950734553110807
23 14 4.075509931785539
23 15 3.5616420477152246
23 16 3.8891631263878526
23 17 3.4796488378019577
23 18 3.467367961384941
23 19 3.6004866118500325
23 20 3.3654643422740396
23 21 3.5630760328008177
23 22 4.236287217402956
23 23 3.4884400247668714
23 24 3.382783819282624
23 25 3.525713038278871
23 26 3.424478645296448
23 27 3.383587640956829
23 28 3.1866364273686405
23 29 3.198418463726048
24 0 3.2757809689785904
24 1 3.2665827787945085
24 2 3.501481470262434
24 3 3.2655148080389615
24 4 3.397280601995221
24 5 3.3014326947438697
24 6 3.3164926486746618
24 7 3.689930335728901
24 8 3.5323432630437903
24 9 3.2204340884763045
24 10 3.616643888747507
24 11 3.4154955463018033
24 12 3.4592122451382172
24 13 3.616247389872616
24 14 3.6927984523115307
24 15 3.543668496426751
24 16 3.670304072238796
24 17 3.64997932413697
24 18 3.5956689675965356
24 19 3.5894310164972754
24 20 3.678882701044
24 21 3.7585296131783568
24 22 3.312955027274811
24 23 3.382783819282624
24 24 3.3633159521694234
24 25 3.469534039108158
24 26 3.3978621049510287
24 27 3.5132919541792966
24 28 3.237638706440739
24 29 3.368303189248882
25 0 2.849204617751163
25 1 3.319360649274837
25 2 3.1985813358757302
25 3 3.2975785794387638
25 4 3.32788842103859
25 5 3.219989814550642
25 6 3.3014326947438697
25 7 3.1398741705921283
25 8 3.4271625998336233
25 9 3.603698519461786
25 10 3.4720452636012165
25 11 3.406180876645293
25 12 3.4112625386769384
25 13 4.001630607637114
25 14 3.7854451021113875
25 15 3.602297921176171
25 16 3.586640497295162
25 17 3.9557947622534853
25 18 4.338722730877079
25 19 3.908872366659005
25 20 3.661537603732964
25 21 3.5166249853396017
25 22 3.331102525656676
25 23 3.525713038278871
25 24 3.469534039108158
25 25 3.2649623579938347
25 26 3.4989841574921092
25 27 3.4305023677095354
25 28 3.103792351832542
25 29 3.53787989724323
26 0 2.9387379615326354
26 1 3.2199873625859854
26 2 3.4168969757049283
26 3 3.3478415004374185
26 4 3.1536638520895197
26 5 3.32788842103859
26 6 3.397280601995221
26 7 3.499154985208831
26 8 3.12794666056382
26 9 3.4186277009884765
26 10 3.195970282583779
26 11 3.5095089157316792
26 12 3.683794926852188
26 13 3.2939770895487888
26 14 3.142065872200373
26 15 3.5460278631899125
26 16 3.1553816276290045
26 17 3.6613364233011665
26 18 3.2343523204455153
26 19 3.1777974714501602
26 20 3.3686634913459144
26 21 3.701570428406818
26 22 3.3174167752548223
26 23 3.424478645296448
26 24 3.3978621049510287
26 25 3.4989841574921092
26 26 3.326477954523205
26 27 3.3289971428615743
26 28 3.2055911759702034
26 29 3.3882310794927735
27 0 3.267335564300368
27 1 2.8447263084768983
27 2 3.1331265636480516
27 3 3.274389295994421
27 4 3.3478415004374185
27 5 3.2975785794387638
27 6 3.2655148080389615
27 7 3.262449183789943
27 8 3.4980859588061204
27 9 3.3916421065682725
27 10 3.216425230034234
27 11 3.3956871691268944
27 12 3.3619111545259184
27 13 3.5722053451029905
27 14 3.4494169158201275
27 15 3.334453011836284
27 16 3.7174160399175316
27 17 3.729593182347999
27 18 3.609284348884517
27 19 3.773788109432826
27 20 3.4733924152202054
27 21 3.2178632112080896
27 22 3.210309206401616
27 23 3.383587640956829
27 24 3.5132919541792966
27 25 3.4305023677095354
27 26 3.3289971428615743
27 27 3.526321253047072
27 28 3.0450127260808224
27 29 3.0609495371182756
28 0 3.026800967978166
28 1 3.2221628641748543
28 2 3.014897046914316
28 3 3.1331265636480516
28 4 3.4168969757049283
28 5 3.1985813358757302
28 6 3.501481470262434
28 7 3.2341320275258987
28 8 3.105927762145429
28 9 3.1825103507136547
28 10 3.329302284211318
28 11 3.566063325931218
28 12 3.5359405952920366
28 13 3.2794507866221316
28 14 3.117144840637169
28 15 3.168660086186634
28 16 3.397652219303664
28 17 3.370731166823839
28 18 3.062170480455847
28 19 3.520545347666856
28 20 3.4726595632395005
28 21 3.5193290863864783
28 22 3.3221037881639086
28 23 3.1866364273686405
28 24 3.237638706440739
28 25 3.103792351832542
28 26 3.2055911759702034
28 27 3.0450127260808224
28 28 3.184790643722933
28 29 3.013171555413636
29 0 3.174753515580519
29 1 3.223961089122895
29 2 3.2221628641748543
29 3 2.8447263084768983
29 4 3.2199873625859854
29 5 3.319360649274837
29 6 3.2665827787945085
29 7 3.2736730024941307
29 8 3.299105160228691
29 9 3.4994042640126426
29 10 3.492155315450313
29 11 3.319763990638067
29 12 3.371188915536269
29 13 3.5452770838771266
29 14 3.531782437115271
29 15 3.6833741214984164
29 16 3.6226132498612946
29 17 3.8724513103338962
29 18 3.4359783277124363
29 19 3.580038688825093
29 20 3.2795747855985375
29 21 3.325558808902838
29 22 3.2953421320328795
29 23 3.198418463726048
29 24 3.368303189248882
29 25 3.53787989724323
29 26 3.3882310794927735
29 27 3.0609495371182756
29 28 3.013171555413636
29 29 3.296515433155529
