0 0 2.9077065919036973
0 1 3.0020985490390726
0 2 3.12376844493017
0 3 3.06313569844767
0 4 2.9355209229720525
0 5 2.970262296388356
0 6 3.03177402502972
0 7 3.36471083650408
0 8 3.145432028740719
0 9 3.1971088620926507
0 10 3.401787772284624
0 11 3.130391475456073
0 12 3.05966362852856
0 13 3.3263345259378574
0 14 3.078298370136167
0 15 3.0596101922153323
0 16 3.382801311124671
0 17 3.3053618732372314
0 18 3.7426231094483526
0 19 3.374194030267736
0 20 3.2502327081677307
0 21 3.1571409148699465
0 22 3.664480602124766
0 23 3.5058840552004815
0 24 3.1312827662094374
0 25 3.1233605915938254
0 26 2.8447263084768983
0 27 3.289051292320994
0 28 3.1728945984335035
0 29 2.971919657259
1 0 3.0020985490390726
1 1 3.3850658720938696
1 2 2.9974323047587395
1 3 3.0506328661936917
1 4 3.2473662405062265
1 5 3.207507246108192
1 6 3.4559125421209713
1 7 3.110057579429494
1 8 2.9020866048532064
1 9 2.9734512527874406
1 10 3.1758089595698378
1 11 3.183815653839162
1 12 3.1260730145540867
1 13 3.329302284211318
1 14 3.7855568254936234
1 15 3.3130912334347378
1 16 3.476162256654201
1 17 3.3013497213885223
1 18 3.5581385929780582
1 19 3.1521988449271916
1 20 3.154287120743145
1 21 3.0513338512725734
1 22 3.4329349632173516
1 23 3.1510806497915507
1 24 3.1739892100717078
1 25 3.4168969757049283
1 26 3.1468643649161034
1 27 2.858159060933583
1 28 3.176178650289712
1 29 3.2046099517306357
2 0 3.12376844493017
2 1 2.9974323047587395
2 2 3.1097671594127196
2 3 3.1835725624796507
2 4 3.3832317822086058
2 5 3.2400539648684408
2 6 3.3776348450221385
2 7 3.274100923122894
2 8 3.319763990638067
2 9 3.8216876741892327
2 10 3.534559688120123
2 11 3.4737430550169672
2 12 3.0550114693789654
2 13 3.2735062733970124
2 14 2.98481547532672
2 15 3.4777493051244823
2 16 3.1195034019958614
2 17 3.109009026669038
2 18 3.068525237124623
2 19 3.404145637188186
2 20 3.5563379940926265
2 21 3.5289212051996954
2 22 3.5364489009988875
2 23 3.5068305253760936
2 24 3.2975785794387638
2 25 3.1377580701828265
2 26 3.492129442518475
2 27 3.10158966150999
2 28 3.187688389377845
2 29 3.176178650289712
3 0 3.06313569844767
3 1 3.0506328661936917
3 2 3.1835725624796507
3 3 3.2802557098209575
3 4 3.2600936296481753
3 5 3.338702655629398
3 6 3.406998131866607
3 7 3.1785116810783562
3 8 3.4980336101645886
3 9 3.1771791841227777
3 10 3.100793794564287
3 11 3.2172699869320196
3 12 3.560594873692866
3 13 3.521359783180362
3 14 3.3220418243898338
3 15 3.859200311837907
3 16 3.6690050297016263
3 17 3.5829076851754373
3 18 3.388027415996261
3 19 3.5058761945408325
3 20 3.236826198689524
3 21 3.4990725684357984
3 22 3.5415924298323347
3 23 3.397280601995221
3 24 3.2089830915628066
3 25 3.030386773468353
3 26 3.4028652689242276
3 27 3.1534341273873756
3 28 3.10158966150999
3 29 2.858159060933583
4 0 2.9355209229720525
4 1 3.2473662405062265
4 2 3.3832317822086058
4 3 3.2600936296481753
4 4 3.2622985514612317
4 5 2.9602134065519285
4 6 3.5675217844108147
4 7 3.348682215578872
4 8 3.212965366231838
4 9 3.2288391906070997
4 10 3.6665719128736076
4 11 3.27301788344894
4 12 3.271933273534736
4 13 3.0190705781185927
4 14 3.406180876645293
4 15 3.300840106028865
4 16 3.3729170243776476
4 17 3.2678754503284573
4 18 3.2591888288148376
4 19 3.506030009996412
4 20 3.5702996291668043
4 21 3.39377459537872
4 22 3.1398741705921283
4 23 3.297287017536392
4 24 3.4735933847808798
4 25 3.5837438211122326
4 26 3.1648133099328235
4 27 3.4028652689242276
4 28 3.492129442518475
4 29 3.1468643649161034
5 0 2.970262296388356
5 1 3.207507246108192
5 2 3.2400539648684408
5 3 3.338702655629398
5 4 2.9602134065519285
5 5 3.3194708487229243
5 6 3.1532297561860383
5 7 3.6605875971479858
5 8 3.643404867108803
5 9 3.683794926852188
5 10 3.5617109146698747
5 11 3.6572665666372557
5 12 3.228195248027237
5 13 4.105005024245299
5 14 3.9254489293606887
5 15 3.5646092108212764
5 16 3.9507593886877443
5 17 3.5997322296749767
5 18 3.6215834915790213
5 19 3.238459260919067
5 20 3.2167643887995085
5 21 3.5323432630437903
5 22 3.5322422312953283
5 23 3.338749407447795
5 24 3.4003151025694156
5 25 3.3731604704050975
5 26 3.5837438211122326
5 27 3.030386773468353
5 28 3.1377580701828265
5 29 3.4168969757049283
6 0 3.03177402502972
6 1 3.4559125421209713
6 2 3.3776348450221385
6 3 3.406998131866607
6 4 3.5675217844108147
6 5 3.1532297561860383
6 6 3.4141283339237454
6 7 3.5167603767138305
6 8 3.032874190886145
6 9 3.3715341304580604
6 10 3.5722995204727743
6 11 3.7546377550757057
6 12 3.552613664337366
6 13 3.8024575920949455
6 14 3.7882430844358024
6 15 3.7818634035176903
6 16 4.006840043755754
6 17 3.4582992575382354
6 18 3.469722619909888
6 19 3.852572229053479
6 20 3.423340899856186
6 21 3.144871582582318
6 22 3.392322880744172
6 23 3.583442192496655
6 24 3.1378345032321864
6 25 3.4003151025694156
6 26 3.4735933847808798
6 27 3.2089830915628066
6 28 3.2975785794387638
6 29 3.1739892100717078
7 0 3.36471083650408
7 1 3.110057579429494
7 2 3.274100923122894
7 3 3.1785116810783562
7 4 3.348682215578872
7 5 3.6605875971479858
7 6 3.5167603767138305
7 7 3.1989378266876094
7 8 3.612393737284922
7 9 3.8970981540714824
7 10 3.571487384332076
7 11 3.91384642071012
7 12 4.269254092353371
7 13 3.834722695993394
7 14 3.4549849265362482
7 15 3.640709969591807
7 16 3.801147332223352
7 17 4.2235858488685984
7 18 3.693286015034549
7 19 3.408312833900069
7 20 3.4379617421749753
7 21 4.199852402754611
7 22 3.314421171930547
7 23 3.344820291479384
7 24 3.583442192496655
7 25 3.338749407447795
7 26 3.297287017536392
7 27 3.397280601995221
7 28 3.5068305253760936
7 29 3.1510806497915507
8 0 3.145432028740719
8 1 2.9020866048532064
8 2 3.319763990638067
8 3 3.4980336101645886
8 4 3.212965366231838
8 5 3.643404867108803
8 6 3.032874190886145
8 7 3.612393737284922
8 8 4.117370778474893
8 9 4.0186794388591265
8 10 3.950734553110807
8 11 3.4972585965910494
8 12 3.883170327692434
8 13 4.382269624796097
8 14 3.8527549094362787
8 15 3.924542194675838
8 16 3.808111918133107
8 17 4.128853311500759
8 18 3.5644737558089967
8 19 3.5466047877273525
8 20 3.6395946395770706
8 21 3.484515145873164
8 22 3.892486389900199
8 23 3.314421171930547
8 24 3.392322880744172
8 25 3.5322422312953283
8 26 3.1398741705921283
8 27 3.5415924298323347
8 28 3.5364489009988875
8 29 3.4329349632173516
9 0 3.1971088620926507
9 1 2.9734512527874406
9 2 3.8216876741892327
9 3 3.1771791841227777
9 4 3.2288391906070997
9 5 3.683794926852188
9 6 3.3715341304580604
9 7 3.8970981540714824
9 8 4.0186794388591265
9 9 4.2299077216595515
9 10 4.089548169933442
9 11 3.7222520641188117
9 12 3.796286457054915
9 13 4.3234896119817945
9 14 4.1495629173983435
9 15 4.226174816245594
9 16 4.565568394277008
9 17 3.3928176504418373
9 18 3.945270794520155
9 19 3.9393917592430197
9 20 3.754726824853778
9 21 3.6855078730441684
9 22 3.484515145873164
9 23 4.199852402754611
9 24 3.144871582582318
9 25 3.5323432630437903
9 26 3.39377459537872
9 27 3.4990725684357984
9 28 3.5289212051996954
9 29 3.0513338512725734
10 0 3.401787772284624
10 1 3.1758089595698378
10 2 3.534559688120123
10 3 3.100793794564287
10 4 3.6665719128736076
10 5 3.5617109146698747
10 6 3.5722995204727743
10 7 3.571487384332076
10 8 3.950734553110807
10 9 4.089548169933442
10 10 4.0202276726948325
10 11 4.163257552889081
10 12 3.983794585151853
10 13 3.9727081294712128
10 14 3.8585439515416016
10 15 4.229812384282789
10 16 4.2454767762462176
10 17 3.9097812436568744
10 18 4.004198436842131
10 19 3.816933256134273
10 20 3.969824434884658
10 21 3.754726824853778
10 22 3.6395946395770706
10 23 3.4379617421749753
10 24 3.423340899856186
10 25 3.2167643887995085
10 26 3.5702996291668043
10 27 3.236826198689524
10 28 3.5563379940926265
10 29 3.154287120743145
11 0 3.130391475456073
11 1 3.183815653839162
11 2 3.4737430550169672
11 3 3.2172699869320196
11 4 3.27301788344894
11 5 3.6572665666372557
11 6 3.7546377550757057
11 7 3.91384642071012
11 8 3.4972585965910494
11 9 3.7222520641188117
11 10 4.163257552889081
11 11 3.9141289381465234
11 12 3.6989072137163514
11 13 4.129263986435692
11 14 4.1154517771875385
11 15 3.7193511174732397
11 16 4.333344853125844
11 17 3.829903424087703
11 18 4.134462875777175
11 19 3.6230084375408924
11 20 3.816933256134273
11 21 3.9393917592430197
11 22 3.5466047877273525
11 23 3.408312833900069
11 24 3.852572229053479
11 25 3.238459260919067
11 26 3.506030009996412
11 27 3.5058761945408325
11 28 3.404145637188186
11 29 3.1521988449271916
12 0 3.05966362852856
12 1 3.1260730145540867
12 2 3.0550114693789654
12 3 3.560594873692866
12 4 3.271933273534736
12 5 3.228195248027237
12 6 3.552613664337366
12 7 4.269254092353371
12 8 3.883170327692434
12 9 3.796286457054915
12 10 3.983794585151853
12 11 3.6989072137163514
12 12 4.2234381176578415
12 13 4.004947144934196
12 14 3.7382324868987764
12 15 3.8794093853662286
12 16 4.1026693930369795
12 17 4.154720554886424
12 18 4.072265624999999
12 19 4.134462875777175
12 20 4.004198436842131
12 21 3.945270794520155
12 22 3.5644737558089967
12 23 3.693286015034549
12 24 3.469722619909888
12 25 3.6215834915790213
12 26 3.2591888288148376
12 27 3.388027415996261
12 28 3.068525237124623
12 29 3.5581385929780582
13 0 3.3263345259378574
13 1 3.329302284211318
13 2 3.2735062733970124
13 3 3.521359783180362
13 4 3.0190705781185927
13 5 4.105005024245299
13 6 3.8024575920949455
13 7 3.834722695993394
13 8 4.382269624796097
13 9 4.3234896119817945
13 10 3.9727081294712128
13 11 4.129263986435692
13 12 4.004947144934196
13 13 3.98700649333974
13 14 3.5667867981819437
13 15 3.6539911821054964
13 16 3.6544833025766237
13 17 3.751777778191637
13 18 4.154720554886424
13 19 3.829903424087703
13 20 3.9097812436568744
13 21 3.3928176504418373
13 22 4.128853311500759
13 23 4.2235858488685984
13 24 3.4582992575382354
13 25 3.5997322296749767
13 26 3.2678754503284573
13 27 3.5829076851754373
13 28 3.109009026669038
13 29 3.3013497213885223
14 0 3.078298370136167
14 1 3.7855568254936234
14 2 2.98481547532672
14 3 3.3220418243898338
14 4 3.406180876645293
14 5 3.9254489293606887
14 6 3.7882430844358024
14 7 3.4549849265362482
14 8 3.8527549094362787
14 9 4.1495629173983435
14 10 3.8585439515416016
14 11 4.1154517771875385
14 12 3.7382324868987764
14 13 3.5667867981819437
14 14 3.736451365624915
14 15 3.923376661500072
14 16 3.8440272724238755
14 17 3.6544833025766237
14 18 4.1026693930369795
14 19 4.333344853125844
14 20 4.2454767762462176
14 21 4.565568394277008
14 22 3.808111918133107
14 23 3.801147332223352
14 24 4.006840043755754
14 25 3.9507593886877443
14 26 3.3729170243776476
14 27 3.6690050297016263
14 28 3.1195034019958614
14 29 3.476162256654201
15 0 3.0596101922153323
15 1 3.3130912334347378
15 2 3.4777493051244823
15 3 3.859200311837907
15 4 3.300840106028865
15 5 3.5646092108212764
15 6 3.7818634035176903
15 7 3.640709969591807
15 8 3.924542194675838
15 9 4.226174816245594
15 10 4.229812384282789
15 11 3.7193511174732397
15 12 3.8794093853662286
15 13 3.6539911821054964
15 14 3.923376661500072
15 15 3.3920288085937496
15 16 3.923376661500072
15 17 3.6539911821054964
15 18 3.8794093853662286
15 19 3.7193511174732397
15 20 4.229812384282789
15 21 4.226174816245594
15 22 3.924542194675838
15 23 3.640709969591807
15 24 3.7818634035176903
15 25 3.5646092108212764
15 26 3.300840106028865
15 27 3.859200311837907
15 28 3.4777493051244823
15 29 3.3130912334347378
16 0 3.382801311124671
16 1 3.476162256654201
16 2 3.1195034019958614
16 3 3.6690050297016263
16 4 3.3729170243776476
16 5 3.9507593886877443
16 6 4.006840043755754
16 7 3.801147332223352
16 8 3.808111918133107
16 9 4.565568394277008
16 10 4.2454767762462176
16 11 4.333344853125844
16 12 4.1026693930369795
16 13 3.6544833025766237
16 14 3.8440272724238755
16 15 3.923376661500072
16 16 3.736451365624915
16 17 3.5667867981819437
16 18 3.7382324868987764
16 19 4.1154517771875385
16 20 3.8585439515416016
16 21 4.1495629173983435
16 22 3.8527549094362787
16 23 3.4549849265362482
16 24 3.7882430844358024
16 25 3.9254489293606887
16 26 3.406180876645293
16 27 3.3220418243898338
16 28 2.98481547532672
16 29 3.7855568254936234
17 0 3.3053618732372314
17 1 3.3013497213885223
17 2 3.109009026669038
17 3 3.5829076851754373
17 4 3.2678754503284573
17 5 3.5997322296749767
17 6 3.4582992575382354
17 7 4.2235858488685984
17 8 4.128853311500759
17 9 3.3928176504418373
17 10 3.9097812436568744
17 11 3.829903424087703
17 12 4.154720554886424
17 13 3.751777778191637
17 14 3.6544833025766237
17 15 3.6539911821054964
17 16 3.5667867981819437
17 17 3.98700649333974
17 18 4.004947144934196
17 19 4.129263986435692
17 20 3.9727081294712128
17 21 4.3234896119817945
17 22 4.382269624796097
17 23 3.834722695993394
17 24 3.8024575920949455
17 25 4.105005024245299
17 26 3.0190705781185927
17 27 3.521359783180362
17 28 3.2735062733970124
17 29 3.329302284211318
18 0 3.7426231094483526
18 1 3.5581385929780582
18 2 3.068525237124623
18 3 3.388027415996261
18 4 3.2591888288148376
18 5 3.6215834915790213
18 6 3.469722619909888
18 7 3.693286015034549
18 8 3.5644737558089967
18 9 3.945270794520155
18 10 4.004198436842131
18 11 4.134462875777175
18 12 4.072265624999999
18 13 4.154720554886424
18 14 4.1026693930369795
18 15 3.8794093853662286
18 16 3.7382324868987764
18 17 4.004947144934196
18 18 4.2234381176578415
18 19 3.6989072137163514
18 20 3.983794585151853
18 21 3.796286457054915
18 22 3.883170327692434
18 23 4.269254092353371
18 24 3.552613664337366
18 25 3.228195248027237
18 26 3.271933273534736
18 27 3.560594873692866
18 28 3.0550114693789654
18 29 3.1260730145540867
19 0 3.374194030267736
19 1 3.1521988449271916
19 2 3.404145637188186
19 3 3.5058761945408325
19 4 3.506030009996412
19 5 3.238459260919067
19 6 3.852572229053479
19 7 3.408312833900069
19 8 3.5466047877273525
19 9 3.9393917592430197
19 10 3.816933256134273
19 11 3.6230084375408924
19 12 4.134462875777175
19 13 3.829903424087703
19 14 4.333344853125844
19 15 3.7193511174732397
19 16 4.1154517771875385
19 17 4.129263986435692
19 18 3.6989072137163514
19 19 3.9141289381465234
19 20 4.163257552889081
19 21 3.7222520641188117
19 22 3.4972585965910494
19 23 3.91384642071012
19 24 3.7546377550757057
19 25 3.6572665666372557
19 26 3.27301788344894
19 27 3.2172699869320196
19 28 3.4737430550169672
19 29 3.183815653839162
20 0 3.2502327081677307
20 1 3.154287120743145
20 2 3.5563379940926265
20 3 3.236826198689524
20 4 3.5702996291668043
20 5 3.2167643887995085
20 6 3.423340899856186
20 7 3.4379617421749753
20 8 3.6395946395770706
20 9 3.754726824853778
20 10 3.969824434884658
20 11 3.816933256134273
20 12 4.004198436842131
20 13 3.9097812436568744
20 14 4.2454767762462176
20 15 4.229812384282789
20 16 3.8585439515416016
20 17 3.9727081294712128
20 18 3.983794585151853
20 19 4.163257552889081
20 20 4.0202276726948325
20 21 4.089548169933442
20 22 3.950734553110807
20 23 3.571487384332076
20 24 3.5722995204727743
20 25 3.5617109146698747
20 26 3.6665719128736076
20 27 3.100793794564287
20 28 3.534559688120123
20 29 3.1758089595698378
21 0 3.1571409148699465
21 1 3.0513338512725734
21 2 3.5289212051996954
21 3 3.4990725684357984
21 4 3.39377459537872
21 5 3.5323432630437903
21 6 3.144871582582318
21 7 4.199852402754611
21 8 3.484515145873164
21 9 3.6855078730441684
21 10 3.754726824853778
21 11 3.9393917592430197
21 12 3.945270794520155
21 13 3.3928176504418373
21 14 4.565568394277008
21 15 4.226174816245594
21 16 4.1495629173983435
21 17 4.3234896119817945
21 18 3.796286457054915
21 19 3.7222520641188117
21 20 4.089548169933442
21 21 4.2299077216595515
21 22 4.0186794388591265
21 23 3.8970981540714824
21 24 3.3715341304580604
21 25 3.683794926852188
21 26 3.2288391906070997
21 27 3.1771791841227777
21 28 3.8216876741892327
21 29 2.9734512527874406
22 0 3.664480602124766
22 1 3.4329349632173516
22 2 3.5364489009988875
22 3 3.5415924298323347
22 4 3.1398741705921283
22 5 3.5322422312953283
22 6 3.392322880744172
22 7 3.314421171930547
22 8 3.892486389900199
22 9 3.484515145873164
22 10 3.6395946395770706
22 11 3.5466047877273525
22 12 3.5644737558089967
22 13 4.128853311500759
22 14 3.808111918133107
22 15 3.924542194675838
22 16 3.8527549094362787
22 17 4.382269624796097
22 18 3.883170327692434
22 19 3.4972585965910494
22 20 3.950734553110807
22 21 4.0186794388591265
22 22 4.117370778474893
22 23 3.612393737284922
22 24 3.032874190886145
22 25 3.643404867108803
22 26 3.212965366231838
22 27 3.4980336101645886
22 28 3.319763990638067
22 29 2.9020866048532064
23 0 3.5058840552004815
23 1 3.1510806497915507
23 2 3.5068305253760936
23 3 3.397280601995221
23 4 3.297287017536392
23 5 3.338749407447795
23 6 3.583442192496655
23 7 3.344820291479384
23 8 3.314421171930547
23 9 4.199852402754611
23 10 3.4379617421749753
23 11 3.408312833900069
23 12 3.693286015034549
23 13 4.2235858488685984
23 14 3.801147332223352
23 15 3.640709969591807
23 16 3.4549849265362482
23 17 3.834722695993394
23 18 4.269254092353371
23 19 3.91384642071012
23 20 3.571487384332076
23 21 3.8970981540714824
23 22 3.612393737284922
23 23 3.1989378266876094
23 24 3.5167603767138305
23 25 3.6605875971479858
23 26 3.348682215578872
23 27 3.1785116810783562
23 28 3.274100923122894
23 29 3.110057579429494
24 0 3.1312827662094374
24 1 3.1739892100717078
24 2 3.2975785794387638
24 3 3.2089830915628066
24 4 3.4735933847808798
24 5 3.4003151025694156
24 6 3.1378345032321864
24 7 3.583442192496655
24 8 3.392322880744172
24 9 3.144871582582318
24 10 3.423340899856186
24 11 3.852572229053479
24 12 3.469722619909888
24 13 3.4582992575382354
24 14 4.006840043755754
24 15 3.7818634035176903
24 16 3.7882430844358024
24 17 3.8024575920949455
24 18 3.552613664337366
24 19 3.7546377550757057
24 20 3.5722995204727743
24 21 3.3715341304580604
24 22 3.032874190886145
24 23 3.5167603767138305
24 24 3.4141283339237454
24 25 3.1532297561860383
24 26 3.5675217844108147
24 27 3.406998131866607
24 28 3.3776348450221385
24 29 3.4559125421209713
25 0 3.1233605915938254
25 1 3.4168969757049283
25 2 3.1377580701828265
25 3 3.030386773468353
25 4 3.5837438211122326
25 5 3.3731604704050975
25 6 3.4003151025694156
25 7 3.338749407447795
25 8 3.5322422312953283
25 9 3.5323432630437903
25 10 3.2167643887995085
25 11 3.238459260919067
25 12 3.6215834915790213
25 13 3.5997322296749767
25 14 3.9507593886877443
25 15 3.5646092108212764
25 16 3.9254489293606887
25 17 4.105005024245299
25 18 3.228195248027237
25 19 3.6572665666372557
25 20 3.5617109146698747
25 21 3.683794926852188
25 22 3.643404867108803
25 23 3.6605875971479858
25 24 3.1532297561860383
25 25 3.3194708487229243
25 26 2.9602134065519285
25 27 3.338702655629398
25 28 3.2400539648684408
25 29 3.207507246108192
26 0 2.8447263084768983
26 1 3.1468643649161034
26 2 3.492129442518475
26 3 3.4028652689242276
26 4 3.1648133099328235
26 5 3.5837438211122326
26 6 3.4735933847808798
26 7 3.297287017536392
26 8 3.1398741705921283
26 9 3.39377459537872
26 10 3.5702996291668043
26 11 3.506030009996412
26 12 3.2591888288148376
26 13 3.2678754503284573
26 14 3.3729170243776476
26 15 3.300840106028865
26 16 3.406180876645293
26 17 3.0190705781185927
26 18 3.271933273534736
26 19 3.27301788344894
26 20 3.6665719128736076
26 21 3.2288391906070997
26 22 3.212965366231838
26 23 3.348682215578872
26 24 3.5675217844108147
26 25 2.9602134065519285
26 26 3.2622985514612317
26 27 3.2600936296481753
26 28 3.3832317822086058
26 29 3.2473662405062265
27 0 3.289051292320994
27 1 2.858159060933583
27 2 3.10158966150999
27 3 3.1534341273873756
27 4 3.4028652689242276
27 5 3.030386773468353
27 6 3.2089830915628066
27 7 3.397280601995221
27 8 3.5415924298323347
27 9 3.4990725684357984
27 10 3.236826198689524
27 11 3.5058761945408325
27 12 3.388027415996261
27 13 3.5829076851754373
27 14 3.6690050297016263
27 15 3.859200311837907
27 16 3.3220418243898338
27 17 3.521359783180362
27 18 3.560594873692866
27 19 3.2172699869320196
27 20 3.100793794564287
27 21 3.1771791841227777
27 22 3.4980336101645886
27 23 3.1785116810783562
27 24 3.406998131866607
27 25 3.338702655629398
27 26 3.2600936296481753
27 27 3.2802557098209575
27 28 3.1835725624796507
27 29 3.0506328661936917
28 0 3.1728945984335035
28 1 3.176178650289712
28 2 3.187688389377845
28 3 3.10158966150999
28 4 3.492129442518475
28 5 3.1377580701828265
28 6 3.2975785794387638
28 7 3.5068305253760936
28 8 3.5364489009988875
28 9 3.5289212051996954
28 10 3.5563379940926265
28 11 3.404145637188186
28 12 3.068525237124623
28 13 3.109009026669038
28 14 3.1195034019958614
28 15 3.4777493051244823
28 16 2.98481547532672
28 17 3.2735062733970124
28 18 3.0550114693789654
28 19 3.4737430550169672
28 20 3.534559688120123
28 21 3.8216876741892327
28 22 3.319763990638067
28 23 3.274100923122894
28 24 3.3776348450221385
28 25 3.2400539648684408
28 26 3.3832317822086058
28 27 3.1835725624796507
28 28 3.1097671594127196
28 29 2.9974323047587395
29 0 2.971919657259
29 1 3.2046099517306357
29 2 3.176178650289712
29 3 2.858159060933583
29 4 3.1468643649161034
29 5 3.4168969757049283
29 6 3.1739892100717078
29 7 3.1510806497915507
29 8 3.4329349632173516
29 9 3.0513338512725734
29 10 3.154287120743145
29 11 3.1521988449271916
29 12 3.5581385929780582
29 13 3.3013497213885223
29 14 3.476162256654201
29 15 3.3130912334347378
29 16 3.7855568254936234
29 17 3.329302284211318
29 18 3.1260730145540867
29 19 3.183815653839162
29 20 3.1758089595698378
29 21 2.9734512527874406
29 22 2.9020866048532064
29 23 3.110057579429494
29 24 3.4559125421209713
29 25 3.207507246108192
29 26 3.2473662405062265
29 27 3.0506328661936917
29 28 2.9974323047587395
29 29 3.3850658720938696
