0 0 3.2219056764442215
0 1 3.3732180694355223
0 2 3.1661811294541646
0 3 3.313871434538202
0 4 3.3741582152632077
0 5 3.518408670493859
0 6 3.372368838234193
0 7 3.340447620565502
0 8 3.395904407442322
0 9 3.359511526654549
0 10 3.410351327607278
0 11 3.452114725086713
0 12 3.4010174440345144
0 13 3.4244104105234627
0 14 3.3511286694091
0 15 3.3934524564803947
0 16 3.487065342513106
0 17 3.1454427787683827
0 18 3.135172388277625
0 19 3.333060200679255
0 20 3.2788274828630195
0 21 3.2308504801524194
0 22 3.2830419429695024
0 23 3.2057688786188376
0 24 2.8226414003167544
0 25 2.906166474713557
0 26 3.06690453764133
0 27 3.154675972847685
0 28 2.866975318581117
0 29 3.0033400311262612
1 0 3.3732180694355223
1 1 3.0742611320090703
1 2 3.380482552524361
1 3 3.399528371520799
1 4 3.2151083834339627
1 5 3.2616982040486353
1 6 3.27755407307758
1 7 3.3347399272085103
1 8 3.428923163831953
1 9 3.3200826339261513
1 10 3.2639465859138403
1 11 3.2672664945629952
1 12 3.1481732305078864
1 13 3.205872421284159
1 14 2.9365703792323075
1 15 3.3301935308015986
1 16 3.7197436345545385
1 17 3.304258229838201
1 18 3.4731670482167423
1 19 3.200172311830167
1 20 3.121496019580938
1 21 3.3930131328993602
1 22 3.5592156508736417
1 23 3.3832317822086058
1 24 3.387564920199929
1 25 2.840619964407432
1 26 2.7810164898127407
1 27 3.2333533836836628
1 28 3.0558500126839476
1 29 3.4663624159848836
2 0 3.1661811294541646
2 1 3.380482552524361
2 2 3.2964896744868155
2 3 3.194322374276203
2 4 3.133071811585943
2 5 3.509832755865078
2 6 3.4713206465913915
2 7 2.9992085189056246
2 8 3.3692165380547885
2 9 3.227897249154412
2 10 3.583496740459112
2 11 3.381542327299388
2 12 3.2935545846002205
2 13 3.4907571729102713
2 14 3.5024888821372366
2 15 3.20434673882506
2 16 3.1274691827330727
2 17 3.192408903102895
2 18 3.3978621049510287
2 19 3.3076540837356343
2 20 3.3799424804316685
2 21 3.377185539901629
2 22 3.131553258030971
2 23 3.2664889886076844
2 24 3.400166428149993
2 25 3.2368202646872977
2 26 3.1516285906106196
2 27 2.7781971057457016
2 28 2.991637562086551
2 29 3.0558500126839476
3 0 3.313871434538202
3 1 3.399528371520799
3 2 3.194322374276203
3 3 3.1057749216102395
3 4 3.307918366910055
3 5 3.3414022806726154
3 6 3.2892582090623104
3 7 3.538990318186639
3 8 3.3329199619817893
3 9 3.377662906907963
3 10 3.245248905247462
3 11 3.6067587485057286
3 12 3.3217376179601437
3 13 2.9925881668590293
3 14 3.2642357462147125
3 15 3.574962197947535
3 16 3.598257936924011
3 17 3.476080321872061
3 18 3.22864628422505
3 19 2.9964221530113067
3 20 3.5392130143669167
3 21 3.4637524192661684
3 22 3.2234374635765644
3 23 3.4994042640126426
3 24 2.979485975140037
3 25 3.664480602124766
3 26 3.29259345866303
3 27 3.123350618322807
3 28 2.7781971057457016
3 29 3.2333533836836628
4 0 3.3741582152632077
4 1 3.2151083834339627
4 2 3.133071811585943
4 3 3.307918366910055
4 4 3.2345419011568284
4 5 3.3037660326748086
4 6 3.5403087883127724
4 7 3.207071658238812
4 8 3.6755656807778365
4 9 3.6675297289656466
4 10 3.875821462944243
4 11 3.9401824525793576
4 12 3.6635089701189374
4 13 3.8073115563487274
4 14 3.7856812546543703
4 15 3.5288069364137193
4 16 3.4892006380522624
4 17 3.5347699312471277
4 18 3.494264639769291
4 19 3.56530621687009
4 20 3.117144840637169
4 21 3.1236617984987176
4 22 3.329302284211318
4 23 3.3309593145258094
4 24 3.0513338512725734
4 25 3.105181057610185
4 26 3.3030370073224944
4 27 3.29259345866303
4 28 3.1516285906106196
4 29 2.7810164898127407
5 0 3.518408670493859
5 1 3.2616982040486353
5 2 3.509832755865078
5 3 3.3414022806726154
5 4 3.3037660326748086
5 5 3.505771445321113
5 6 3.1222261334191423
5 7 3.656312868696926
5 8 3.7058338449236192
5 9 3.541351823205438
5 10 4.304227149630828
5 11 3.7056047610770966
5 12 3.878151454043507
5 13 3.6482850663550876
5 14 3.5291351483638436
5 15 3.7270151109060343
5 16 3.870977244603646
5 17 3.4884400247668714
5 18 3.008044566830109
5 19 3.6938031276056975
5 20 3.6577106631707683
5 21 3.3956871691268944
5 22 2.939374147935526
5 23 3.5563379940926265
5 24 3.4964208593586803
5 25 3.198121331261635
5 26 3.105181057610185
5 27 3.664480602124766
5 28 3.2368202646872977
5 29 2.840619964407432
6 0 3.372368838234193
6 1 3.27755407307758
6 2 3.4713206465913915
6 3 3.2892582090623104
6 4 3.5403087883127724
6 5 3.1222261334191423
6 6 3.663849282598649
6 7 3.5491257113367487
6 8 4.2735451237425055
6 9 3.7669688188149175
6 10 3.6105411896148936
6 11 3.7708920966932737
6 12 3.399031865774434
6 13 3.710845172585189
6 14 3.878836359023182
6 15 3.733883124401353
6 16 3.5858008168957176
6 17 3.923101763526464
6 18 3.716358047033221
6 19 3.0665595763076023
6 20 3.683794926852188
6 21 3.2266980832209033
6 22 3.5058761945408325
6 23 3.345285114831586
6 24 3.1333514956769464
6 25 3.4964208593586803
6 26 3.0513338512725734
6 27 2.979485975140037
6 28 3.400166428149993
6 29 3.387564920199929
7 0 3.340447620565502
7 1 3.3347399272085103
7 2 2.9992085189056246
7 3 3.538990318186639
7 4 3.207071658238812
7 5 3.656312868696926
7 6 3.5491257113367487
7 7 4.040926144865353
7 8 3.8243371182482244
7 9 4.002526929276927
7 10 3.840121360299576
7 11 3.960855491267779
7 12 4.2475823650305955
7 13 3.869054842878993
7 14 3.8066697165213834
7 15 3.7491084949506712
7 16 4.0071234904524955
7 17 3.7607847060199227
7 18 3.8233136537581274
7 19 4.001630607637114
7 20 3.4380941635434366
7 21 3.2591888288148376
7 22 3.628461209068311
7 23 3.071111571791205
7 24 3.345285114831586
7 25 3.5563379940926265
7 26 3.3309593145258094
7 27 3.4994042640126426
7 28 3.2664889886076844
7 29 3.3832317822086058
8 0 3.395904407442322
8 1 3.428923163831953
8 2 3.3692165380547885
8 3 3.3329199619817893
8 4 3.6755656807778365
8 5 3.7058338449236192
8 6 4.2735451237425055
8 7 3.8243371182482244
8 8 3.993779070312792
8 9 3.7878940072922207
8 10 4.112321150418082
8 11 4.379304000373641
8 12 4.160820089339852
8 13 3.819139815773401
8 14 4.232084255571765
8 15 3.91378227755475
8 16 3.746826721389508
8 17 3.7940376183522577
8 18 3.6927984523115307
8 19 3.4817479547767998
8 20 3.5997322296749767
8 21 3.4310920728763166
8 22 3.344820291479384
8 23 3.628461209068311
8 24 3.5058761945408325
8 25 2.939374147935526
8 26 3.329302284211318
8 27 3.2234374635765644
8 28 3.131553258030971
8 29 3.5592156508736417
9 0 3.359511526654549
9 1 3.3200826339261513
9 2 3.227897249154412
9 3 3.377662906907963
9 4 3.6675297289656466
9 5 3.541351823205438
9 6 3.7669688188149175
9 7 4.002526929276927
9 8 3.7878940072922207
9 9 4.45464602380371
9 10 4.505507541584039
9 11 4.0620440109986475
9 12 4.565228467440984
9 13 4.369694925244272
9 14 3.968384455133546
9 15 4.086950620141097
9 16 4.304059074150641
9 17 3.5616420477152246
9 18 3.8446416483820105
9 19 4.006840043755754
9 20 3.6513199412658444
9 21 3.7967121243505133
9 22 3.4310920728763166
9 23 3.2591888288148376
9 24 3.2266980832209033
9 25 3.3956871691268944
9 26 3.1236617984987176
9 27 3.4637524192661684
9 28 3.377185539901629
9 29 3.3930131328993602
10 0 3.410351327607278
10 1 3.2639465859138403
10 2 3.583496740459112
10 3 3.245248905247462
10 4 3.875821462944243
10 5 4.304227149630828
10 6 3.6105411896148936
10 7 3.840121360299576
10 8 4.112321150418082
10 9 4.505507541584039
10 10 3.7879425484501303
10 11 3.854732589578215
10 12 3.58128344305445
10 13 4.508943555028198
10 14 4.276196945820931
10 15 3.772943718446719
10 16 3.7527456441171894
10 17 3.964819786892579
10 18 3.640709969591807
10 19 3.879567337734706
10 20 3.4965735590294456
10 21 3.6513199412658444
10 22 3.5997322296749767
10 23 3.4380941635434366
10 24 3.683794926852188
10 25 3.6577106631707683
10 26 3.117144840637169
10 27 3.5392130143669167
10 28 3.3799424804316685
10 29 3.121496019580938
11 0 3.452114725086713
11 1 3.2672664945629952
11 2 3.381542327299388
11 3 3.6067587485057286
11 4 3.9401824525793576
11 5 3.7056047610770966
11 6 3.7708920966932737
11 7 3.960855491267779
11 8 4.379304000373641
11 9 4.0620440109986475
11 10 3.854732589578215
11 11 3.5247911451195253
11 12 3.4951376925015514
11 13 4.165370718508504
11 14 4.161280133514257
11 15 3.5328186209673453
11 16 4.182502675120149
11 17 3.8527549094362787
11 18 3.8013332027535265
11 19 3.522359934505415
11 20 3.879567337734706
11 21 4.006840043755754
11 22 3.4817479547767998
11 23 4.001630607637114
11 24 3.0665595763076023
11 25 3.6938031276056975
11 26 3.56530621687009
11 27 2.9964221530113067
11 28 3.3076540837356343
11 29 3.200172311830167
12 0 3.4010174440345144
12 1 3.1481732305078864
12 2 3.2935545846002205
12 3 3.3217376179601437
12 4 3.6635089701189374
12 5 3.878151454043507
12 6 3.399031865774434
12 7 4.2475823650305955
12 8 4.160820089339852
12 9 4.565228467440984
12 10 3.58128344305445
12 11 3.4951376925015514
12 12 3.7548956821207575
12 13 4.2610035561021045
12 14 3.7290976434704532
12 15 3.9030407129941422
12 16 4.3234896119817945
12 17 3.9281509577930263
12 18 3.9346599564490425
12 19 3.8013332027535265
12 20 3.640709969591807
12 21 3.8446416483820105
12 22 3.6927984523115307
12 23 3.8233136537581274
12 24 3.716358047033221
12 25 3.008044566830109
12 26 3.494264639769291
12 27 3.22864628422505
12 28 3.3978621049510287
12 29 3.4731670482167423
13 0 3.4244104105234627
13 1 3.205872421284159
13 2 3.4907571729102713
13 3 2.9925881668590293
13 4 3.8073115563487274
13 5 3.6482850663550876
13 6 3.710845172585189
13 7 3.869054842878993
13 8 3.819139815773401
13 9 4.369694925244272
13 10 4.508943555028198
13 11 4.165370718508504
13 12 4.2610035561021045
13 13 4.167252625575184
13 14 4.200475581505704
13 15 3.983794585151853
13 16 3.9894425527293564
13 17 4.125790810429091
13 18 3.9281509577930263
13 19 3.8527549094362787
13 20 3.964819786892579
13 21 3.5616420477152246
13 22 3.7940376183522577
13 23 3.7607847060199227
13 24 3.923101763526464
13 25 3.4884400247668714
13 26 3.5347699312471277
13 27 3.476080321872061
13 28 3.192408903102895
13 29 3.304258229838201
14 0 3.3511286694091
14 1 2.9365703792323075
14 2 3.5024888821372366
14 3 3.2642357462147125
14 4 3.7856812546543703
14 5 3.5291351483638436
14 6 3.878836359023182
14 7 3.8066697165213834
14 8 4.232084255571765
14 9 3.968384455133546
14 10 4.276196945820931
14 11 4.161280133514257
14 12 3.7290976434704532
14 13 4.200475581505704
14 14 3.9141289381465234
14 15 3.4053966919691425
14 16 3.6230084375408924
14 17 3.9894425527293564
14 18 4.3234896119817945
14 19 4.182502675120149
14 20 3.7527456441171894
14 21 4.304059074150641
14 22 3.746826721389508
14 23 4.0071234904524955
14 24 3.5858008168957176
14 25 3.870977244603646
14 26 3.4892006380522624
14 27 3.598257936924011
14 28 3.1274691827330727
14 29 3.7197436345545385
15 0 3.3934524564803947
15 1 3.3301935308015986
15 2 3.20434673882506
15 3 3.574962197947535
15 4 3.5288069364137193
15 5 3.7270151109060343
15 6 3.733883124401353
15 7 3.7491084949506712
15 8 3.91378227755475
15 9 4.086950620141097
15 10 3.772943718446719
15 11 3.5328186209673453
15 12 3.9030407129941422
15 13 3.983794585151853
15 14 3.4053966919691425
15 15 3.9302959560096467
15 16 3.4053966919691425
15 17 3.983794585151853
15 18 3.9030407129941422
15 19 3.5328186209673453
15 20 3.772943718446719
15 21 4.086950620141097
15 22 3.91378227755475
15 23 3.7491084949506712
15 24 3.733883124401353
15 25 3.7270151109060343
15 26 3.5288069364137193
15 27 3.574962197947535
15 28 3.20434673882506
15 29 3.3301935308015986
16 0 3.487065342513106
16 1 3.7197436345545385
16 2 3.1274691827330727
16 3 3.598257936924011
16 4 3.4892006380522624
16 5 3.870977244603646
16 6 3.5858008168957176
16 7 4.0071234904524955
16 8 3.746826721389508
16 9 4.304059074150641
16 10 3.7527456441171894
16 11 4.182502675120149
16 12 4.3234896119817945
16 13 3.9894425527293564
16 14 3.6230084375408924
16 15 3.4053966919691425
16 16 3.9141289381465234
16 17 4.200475581505704
16 18 3.7290976434704532
16 19 4.161280133514257
16 20 4.276196945820931
16 21 3.968384455133546
16 22 4.232084255571765
16 23 3.8066697165213834
16 24 3.878836359023182
16 25 3.5291351483638436
16 26 3.7856812546543703
16 27 3.2642357462147125
16 28 3.5024888821372366
16 29 2.9365703792323075
17 0 3.1454427787683827
17 1 3.304258229838201
17 2 3.192408903102895
17 3 3.476080321872061
17 4 3.5347699312471277
17 5 3.4884400247668714
17 6 3.923101763526464
17 7 3.7607847060199227
17 8 3.7940376183522577
17 9 3.5616420477152246
17 10 3.964819786892579
17 11 3.8527549094362787
17 12 3.9281509577930263
17 13 4.125790810429091
17 14 3.9894425527293564
17 15 3.983794585151853
17 16 4.200475581505704
17 17 4.167252625575184
17 18 4.2610035561021045
17 19 4.165370718508504
17 20 4.508943555028198
17 21 4.369694925244272
17 22 3.819139815773401
17 23 3.869054842878993
17 24 3.710845172585189
17 25 3.6482850663550876
17 26 3.8073115563487274
17 27 2.9925881668590293
17 28 3.4907571729102713
17 29 3.205872421284159
18 0 3.135172388277625
18 1 3.4731670482167423
18 2 3.3978621049510287
18 3 3.22864628422505
18 4 3.494264639769291
18 5 3.008044566830109
18 6 3.716358047033221
18 7 3.8233136537581274
18 8 3.6927984523115307
18 9 3.8446416483820105
18 10 3.640709969591807
18 11 3.8013332027535265
18 12 3.9346599564490425
18 13 3.9281509577930263
18 14 4.3234896119817945
18 15 3.9030407129941422
18 16 3.7290976434704532
18 17 4.2610035561021045
18 18 3.7548956821207575
18 19 3.4951376925015514
18 20 3.58128344305445
18 21 4.565228467440984
18 22 4.160820089339852
18 23 4.2475823650305955
18 24 3.399031865774434
18 25 3.878151454043507
18 26 3.6635089701189374
18 27 3.3217376179601437
18 28 3.2935545846002205
18 29 3.1481732305078864
19 0 3.333060200679255
19 1 3.200172311830167
19 2 3.3076540837356343
19 3 2.9964221530113067
19 4 3.56530621687009
19 5 3.6938031276056975
19 6 3.0665595763076023
19 7 4.001630607637114
19 8 3.4817479547767998
19 9 4.006840043755754
19 10 3.879567337734706
19 11 3.522359934505415
19 12 3.8013332027535265
19 13 3.8527549094362787
19 14 4.182502675120149
19 15 3.5328186209673453
19 16 4.161280133514257
19 17 4.165370718508504
19 18 3.4951376925015514
19 19 3.5247911451195253
19 20 3.854732589578215
19 21 4.0620440109986475
19 22 4.379304000373641
19 23 3.960855491267779
19 24 3.7708920966932737
19 25 3.7056047610770966
19 26 3.9401824525793576
19 27 3.6067587485057286
19 28 3.381542327299388
19 29 3.2672664945629952
20 0 3.2788274828630195
20 1 3.121496019580938
20 2 3.3799424804316685
20 3 3.5392130143669167
20 4 3.117144840637169
20 5 3.6577106631707683
20 6 3.683794926852188
20 7 3.4380941635434366
20 8 3.5997322296749767
20 9 3.6513199412658444
20 10 3.4965735590294456
20 11 3.879567337734706
20 12 3.640709969591807
20 13 3.964819786892579
20 14 3.7527456441171894
20 15 3.772943718446719
20 16 4.276196945820931
20 17 4.508943555028198
20 18 3.58128344305445
20 19 3.854732589578215
20 20 3.7879425484501303
20 21 4.505507541584039
20 22 4.112321150418082
20 23 3.840121360299576
20 24 3.6105411896148936
20 25 4.304227149630828
20 26 3.875821462944243
20 27 3.245248905247462
20 28 3.583496740459112
20 29 3.2639465859138403
21 0 3.2308504801524194
21 1 3.3930131328993602
21 2 3.377185539901629
21 3 3.4637524192661684
21 4 3.1236617984987176
21 5 3.3956871691268944
21 6 3.2266980832209033
21 7 3.2591888288148376
21 8 3.4310920728763166
21 9 3.7967121243505133
21 10 3.6513199412658444
21 11 4.006840043755754
21 12 3.8446416483820105
21 13 3.5616420477152246
21 14 4.304059074150641
21 15 4.086950620141097
21 16 3.968384455133546
21 17 4.369694925244272
21 18 4.565228467440984
21 19 4.0620440109986475
21 20 4.505507541584039
21 21 4.45464602380371
21 22 3.7878940072922207
21 23 4.002526929276927
21 24 3.7669688188149175
21 25 3.541351823205438
21 26 3.6675297289656466
21 27 3.377662906907963
21 28 3.227897249154412
21 29 3.3200826339261513
22 0 3.2830419429695024
22 1 3.5592156508736417
22 2 3.131553258030971
22 3 3.2234374635765644
22 4 3.329302284211318
22 5 2.939374147935526
22 6 3.5058761945408325
22 7 3.628461209068311
22 8 3.344820291479384
22 9 3.4310920728763166
22 10 3.5997322296749767
22 11 3.4817479547767998
22 12 3.6927984523115307
22 13 3.7940376183522577
22 14 3.746826721389508
22 15 3.91378227755475
22 16 4.232084255571765
22 17 3.819139815773401
22 18 4.160820089339852
22 19 4.379304000373641
22 20 4.112321150418082
22 21 3.7878940072922207
22 22 3.993779070312792
22 23 3.8243371182482244
22 24 4.2735451237425055
22 25 3.7058338449236192
22 26 3.6755656807778365
22 27 3.3329199619817893
22 28 3.3692165380547885
22 29 3.428923163831953
23 0 3.2057688786188376
23 1 3.3832317822086058
23 2 3.2664889886076844
23 3 3.4994042640126426
23 4 3.3309593145258094
23 5 3.5563379940926265
23 6 3.345285114831586
23 7 3.071111571791205
23 8 3.628461209068311
23 9 3.2591888288148376
23 10 3.4380941635434366
23 11 4.001630607637114
23 12 3.8233136537581274
23 13 3.7607847060199227
23 14 4.0071234904524955
23 15 3.7491084949506712
23 16 3.8066697165213834
23 17 3.869054842878993
23 18 4.2475823650305955
23 19 3.960855491267779
23 20 3.840121360299576
23 21 4.002526929276927
23 22 3.8243371182482244
23 23 4.040926144865353
23 24 3.5491257113367487
23 25 3.656312868696926
23 26 3.207071658238812
23 27 3.538990318186639
23 28 2.9992085189056246
23 29 3.3347399272085103
24 0 2.8226414003167544
24 1 3.387564920199929
24 2 3.400166428149993
24 3 2.979485975140037
24 4 3.0513338512725734
24 5 3.4964208593586803
24 6 3.1333514956769464
24 7 3.345285114831586
24 8 3.5058761945408325
24 9 3.2266980832209033
24 10 3.683794926852188
24 11 3.0665595763076023
24 12 3.716358047033221
24 13 3.923101763526464
24 14 3.5858008168957176
24 15 3.733883124401353
24 16 3.878836359023182
24 17 3.710845172585189
24 18 3.399031865774434
24 19 3.7708920966932737
24 20 3.6105411896148936
24 21 3.7669688188149175
24 22 4.2735451237425055
24 23 3.5491257113367487
24 24 3.663849282598649
24 25 3.1222261334191423
24 26 3.5403087883127724
24 27 3.2892582090623104
24 28 3.4713206465913915
24 29 3.27755407307758
25 0 2.906166474713557
25 1 2.840619964407432
25 2 3.2368202646872977
25 3 3.664480602124766
25 4 3.105181057610185
25 5 3.198121331261635
25 6 3.4964208593586803
25 7 3.5563379940926265
25 8 2.939374147935526
25 9 3.3956871691268944
25 10 3.6577106631707683
25 11 3.6938031276056975
25 12 3.008044566830109
25 13 3.4884400247668714
25 14 3.870977244603646
25 15 3.7270151109060343
25 16 3.5291351483638436
25 17 3.6482850663550876
25 18 3.878151454043507
25 19 3.7056047610770966
25 20 4.304227149630828
25 21 3.541351823205438
25 22 3.7058338449236192
25 23 3.656312868696926
25 24 3.1222261334191423
25 25 3.505771445321113
25 26 3.3037660326748086
25 27 3.3414022806726154
25 28 3.509832755865078
25 29 3.2616982040486353
26 0 3.06690453764133
26 1 2.7810164898127407
26 2 3.1516285906106196
26 3 3.29259345866303
26 4 3.3030370073224944
26 5 3.105181057610185
26 6 3.0513338512725734
26 7 3.3309593145258094
26 8 3.329302284211318
26 9 3.1236617984987176
26 10 3.117144840637169
26 11 3.56530621687009
26 12 3.494264639769291
26 13 3.5347699312471277
26 14 3.4892006380522624
26 15 3.5288069364137193
26 16 3.7856812546543703
26 17 3.8073115563487274
26 18 3.6635089701189374
26 19 3.9401824525793576
26 20 3.875821462944243
26 21 3.6675297289656466
26 22 3.6755656807778365
26 23 3.207071658238812
26 24 3.5403087883127724
26 25 3.3037660326748086
26 26 3.2345419011568284
26 27 3.307918366910055
26 28 3.133071811585943
26 29 3.2151083834339627
27 0 3.154675972847685
27 1 3.2333533836836628
27 2 2.7781971057457016
27 3 3.123350618322807
27 4 3.29259345866303
27 5 3.664480602124766
27 6 2.979485975140037
27 7 3.4994042640126426
27 8 3.2234374635765644
27 9 3.4637524192661684
27 10 3.5392130143669167
27 11 2.9964221530113067
27 12 3.22864628422505
27 13 3.476080321872061
27 14 3.598257936924011
27 15 3.574962197947535
27 16 3.2642357462147125
27 17 2.9925881668590293
27 18 3.3217376179601437
27 19 3.6067587485057286
27 20 3.245248905247462
27 21 3.377662906907963
27 22 3.3329199619817893
27 23 3.538990318186639
27 24 3.2892582090623104
27 25 3.3414022806726154
27 26 3.307918366910055
27 27 3.1057749216102395
27 28 3.194322374276203
27 29 3.399528371520799
28 0 2.866975318581117
28 1 3.0558500126839476
28 2 2.991637562086551
28 3 2.7781971057457016
28 4 3.1516285906106196
28 5 3.2368202646872977
28 6 3.400166428149993
28 7 3.2664889886076844
28 8 3.131553258030971
28 9 3.377185539901629
28 10 3.3799424804316685
28 11 3.3076540837356343
28 12 3.3978621049510287
28 13 3.192408903102895
28 14 3.1274691827330727
28 15 3.20434673882506
28 16 3.5024888821372366
28 17 3.4907571729102713
28 18 3.2935545846002205
28 19 3.381542327299388
28 20 3.583496740459112
28 21 3.227897249154412
28 22 3.3692165380547885
28 23 2.9992085189056246
28 24 3.4713206465913915
28 25 3.509832755865078
28 26 3.133071811585943
28 27 3.194322374276203
28 28 3.2964896744868155
28 29 3.380482552524361
29 0 3.0033400311262612
29 1 3.4663624159848836
29 2 3.0558500126839476
29 3 3.2333533836836628
29 4 2.7810164898127407
29 5 2.840619964407432
29 6 3.387564920199929
29 7 3.3832317822086058
29 8 3.5592156508736417
29 9 3.3930131328993602
29 10 3.121496019580938
29 11 3.200172311830167
29 12 3.4731670482167423
29 13 3.304258229838201
29 14 3.7197436345545385
29 15 3.3301935308015986
29 16 2.9365703792323075
29 17 3.205872421284159
29 18 3.1481732305078864
29 19 3.2672664945629952
29 20 3.2639465859138403
29 21 3.3200826339261513
29 22 3.428923163831953
29 23 3.3347399272085103
29 24 3.27755407307758
29 25 3.2616982040486353
29 26 3.2151083834339627
29 27 3.399528371520799
29 28 3.380482552524361
29 29 3.0742611320090703
