0 0 3.0507995806340187
0 1 3.4210486751726426
0 2 2.927528417225936
0 3 3.0823734563624443
0 4 3.190236528563047
0 5 3.2041855919319744
0 6 3.4716081488003856
0 7 3.2905877022255363
0 8 3.2761434961465676
0 9 3.1368203390411526
0 10 3.450151284056777
0 11 3.3598131908665088
0 12 3.3629474677216704
0 13 3.434188527454981
0 14 3.2835345312289026
0 15 3.1246726646254257
0 16 3.0899423131279935
0 17 3.2787669020832975
0 18 3.0652513594373647
0 19 3.311950372873297
0 20 3.192157069676149
0 21 3.2904601089004264
0 22 3.3832317822086058
0 23 3.122908204763113
0 24 3.187642696123609
0 25 3.0593853978108956
0 26 3.4379829257161125
0 27 3.3911436738637293
0 28 3.440381255898146
0 29 3.1456252899380965
1 0 3.4210486751726426
1 1 3.127093188795744
1 2 3.1496638398433476
1 3 3.1367228992921548
1 4 3.188234018022838
1 5 3.307045406614098
1 6 3.3032240484900175
1 7 3.3108763394544267
1 8 3.398117186422493
1 9 3.625330994580073
1 10 3.469282524413282
1 11 3.6411699957685815
1 12 3.235828610079186
1 13 3.563844620486948
1 14 3.4779205025668904
1 15 3.260700091412302
1 16 3.511936645150472
1 17 3.400646034223898
1 18 3.442066274231042
1 19 3.469215300943446
1 20 3.185705257393206
1 21 3.131553258030971
1 22 3.1971088620926507
1 23 3.3663873146020995
1 24 3.3711328146942026
1 25 3.2757809689785904
1 26 2.8107514327680807
1 27 2.9529140856959692
1 28 3.0875287945740544
1 29 3.3228957257694187
2 0 2.927528417225936
2 1 3.1496638398433476
2 2 3.23859290691602
2 3 3.343080647707862
2 4 3.3174710487178642
2 5 3.2506355219772582
2 6 3.2867710786717734
2 7 3.5557604989068237
2 8 3.217987919031627
2 9 3.2126580173985797
2 10 3.211296185370045
2 11 3.1983947435605193
2 12 3.4434420136262625
2 13 3.3178037706196837
2 14 3.3587462629589186
2 15 3.372911866431279
2 16 3.2178632112080896
2 17 2.9731989294403496
2 18 3.143997805623592
2 19 3.5418615027798914
2 20 3.4637524192661684
2 21 2.9602134065519285
2 22 3.05966362852856
2 23 3.3243692870623667
2 24 3.2736730024941307
2 25 3.3192389463423186
2 26 3.1312827662094374
2 27 3.0814887388246905
2 28 2.9537651723294207
2 29 3.0875287945740544
3 0 3.0823734563624443
3 1 3.1367228992921548
3 2 3.343080647707862
3 3 3.277331866249568
3 4 3.242470903932002
3 5 3.6538375993499903
3 6 3.6087762809313384
3 7 3.150677924016597
3 8 3.1318318457738763
3 9 3.3202366638204968
3 10 3.607936174413753
3 11 3.651797436084502
3 12 3.709169426760527
3 13 3.374998595441425
3 14 3.7472649176583293
3 15 3.415006684480919
3 16 3.5933657409752646
3 17 3.7639639181021276
3 18 3.462611106349726
3 19 3.117144840637169
3 20 2.924565726273564
3 21 3.5321875469180437
3 22 3.0400053724963763
3 23 3.105927762145429
3 24 3.261725299588178
3 25 3.1510806497915507
3 26 3.4803209333027696
3 27 3.119800675590088
3 28 3.0814887388246905
3 29 2.9529140856959692
4 0 3.190236528563047
4 1 3.188234018022838
4 2 3.3174710487178642
4 3 3.242470903932002
4 4 3.421258751383186
4 5 3.149593101821935
4 6 3.3228856889980047
4 7 3.7944272889126998
4 8 3.6236966968383197
4 9 3.3752653669350234
4 10 3.289497289318954
4 11 3.6682209579197798
4 12 3.7157508601816294
4 13 3.70209911787579
4 14 3.9146213786513453
4 15 3.7334207976655756
4 16 3.3907532857314373
4 17 3.222385970358946
4 18 3.6938031276056975
4 19 3.549235264703404
4 20 3.4141283339237454
4 21 3.2735062733970124
4 22 3.3916421065682725
4 23 3.6150685788912944
4 24 3.5364489009988875
4 25 2.9641226090648987
4 26 3.3896512978299174
4 27 3.4803209333027696
4 28 3.1312827662094374
4 29 2.8107514327680807
5 0 3.2041855919319744
5 1 3.307045406614098
5 2 3.2506355219772582
5 3 3.6538375993499903
5 4 3.149593101821935
5 5 3.2763581297772344
5 6 3.365433272139129
5 7 3.49912782663157
5 8 3.5441052014511873
5 9 3.7856812546543703
5 10 3.672477951736039
5 11 3.4846937003955736
5 12 3.6305036094011904
5 13 3.4058020272355054
5 14 3.648841684663799
5 15 3.635963326261019
5 16 3.8116997780977444
5 17 3.716358047033221
5 18 3.3729493199448415
5 19 3.213085254930318
5 20 3.566439472811568
5 21 3.195970282583779
5 22 3.212254414799337
5 23 3.4990725684357984
5 24 3.39571739266789
5 25 3.4528143130024667
5 26 2.9641226090648987
5 27 3.1510806497915507
5 28 3.3192389463423186
5 29 3.2757809689785904
6 0 3.4716081488003856
6 1 3.3032240484900175
6 2 3.2867710786717734
6 3 3.6087762809313384
6 4 3.3228856889980047
6 5 3.365433272139129
6 6 3.6785573013611903
6 7 3.988038434818827
6 8 3.7977235827310967
6 9 3.5421109401066815
6 10 3.8685488553748146
6 11 3.9065816677909897
6 12 4.159990321791984
6 13 4.567839835892264
6 14 3.5292216746375686
6 15 3.6169346982932695
6 16 3.7607847060199227
6 17 3.7209061673184958
6 18 3.7813289139169703
6 19 3.612393737284922
6 20 3.406180876645293
6 21 3.380250435080394
6 22 3.5702996291668043
6 23 3.232302941012353
6 24 3.2854972673268765
6 25 3.39571739266789
6 26 3.5364489009988875
6 27 3.261725299588178
6 28 3.2736730024941307
6 29 3.3711328146942026
7 0 3.2905877022255363
7 1 3.3108763394544267
7 2 3.5557604989068237
7 3 3.150677924016597
7 4 3.7944272889126998
7 5 3.49912782663157
7 6 3.988038434818827
7 7 3.8413478714996354
7 8 3.99833245317583
7 9 3.702725696879509
7 10 3.6649577619429348
7 11 4.214533034187419
7 12 4.1176049314424725
7 13 4.1262369266988985
7 14 3.6607170132989215
7 15 3.746826721389508
7 16 3.836802185502542
7 17 3.7287370982393564
7 18 3.3702339284945193
7 19 3.4592122451382172
7 20 3.4744475698935524
7 21 3.238459260919067
7 22 3.28888124595121
7 23 3.4868835757284993
7 24 3.232302941012353
7 25 3.4990725684357984
7 26 3.6150685788912944
7 27 3.105927762145429
7 28 3.3243692870623667
7 29 3.3663873146020995
8 0 3.2761434961465676
8 1 3.398117186422493
8 2 3.217987919031627
8 3 3.1318318457738763
8 4 3.6236966968383197
8 5 3.5441052014511873
8 6 3.7977235827310967
8 7 3.99833245317583
8 8 3.8825425361195376
8 9 4.393770580211338
8 10 3.87825565370132
8 11 4.420142907854106
8 12 3.9474672135067204
8 13 4.140755492228492
8 14 4.086950620141097
8 15 4.025674795640543
8 16 3.916243141481653
8 17 3.7850681779320055
8 18 3.950734553110807
8 19 3.7818634035176903
8 20 3.469722619909888
8 21 3.886429358618015
8 22 3.562191969721369
8 23 3.28888124595121
8 24 3.5702996291668043
8 25 3.212254414799337
8 26 3.3916421065682725
8 27 3.0400053724963763
8 28 3.05966362852856
8 29 3.1971088620926507
9 0 3.1368203390411526
9 1 3.625330994580073
9 2 3.2126580173985797
9 3 3.3202366638204968
9 4 3.3752653669350234
9 5 3.7856812546543703
9 6 3.5421109401066815
9 7 3.702725696879509
9 8 4.393770580211338
9 9 3.8562520283239285
9 10 3.922017449332659
9 11 3.939123775078686
9 12 4.427485395624391
9 13 4.276196945820931
9 14 4.240779357154541
9 15 3.8011666002146463
9 16 3.7619097698161283
9 17 4.062097668149492
9 18 3.76611563763515
9 19 4.2235858488685984
9 20 4.0207285524572445
9 21 3.3944812787305074
9 22 3.886429358618015
9 23 3.238459260919067
9 24 3.380250435080394
9 25 3.195970282583779
9 26 3.2735062733970124
9 27 3.5321875469180437
9 28 2.9602134065519285
9 29 3.131553258030971
10 0 3.450151284056777
10 1 3.469282524413282
10 2 3.211296185370045
10 3 3.607936174413753
10 4 3.289497289318954
10 5 3.672477951736039
10 6 3.8685488553748146
10 7 3.6649577619429348
10 8 3.87825565370132
10 9 3.922017449332659
10 10 4.164746532869593
10 11 4.288390772086491
10 12 4.165370718508504
10 13 4.33920394140407
10 14 4.535077126114388
10 15 4.164628079092379
10 16 3.9307392170633357
10 17 3.796286457054915
10 18 3.808111918133107
10 19 3.980271363531236
10 20 3.9589908206474616
10 21 4.0207285524572445
10 22 3.469722619909888
10 23 3.4744475698935524
10 24 3.406180876645293
10 25 3.566439472811568
10 26 3.4141283339237454
10 27 2.924565726273564
10 28 3.4637524192661684
10 29 3.185705257393206
11 0 3.3598131908665088
11 1 3.6411699957685815
11 2 3.1983947435605193
11 3 3.651797436084502
11 4 3.6682209579197798
11 5 3.4846937003955736
11 6 3.9065816677909897
11 7 4.214533034187419
11 8 4.420142907854106
11 9 3.939123775078686
11 10 4.288390772086491
11 11 3.7548956821207575
11 12 3.476387206968546
11 13 3.6258522827369
11 14 3.901108190197838
11 15 4.301966664350385
11 16 4.276520657436067
11 17 4.226174816245594
11 18 3.593487058326758
11 19 3.9346599564490425
11 20 3.980271363531236
11 21 4.2235858488685984
11 22 3.7818634035176903
11 23 3.4592122451382172
11 24 3.612393737284922
11 25 3.213085254930318
11 26 3.549235264703404
11 27 3.117144840637169
11 28 3.5418615027798914
11 29 3.469215300943446
12 0 3.3629474677216704
12 1 3.235828610079186
12 2 3.4434420136262625
12 3 3.709169426760527
12 4 3.7157508601816294
12 5 3.6305036094011904
12 6 4.159990321791984
12 7 4.1176049314424725
12 8 3.9474672135067204
12 9 4.427485395624391
12 10 4.165370718508504
12 11 3.476387206968546
12 12 3.361987428271901
12 13 3.9361915819171394
12 14 3.9902109977293008
12 15 3.503582286019143
12 16 3.8585439515416016
12 17 3.9097812436568744
12 18 3.861964333087523
12 19 3.593487058326758
12 20 3.808111918133107
12 21 3.76611563763515
12 22 3.950734553110807
12 23 3.3702339284945193
12 24 3.7813289139169703
12 25 3.3729493199448415
12 26 3.6938031276056975
12 27 3.462611106349726
12 28 3.143997805623592
12 29 3.442066274231042
13 0 3.434188527454981
13 1 3.563844620486948
13 2 3.3178037706196837
13 3 3.374998595441425
13 4 3.70209911787579
13 5 3.4058020272355054
13 6 4.567839835892264
13 7 4.1262369266988985
13 8 4.140755492228492
13 9 4.276196945820931
13 10 4.33920394140407
13 11 3.6258522827369
13 12 3.9361915819171394
13 13 3.620141769618823
13 14 3.9909888360595804
13 15 4.129263986435692
13 16 4.599335185350529
13 17 4.134596350322526
13 18 3.9097812436568744
13 19 4.226174816245594
13 20 3.796286457054915
13 21 4.062097668149492
13 22 3.7850681779320055
13 23 3.7287370982393564
13 24 3.7209061673184958
13 25 3.716358047033221
13 26 3.222385970358946
13 27 3.7639639181021276
13 28 2.9731989294403496
13 29 3.400646034223898
14 0 3.2835345312289026
14 1 3.4779205025668904
14 2 3.3587462629589186
14 3 3.7472649176583293
14 4 3.9146213786513453
14 5 3.648841684663799
14 6 3.5292216746375686
14 7 3.6607170132989215
14 8 4.086950620141097
14 9 4.240779357154541
14 10 4.535077126114388
14 11 3.901108190197838
14 12 3.9902109977293008
14 13 3.9909888360595804
14 14 4.2234381176578415
14 15 4.333344853125844
14 16 4.072265624999999
14 17 4.599335185350529
14 18 3.8585439515416016
14 19 4.276520657436067
14 20 3.9307392170633357
14 21 3.7619097698161283
14 22 3.916243141481653
14 23 3.836802185502542
14 24 3.7607847060199227
14 25 3.8116997780977444
14 26 3.3907532857314373
14 27 3.5933657409752646
14 28 3.2178632112080896
14 29 3.511936645150472
15 0 3.1246726646254257
15 1 3.260700091412302
15 2 3.372911866431279
15 3 3.415006684480919
15 4 3.7334207976655756
15 5 3.635963326261019
15 6 3.6169346982932695
15 7 3.746826721389508
15 8 4.025674795640543
15 9 3.8011666002146463
15 10 4.164628079092379
15 11 4.301966664350385
15 12 3.503582286019143
15 13 4.129263986435692
15 14 4.333344853125844
15 15 3.938414005999549
15 16 4.333344853125844
15 17 4.129263986435692
15 18 3.503582286019143
15 19 4.301966664350385
15 20 4.164628079092379
15 21 3.8011666002146463
15 22 4.025674795640543
15 23 3.746826721389508
15 24 3.6169346982932695
15 25 3.635963326261019
15 26 3.7334207976655756
15 27 3.415006684480919
15 28 3.372911866431279
15 29 3.260700091412302
16 0 3.0899423131279935
16 1 3.511936645150472
16 2 3.2178632112080896
16 3 3.5933657409752646
16 4 3.3907532857314373
16 5 3.8116997780977444
16 6 3.7607847060199227
16 7 3.836802185502542
16 8 3.916243141481653
16 9 3.7619097698161283
16 10 3.9307392170633357
16 11 4.276520657436067
16 12 3.8585439515416016
16 13 4.599335185350529
16 14 4.072265624999999
16 15 4.333344853125844
16 16 4.2234381176578415
16 17 3.9909888360595804
16 18 3.9902109977293008
16 19 3.901108190197838
16 20 4.535077126114388
16 21 4.240779357154541
16 22 4.086950620141097
16 23 3.6607170132989215
16 24 3.5292216746375686
16 25 3.648841684663799
16 26 3.9146213786513453
16 27 3.7472649176583293
16 28 3.3587462629589186
16 29 3.4779205025668904
17 0 3.2787669020832975
17 1 3.400646034223898
17 2 2.9731989294403496
17 3 3.7639639181021276
17 4 3.222385970358946
17 5 3.716358047033221
17 6 3.7209061673184958
17 7 3.7287370982393564
17 8 3.7850681779320055
17 9 4.062097668149492
17 10 3.796286457054915
17 11 4.226174816245594
17 12 3.9097812436568744
17 13 4.134596350322526
17 14 4.599335185350529
17 15 4.129263986435692
17 16 3.9909888360595804
17 17 3.620141769618823
17 18 3.9361915819171394
17 19 3.6258522827369
17 20 4.33920394140407
17 21 4.276196945820931
17 22 4.140755492228492
17 23 4.1262369266988985
17 24 4.567839835892264
17 25 3.4058020272355054
17 26 3.70209911787579
17 27 3.374998595441425
17 28 3.3178037706196837
17 29 3.563844620486948
18 0 3.0652513594373647
18 1 3.442066274231042
18 2 3.143997805623592
18 3 3.462611106349726
18 4 3.6938031276056975
18 5 3.3729493199448415
18 6 3.7813289139169703
18 7 3.3702339284945193
18 8 3.950734553110807
18 9 3.76611563763515
18 10 3.808111918133107
18 11 3.593487058326758
18 12 3.861964333087523
18 13 3.9097812436568744
18 14 3.8585439515416016
18 15 3.503582286019143
18 16 3.9902109977293008
18 17 3.9361915819171394
18 18 3.361987428271901
18 19 3.476387206968546
18 20 4.165370718508504
18 21 4.427485395624391
18 22 3.9474672135067204
18 23 4.1176049314424725
18 24 4.159990321791984
18 25 3.6305036094011904
18 26 3.7157508601816294
18 27 3.709169426760527
18 28 3.4434420136262625
18 29 3.235828610079186
19 0 3.311950372873297
19 1 3.469215300943446
19 2 3.5418615027798914
19 3 3.117144840637169
19 4 3.549235264703404
19 5 3.213085254930318
19 6 3.612393737284922
19 7 3.4592122451382172
19 8 3.7818634035176903
19 9 4.2235858488685984
19 10 3.980271363531236
19 11 3.9346599564490425
19 12 3.593487058326758
19 13 4.226174816245594
19 14 4.276520657436067
19 15 4.301966664350385
19 16 3.901108190197838
19 17 3.6258522827369
19 18 3.476387206968546
19 19 3.7548956821207575
19 20 4.288390772086491
19 21 3.939123775078686
19 22 4.420142907854106
19 23 4.214533034187419
19 24 3.9065816677909897
19 25 3.4846937003955736
19 26 3.6682209579197798
19 27 3.651797436084502
19 28 3.1983947435605193
19 29 3.6411699957685815
20 0 3.192157069676149
20 1 3.185705257393206
20 2 3.4637524192661684
20 3 2.924565726273564
20 4 3.4141283339237454
20 5 3.566439472811568
20 6 3.406180876645293
20 7 3.4744475698935524
20 8 3.469722619909888
20 9 4.0207285524572445
20 10 3.9589908206474616
20 11 3.980271363531236
20 12 3.808111918133107
20 13 3.796286457054915
20 14 3.9307392170633357
20 15 4.164628079092379
20 16 4.535077126114388
20 17 4.33920394140407
20 18 4.165370718508504
20 19 4.288390772086491
20 20 4.164746532869593
20 21 3.922017449332659
20 22 3.87825565370132
20 23 3.6649577619429348
20 24 3.8685488553748146
20 25 3.672477951736039
20 26 3.289497289318954
20 27 3.607936174413753
20 28 3.211296185370045
20 29 3.469282524413282
21 0 3.2904601089004264
21 1 3.131553258030971
21 2 2.9602134065519285
21 3 3.5321875469180437
21 4 3.2735062733970124
21 5 3.195970282583779
21 6 3.380250435080394
21 7 3.238459260919067
21 8 3.886429358618015
21 9 3.3944812787305074
21 10 4.0207285524572445
21 11 4.2235858488685984
21 12 3.76611563763515
21 13 4.062097668149492
21 14 3.7619097698161283
21 15 3.8011666002146463
21 16 4.240779357154541
21 17 4.276196945820931
21 18 4.427485395624391
21 19 3.939123775078686
21 20 3.922017449332659
21 21 3.8562520283239285
21 22 4.393770580211338
21 23 3.702725696879509
21 24 3.5421109401066815
21 25 3.7856812546543703
21 26 3.3752653669350234
21 27 3.3202366638204968
21 28 3.2126580173985797
21 29 3.625330994580073
22 0 3.3832317822086058
22 1 3.1971088620926507
22 2 3.05966362852856
22 3 3.0400053724963763
22 4 3.3916421065682725
22 5 3.212254414799337
22 6 3.5702996291668043
22 7 3.28888124595121
22 8 3.562191969721369
22 9 3.886429358618015
22 10 3.469722619909888
22 11 3.7818634035176903
22 12 3.950734553110807
22 13 3.7850681779320055
22 14 3.916243141481653
22 15 4.025674795640543
22 16 4.086950620141097
22 17 4.140755492228492
22 18 3.9474672135067204
22 19 4.420142907854106
22 20 3.87825565370132
22 21 4.393770580211338
22 22 3.8825425361195376
22 23 3.99833245317583
22 24 3.7977235827310967
22 25 3.5441052014511873
22 26 3.6236966968383197
22 27 3.1318318457738763
22 28 3.217987919031627
22 29 3.398117186422493
23 0 3.122908204763113
23 1 3.3663873146020995
23 2 3.3243692870623667
23 3 3.105927762145429
23 4 3.6150685788912944
23 5 3.4990725684357984
23 6 3.232302941012353
23 7 3.4868835757284993
23 8 3.28888124595121
23 9 3.238459260919067
23 10 3.4744475698935524
23 11 3.4592122451382172
23 12 3.3702339284945193
23 13 3.7287370982393564
23 14 3.836802185502542
23 15 3.746826721389508
23 16 3.6607170132989215
23 17 4.1262369266988985
23 18 4.1176049314424725
23 19 4.214533034187419
23 20 3.6649577619429348
23 21 3.702725696879509
23 22 3.99833245317583
23 23 3.8413478714996354
23 24 3.988038434818827
23 25 3.49912782663157
23 26 3.7944272889126998
23 27 3.150677924016597
23 28 3.5557604989068237
23 29 3.3108763394544267
24 0 3.187642696123609
24 1 3.3711328146942026
24 2 3.2736730024941307
24 3 3.261725299588178
24 4 3.5364489009988875
24 5 3.39571739266789
24 6 3.2854972673268765
24 7 3.232302941012353
24 8 3.5702996291668043
24 9 3.380250435080394
24 10 3.406180876645293
24 11 3.612393737284922
24 12 3.7813289139169703
24 13 3.7209061673184958
24 14 3.7607847060199227
24 15 3.6169346982932695
24 16 3.5292216746375686
24 17 4.567839835892264
24 18 4.159990321791984
24 19 3.9065816677909897
24 20 3.8685488553748146
24 21 3.5421109401066815
24 22 3.7977235827310967
24 23 3.988038434818827
24 24 3.6785573013611903
24 25 3.365433272139129
24 26 3.3228856889980047
24 27 3.6087762809313384
24 28 3.2867710786717734
24 29 3.3032240484900175
25 0 3.0593853978108956
25 1 3.2757809689785904
25 2 3.3192389463423186
25 3 3.1510806497915507
25 4 2.9641226090648987
25 5 3.4528143130024667
25 6 3.39571739266789
25 7 3.4990725684357984
25 8 3.212254414799337
25 9 3.195970282583779
25 10 3.566439472811568
25 11 3.213085254930318
25 12 3.3729493199448415
25 13 3.716358047033221
25 14 3.8116997780977444
25 15 3.635963326261019
25 16 3.648841684663799
25 17 3.4058020272355054
25 18 3.6305036094011904
25 19 3.4846937003955736
25 20 3.672477951736039
25 21 3.7856812546543703
25 22 3.5441052014511873
25 23 3.49912782663157
25 24 3.365433272139129
25 25 3.2763581297772344
25 26 3.149593101821935
25 27 3.6538375993499903
25 28 3.2506355219772582
25 29 3.307045406614098
26 0 3.4379829257161125
26 1 2.8107514327680807
26 2 3.1312827662094374
26 3 3.4803209333027696
26 4 3.3896512978299174
26 5 2.9641226090648987
26 6 3.5364489009988875
26 7 3.6150685788912944
26 8 3.3916421065682725
26 9 3.2735062733970124
26 10 3.4141283339237454
26 11 3.549235264703404
26 12 3.6938031276056975
26 13 3.222385970358946
26 14 3.3907532857314373
26 15 3.7334207976655756
26 16 3.9146213786513453
26 17 3.70209911787579
26 18 3.7157508601816294
26 19 3.6682209579197798
26 20 3.289497289318954
26 21 3.3752653669350234
26 22 3.6236966968383197
26 23 3.7944272889126998
26 24 3.3228856889980047
26 25 3.149593101821935
26 26 3.421258751383186
26 27 3.242470903932002
26 28 3.3174710487178642
26 29 3.188234018022838
27 0 3.3911436738637293
27 1 2.9529140856959692
27 2 3.0814887388246905
27 3 3.119800675590088
27 4 3.4803209333027696
27 5 3.1510806497915507
27 6 3.261725299588178
27 7 3.105927762145429
27 8 3.0400053724963763
27 9 3.5321875469180437
27 10 2.924565726273564
27 11 3.117144840637169
27 12 3.462611106349726
27 13 3.7639639181021276
27 14 3.5933657409752646
27 15 3.415006684480919
27 16 3.7472649176583293
27 17 3.374998595441425
27 18 3.709169426760527
27 19 3.651797436084502
27 20 3.607936174413753
27 21 3.3202366638204968
27 22 3.1318318457738763
27 23 3.150677924016597
27 24 3.6087762809313384
27 25 3.6538375993499903
27 26 3.242470903932002
27 27 3.277331866249568
27 28 3.343080647707862
27 29 3.1367228992921548
28 0 3.440381255898146
28 1 3.0875287945740544
28 2 2.9537651723294207
28 3 3.0814887388246905
28 4 3.1312827662094374
28 5 3.3192389463423186
28 6 3.2736730024941307
28 7 3.3243692870623667
28 8 3.05966362852856
28 9 2.9602134065519285
28 10 3.4637524192661684
28 11 3.5418615027798914
28 12 3.143997805623592
28 13 2.9731989294403496
28 14 3.2178632112080896
28 15 3.372911866431279
28 16 3.3587462629589186
28 17 3.3178037706196837
28 18 3.4434420136262625
28 19 3.1983947435605193
28 20 3.211296185370045
28 21 3.2126580173985797
28 22 3.217987919031627
28 23 3.5557604989068237
28 24 3.2867710786717734
28 25 3.2506355219772582
28 26 3.3174710487178642
28 27 3.343080647707862
28 28 3.23859290691602
28 29 3.1496638398433476
29 0 3.1456252899380965
29 1 3.3228957257694187
29 2 3.0875287945740544
29 3 2.9529140856959692
29 4 2.8107514327680807
29 5 3.2757809689785904
29 6 3.3711328146942026
29 7 3.3663873146020995
29 8 3.1971088620926507
29 9 3.131553258030971
29 10 3.185705257393206
29 11 3.469215300943446
29 12 3.442066274231042
29 13 3.400646034223898
29 14 3.511936645150472
29 15 3.260700091412302
29 16 3.4779205025668904
29 17 3.563844620486948
29 18 3.235828610079186
29 19 3.6411699957685815
29 20 3.469282524413282
29 21 3.625330994580073
29 22 3.398117186422493
29 23 3.3108763394544267
29 24 3.3032240484900175
29 25 3.307045406614098
29 26 3.188234018022838
29 27 3.1367228992921548
29 28 3.1496638398433476
29 29 3.127093188795744
