0 0 7.197596865838972
0 1 6.591425915888191
0 2 6.106931634805584
0 3 5.774783110708643
0 4 6.755549853430045
0 5 7.978024478409332
0 6 8.166264689006235
0 7 6.488363956439583
0 8 7.6485675678770635
0 9 6.918832412228794
0 10 7.019419998389251
0 11 7.3587791764444646
0 12 6.747219903532889
0 13 7.239525380237394
0 14 7.351705885504711
0 15 7.369711942470329
0 16 7.3069798953253855
0 17 6.345315881701656
0 18 6.126268946278821
0 19 6.218614275643552
0 20 6.7167866621003744
0 21 6.4047579175155525
0 22 7.36829849540923
0 23 7.0411170323392325
0 24 7.175825457766875
0 25 6.209664082254931
0 26 6.896540255535853
0 27 7.224877700328404
0 28 7.8479871353406105
0 29 6.096173042515692
1 0 6.591425915888191
1 1 6.592920382190234
1 2 6.781016546426086
1 3 7.1332793544781
1 4 6.472954065538472
1 5 6.445471544567184
1 6 7.893858495365888
1 7 6.621752678908853
1 8 7.462197037520751
1 9 7.396274811151549
1 10 6.814048720598859
1 11 6.985540547109482
1 12 7.754793515306206
1 13 6.946805284405374
1 14 6.478057371736597
1 15 6.070017836617232
1 16 6.526152275227695
1 17 6.296224438443492
1 18 6.9566869522586465
1 19 7.180914074791584
1 20 7.045431986410524
1 21 7.052857641148647
1 22 6.856957164751343
1 23 6.778860827661726
1 24 7.605909803449914
1 25 7.025168825038422
1 26 6.622535752555846
1 27 6.64302708539414
1 28 6.872109242637603
1 29 6.674366721907862
2 0 6.106931634805584
2 1 6.781016546426086
2 2 6.343549484984442
2 3 6.980150799611139
2 4 6.622271934296132
2 5 6.40360335354893
2 6 8.306566907915936
2 7 7.150123946535193
2 8 6.160271384491602
2 9 6.801495371962269
2 10 7.168497764235901
2 11 7.596187515956234
2 12 6.4213776527003965
2 13 7.105539091700909
2 14 6.639230477072192
2 15 7.800672617731028
2 16 6.440057328487792
2 17 5.989581576083899
2 18 7.062697329265318
2 19 7.341001080822245
2 20 7.427207715294534
2 21 6.8093414711058005
2 22 7.559168964599972
2 23 6.669818912026207
2 24 6.912486455266453
2 25 7.3654100219024645
2 26 7.231475073623122
2 27 7.061141421672159
2 28 5.590319858927509
2 29 6.872109242637603
3 0 5.774783110708643
3 1 7.1332793544781
3 2 6.980150799611139
3 3 6.161637473877331
3 4 7.0547662027845135
3 5 6.439140031641377
3 6 7.264894886359093
3 7 6.444175039643836
3 8 6.5724971096726765
3 9 6.644842060093389
3 10 6.268953498677602
3 11 6.68397581261676
3 12 6.177549080868066
3 13 6.899605994331362
3 14 5.8725465454446075
3 15 6.637000788207618
3 16 6.320649416566351
3 17 7.514850949401352
3 18 6.295656556999502
3 19 6.692566176569123
3 20 6.400043024236629
3 21 6.884445588717157
3 22 6.826155121131414
3 23 6.9162052627008865
3 24 5.8985504770546076
3 25 7.255888376253344
3 26 8.218992137985879
3 27 5.5948425448915575
3 28 7.061141421672159
3 29 6.64302708539414
4 0 6.755549853430045
4 1 6.472954065538472
4 2 6.622271934296132
4 3 7.0547662027845135
4 4 7.8573339283956765
4 5 6.307809319596839
4 6 7.327277652552099
4 7 8.287885511879553
4 8 6.614510040923798
4 9 5.972982691225329
4 10 6.250710290829948
4 11 7.496606809090149
4 12 6.959236023505642
4 13 7.680407796892735
4 14 7.037421614802759
4 15 6.273389195364378
4 16 6.162594628826106
4 17 6.105805110502539
4 18 5.534132087978643
4 19 7.608618595709386
4 20 8.08632174642168
4 21 6.827537145041627
4 22 6.564330102459353
4 23 6.922653474758167
4 24 8.224102188989605
4 25 5.9535976566962825
4 26 7.056695014329115
4 27 8.218992137985879
4 28 7.231475073623122
4 29 6.622535752555846
5 0 7.978024478409332
5 1 6.445471544567184
5 2 6.40360335354893
5 3 6.439140031641377
5 4 6.307809319596839
5 5 7.208856946021792
5 6 7.457817647954374
5 7 5.820112992846205
5 8 6.2305147240558805
5 9 7.124146767471249
5 10 7.147172513170505
5 11 6.121332493769311
5 12 5.476254355437763
5 13 4.855752227159375
5 14 7.216547914943474
5 15 6.688016544536945
5 16 7.7083523958246465
5 17 8.233367737951516
5 18 6.635310137596409
5 19 5.111026784707775
5 20 6.3544286376397405
5 21 8.19211974474536
5 22 8.045767787269941
5 23 5.970776164075336
5 24 6.056301504607175
5 25 6.429671453012593
5 26 5.9535976566962825
5 27 7.255888376253344
5 28 7.3654100219024645
5 29 7.025168825038422
6 0 8.166264689006235
6 1 7.893858495365888
6 2 8.306566907915936
6 3 7.264894886359093
6 4 7.327277652552099
6 5 7.457817647954374
6 6 6.261280115349918
6 7 8.796422394519336
6 8 6.462201051965169
6 9 6.667236331282058
6 10 6.651349329170378
6 11 6.209288164054887
6 12 6.290493091451454
6 13 6.653307646452821
6 14 5.768436204430297
6 15 7.752850586775882
6 16 6.331333097138233
6 17 6.380623385407789
6 18 6.830067229036087
6 19 7.180409173128997
6 20 7.098965969448442
6 21 6.033188398063127
6 22 7.88078332779502
6 23 7.446845196094056
6 24 6.575294923747113
6 25 6.056301504607175
6 26 8.224102188989605
6 27 5.8985504770546076
6 28 6.912486455266453
6 29 7.605909803449914
7 0 6.488363956439583
7 1 6.621752678908853
7 2 7.150123946535193
7 3 6.444175039643836
7 4 8.287885511879553
7 5 5.820112992846205
7 6 8.796422394519336
7 7 6.966244937640395
7 8 7.472965325354826
7 9 5.91516179650565
7 10 6.657233403022926
7 11 6.683511965621689
7 12 5.17975983989411
7 13 5.901967427430021
7 14 7.014436157629953
7 15 6.306311312819578
7 16 6.046286837130051
7 17 7.130072890291842
7 18 6.068225748092542
7 19 6.354203463884958
7 20 6.87331534620017
7 21 6.763898551776429
7 22 7.222383216108857
7 23 6.891005392632712
7 24 7.446845196094056
7 25 5.970776164075336
7 26 6.922653474758167
7 27 6.9162052627008865
7 28 6.669818912026207
7 29 6.778860827661726
8 0 7.6485675678770635
8 1 7.462197037520751
8 2 6.160271384491602
8 3 6.5724971096726765
8 4 6.614510040923798
8 5 6.2305147240558805
8 6 6.462201051965169
8 7 7.472965325354826
8 8 5.264386255154358
8 9 6.459777597714967
8 10 5.439017075312827
8 11 6.831780511653621
8 12 6.037302797127925
8 13 6.0129309858312245
8 14 6.912730863301297
8 15 5.877719934859428
8 16 6.582819135800121
8 17 7.197608382094275
8 18 5.978504883138846
8 19 5.525948557350222
8 20 7.593940721094768
8 21 5.641662766717393
8 22 5.794911177029679
8 23 7.222383216108857
8 24 7.88078332779502
8 25 8.045767787269941
8 26 6.564330102459353
8 27 6.826155121131414
8 28 7.559168964599972
8 29 6.856957164751343
9 0 6.918832412228794
9 1 7.396274811151549
9 2 6.801495371962269
9 3 6.644842060093389
9 4 5.972982691225329
9 5 7.124146767471249
9 6 6.667236331282058
9 7 5.91516179650565
9 8 6.459777597714967
9 9 5.658372273372965
9 10 5.3631533308383705
9 11 6.103558307371455
9 12 5.428353475036141
9 13 5.073537168076697
9 14 6.35874573324201
9 15 5.902313967167466
9 16 5.023726814009773
9 17 6.347754226701838
9 18 6.078239165932844
9 19 6.8881146439724255
9 20 7.200697677419213
9 21 7.031105211425939
9 22 5.641662766717393
9 23 6.763898551776429
9 24 6.033188398063127
9 25 8.19211974474536
9 26 6.827537145041627
9 27 6.884445588717157
9 28 6.8093414711058005
9 29 7.052857641148647
10 0 7.019419998389251
10 1 6.814048720598859
10 2 7.168497764235901
10 3 6.268953498677602
10 4 6.250710290829948
10 5 7.147172513170505
10 6 6.651349329170378
10 7 6.657233403022926
10 8 5.439017075312827
10 9 5.3631533308383705
10 10 5.126604660698999
10 11 6.4389336873957035
10 12 4.776565682136755
10 13 4.882874692844626
10 14 5.955703695740581
10 15 4.660012410366342
10 16 6.507530662573018
10 17 6.422677706428304
10 18 5.438169580651059
10 19 6.364755132440474
10 20 7.01085536229798
10 21 7.200697677419213
10 22 7.593940721094768
10 23 6.87331534620017
10 24 7.098965969448442
10 25 6.3544286376397405
10 26 8.08632174642168
10 27 6.400043024236629
10 28 7.427207715294534
10 29 7.045431986410524
11 0 7.3587791764444646
11 1 6.985540547109482
11 2 7.596187515956234
11 3 6.68397581261676
11 4 7.496606809090149
11 5 6.121332493769311
11 6 6.209288164054887
11 7 6.683511965621689
11 8 6.831780511653621
11 9 6.103558307371455
11 10 6.4389336873957035
11 11 4.052523648431816
11 12 3.644023269913274
11 13 4.154843928092211
11 14 4.862398213597305
11 15 6.520668418545975
11 16 6.848212133867215
11 17 7.148706251147904
11 18 6.816849634765885
11 19 5.335918573014621
11 20 6.364755132440474
11 21 6.8881146439724255
11 22 5.525948557350222
11 23 6.354203463884958
11 24 7.180409173128997
11 25 5.111026784707775
11 26 7.608618595709386
11 27 6.692566176569123
11 28 7.341001080822245
11 29 7.180914074791584
12 0 6.747219903532889
12 1 7.754793515306206
12 2 6.4213776527003965
12 3 6.177549080868066
12 4 6.959236023505642
12 5 5.476254355437763
12 6 6.290493091451454
12 7 5.17975983989411
12 8 6.037302797127925
12 9 5.428353475036141
12 10 4.776565682136755
12 11 3.644023269913274
12 12 1.0759031160870138
12 13 3.6860565023400027
12 14 4.461009587403358
12 15 5.311162955876153
12 16 6.733062247099604
12 17 5.3069846813717625
12 18 5.927666185669221
12 19 6.816849634765885
12 20 5.438169580651059
12 21 6.078239165932844
12 22 5.978504883138846
12 23 6.068225748092542
12 24 6.830067229036087
12 25 6.635310137596409
12 26 5.534132087978643
12 27 6.295656556999502
12 28 7.062697329265318
12 29 6.9566869522586465
13 0 7.239525380237394
13 1 6.946805284405374
13 2 7.105539091700909
13 3 6.899605994331362
13 4 7.680407796892735
13 5 4.855752227159375
13 6 6.653307646452821
13 7 5.901967427430021
13 8 6.0129309858312245
13 9 5.073537168076697
13 10 4.882874692844626
13 11 4.154843928092211
13 12 3.6860565023400027
13 13 3.737177947328763
13 14 4.918651630648142
13 15 5.480929535952411
13 16 5.472503525668265
13 17 5.270527361586922
13 18 5.3069846813717625
13 19 7.148706251147904
13 20 6.422677706428304
13 21 6.347754226701838
13 22 7.197608382094275
13 23 7.130072890291842
13 24 6.380623385407789
13 25 8.233367737951516
13 26 6.105805110502539
13 27 7.514850949401352
13 28 5.989581576083899
13 29 6.296224438443492
14 0 7.351705885504711
14 1 6.478057371736597
14 2 6.639230477072192
14 3 5.8725465454446075
14 4 7.037421614802759
14 5 7.216547914943474
14 6 5.768436204430297
14 7 7.014436157629953
14 8 6.912730863301297
14 9 6.35874573324201
14 10 5.955703695740581
14 11 4.862398213597305
14 12 4.461009587403358
14 13 4.918651630648142
14 14 4.82607197577243
14 15 6.864412187792531
14 16 6.210937499999999
14 17 5.472503525668265
14 18 6.733062247099604
14 19 6.848212133867215
14 20 6.507530662573018
14 21 5.023726814009773
14 22 6.582819135800121
14 23 6.046286837130051
14 24 6.331333097138233
14 25 7.7083523958246465
14 26 6.162594628826106
14 27 6.320649416566351
14 28 6.440057328487792
14 29 6.526152275227695
15 0 7.369711942470329
15 1 6.070017836617232
15 2 7.800672617731028
15 3 6.637000788207618
15 4 6.273389195364378
15 5 6.688016544536945
15 6 7.752850586775882
15 7 6.306311312819578
15 8 5.877719934859428
15 9 5.902313967167466
15 10 4.660012410366342
15 11 6.520668418545975
15 12 5.311162955876153
15 13 5.480929535952411
15 14 6.864412187792531
15 15 4.60873010552441
15 16 6.864412187792531
15 17 5.480929535952411
15 18 5.311162955876153
15 19 6.520668418545975
15 20 4.660012410366342
15 21 5.902313967167466
15 22 5.877719934859428
15 23 6.306311312819578
15 24 7.752850586775882
15 25 6.688016544536945
15 26 6.273389195364378
15 27 6.637000788207618
15 28 7.800672617731028
15 29 6.070017836617232
16 0 7.3069798953253855
16 1 6.526152275227695
16 2 6.440057328487792
16 3 6.320649416566351
16 4 6.162594628826106
16 5 7.7083523958246465
16 6 6.331333097138233
16 7 6.046286837130051
16 8 6.582819135800121
16 9 5.023726814009773
16 10 6.507530662573018
16 11 6.848212133867215
16 12 6.733062247099604
16 13 5.472503525668265
16 14 6.210937499999999
16 15 6.864412187792531
16 16 4.82607197577243
16 17 4.918651630648142
16 18 4.461009587403358
16 19 4.862398213597305
16 20 5.955703695740581
16 21 6.35874573324201
16 22 6.912730863301297
16 23 7.014436157629953
16 24 5.768436204430297
16 25 7.216547914943474
16 26 7.037421614802759
16 27 5.8725465454446075
16 28 6.639230477072192
16 29 6.478057371736597
17 0 6.345315881701656
17 1 6.296224438443492
17 2 5.989581576083899
17 3 7.514850949401352
17 4 6.105805110502539
17 5 8.233367737951516
17 6 6.380623385407789
17 7 7.130072890291842
17 8 7.197608382094275
17 9 6.347754226701838
17 10 6.422677706428304
17 11 7.148706251147904
17 12 5.3069846813717625
17 13 5.270527361586922
17 14 5.472503525668265
17 15 5.480929535952411
17 16 4.918651630648142
17 17 3.737177947328763
17 18 3.6860565023400027
17 19 4.154843928092211
17 20 4.882874692844626
17 21 5.073537168076697
17 22 6.0129309858312245
17 23 5.901967427430021
17 24 6.653307646452821
17 25 4.855752227159375
17 26 7.680407796892735
17 27 6.899605994331362
17 28 7.105539091700909
17 29 6.946805284405374
18 0 6.126268946278821
18 1 6.9566869522586465
18 2 7.062697329265318
18 3 6.295656556999502
18 4 5.534132087978643
18 5 6.635310137596409
18 6 6.830067229036087
18 7 6.068225748092542
18 8 5.978504883138846
18 9 6.078239165932844
18 10 5.438169580651059
18 11 6.816849634765885
18 12 5.927666185669221
18 13 5.3069846813717625
18 14 6.733062247099604
18 15 5.311162955876153
18 16 4.461009587403358
18 17 3.6860565023400027
18 18 1.0759031160870138
18 19 3.644023269913274
18 20 4.776565682136755
18 21 5.428353475036141
18 22 6.037302797127925
18 23 5.17975983989411
18 24 6.290493091451454
18 25 5.476254355437763
18 26 6.959236023505642
18 27 6.177549080868066
18 28 6.4213776527003965
18 29 7.754793515306206
19 0 6.218614275643552
19 1 7.180914074791584
19 2 7.341001080822245
19 3 6.692566176569123
19 4 7.608618595709386
19 5 5.111026784707775
19 6 7.180409173128997
19 7 6.354203463884958
19 8 5.525948557350222
19 9 6.8881146439724255
19 10 6.364755132440474
19 11 5.335918573014621
19 12 6.816849634765885
19 13 7.148706251147904
19 14 6.848212133867215
19 15 6.520668418545975
19 16 4.862398213597305
19 17 4.154843928092211
19 18 3.644023269913274
19 19 4.052523648431816
19 20 6.4389336873957035
19 21 6.103558307371455
19 22 6.831780511653621
19 23 6.683511965621689
19 24 6.209288164054887
19 25 6.121332493769311
19 26 7.496606809090149
19 27 6.68397581261676
19 28 7.596187515956234
19 29 6.985540547109482
20 0 6.7167866621003744
20 1 7.045431986410524
20 2 7.427207715294534
20 3 6.400043024236629
20 4 8.08632174642168
20 5 6.3544286376397405
20 6 7.098965969448442
20 7 6.87331534620017
20 8 7.593940721094768
20 9 7.200697677419213
20 10 7.01085536229798
20 11 6.364755132440474
20 12 5.438169580651059
20 13 6.422677706428304
20 14 6.507530662573018
20 15 4.660012410366342
20 16 5.955703695740581
20 17 4.882874692844626
20 18 4.776565682136755
20 19 6.4389336873957035
20 20 5.126604660698999
20 21 5.3631533308383705
20 22 5.439017075312827
20 23 6.657233403022926
20 24 6.651349329170378
20 25 7.147172513170505
20 26 6.250710290829948
20 27 6.268953498677602
20 28 7.168497764235901
20 29 6.814048720598859
21 0 6.4047579175155525
21 1 7.052857641148647
21 2 6.8093414711058005
21 3 6.884445588717157
21 4 6.827537145041627
21 5 8.19211974474536
21 6 6.033188398063127
21 7 6.763898551776429
21 8 5.641662766717393
21 9 7.031105211425939
21 10 7.200697677419213
21 11 6.8881146439724255
21 12 6.078239165932844
21 13 6.347754226701838
21 14 5.023726814009773
21 15 5.902313967167466
21 16 6.35874573324201
21 17 5.073537168076697
21 18 5.428353475036141
21 19 6.103558307371455
21 20 5.3631533308383705
21 21 5.658372273372965
21 22 6.459777597714967
21 23 5.91516179650565
21 24 6.667236331282058
21 25 7.124146767471249
21 26 5.972982691225329
21 27 6.644842060093389
21 28 6.801495371962269
21 29 7.396274811151549
22 0 7.36829849540923
22 1 6.856957164751343
22 2 7.559168964599972
22 3 6.826155121131414
22 4 6.564330102459353
22 5 8.045767787269941
22 6 7.88078332779502
22 7 7.222383216108857
22 8 5.794911177029679
22 9 5.641662766717393
22 10 7.593940721094768
22 11 5.525948557350222
22 12 5.978504883138846
22 13 7.197608382094275
22 14 6.582819135800121
22 15 5.877719934859428
22 16 6.912730863301297
22 17 6.0129309858312245
22 18 6.037302797127925
22 19 6.831780511653621
22 20 5.439017075312827
22 21 6.459777597714967
22 22 5.264386255154358
22 23 7.472965325354826
22 24 6.462201051965169
22 25 6.2305147240558805
22 26 6.614510040923798
22 27 6.5724971096726765
22 28 6.160271384491602
22 29 7.462197037520751
23 0 7.0411170323392325
23 1 6.778860827661726
23 2 6.669818912026207
23 3 6.9162052627008865
23 4 6.922653474758167
23 5 5.970776164075336
23 6 7.446845196094056
23 7 6.891005392632712
23 8 7.222383216108857
23 9 6.763898551776429
23 10 6.87331534620017
23 11 6.354203463884958
23 12 6.068225748092542
23 13 7.130072890291842
23 14 6.046286837130051
23 15 6.306311312819578
23 16 7.014436157629953
23 17 5.901967427430021
23 18 5.17975983989411
23 19 6.683511965621689
23 20 6.657233403022926
23 21 5.91516179650565
23 22 7.472965325354826
23 23 6.966244937640395
23 24 8.796422394519336
23 25 5.820112992846205
23 26 8.287885511879553
23 27 6.444175039643836
23 28 7.150123946535193
23 29 6.621752678908853
24 0 7.175825457766875
24 1 7.605909803449914
24 2 6.912486455266453
24 3 5.8985504770546076
24 4 8.224102188989605
24 5 6.056301504607175
24 6 6.575294923747113
24 7 7.446845196094056
24 8 7.88078332779502
24 9 6.033188398063127
24 10 7.098965969448442
24 11 7.180409173128997
24 12 6.830067229036087
24 13 6.380623385407789
24 14 6.331333097138233
24 15 7.752850586775882
24 16 5.768436204430297
24 17 6.653307646452821
24 18 6.290493091451454
24 19 6.209288164054887
24 20 6.651349329170378
24 21 6.667236331282058
24 22 6.462201051965169
24 23 8.796422394519336
24 24 6.261280115349918
24 25 7.457817647954374
24 26 7.327277652552099
24 27 7.264894886359093
24 28 8.306566907915936
24 29 7.893858495365888
25 0 6.209664082254931
25 1 7.025168825038422
25 2 7.3654100219024645
25 3 7.255888376253344
25 4 5.9535976566962825
25 5 6.429671453012593
25 6 6.056301504607175
25 7 5.970776164075336
25 8 8.045767787269941
25 9 8.19211974474536
25 10 6.3544286376397405
25 11 5.111026784707775
25 12 6.635310137596409
25 13 8.233367737951516
25 14 7.7083523958246465
25 15 6.688016544536945
25 16 7.216547914943474
25 17 4.855752227159375
25 18 5.476254355437763
25 19 6.121332493769311
25 20 7.147172513170505
25 21 7.124146767471249
25 22 6.2305147240558805
25 23 5.820112992846205
25 24 7.457817647954374
25 25 7.208856946021792
25 26 6.307809319596839
25 27 6.439140031641377
25 28 6.40360335354893
25 29 6.445471544567184
26 0 6.896540255535853
26 1 6.622535752555846
26 2 7.231475073623122
26 3 8.218992137985879
26 4 7.056695014329115
26 5 5.9535976566962825
26 6 8.224102188989605
26 7 6.922653474758167
26 8 6.564330102459353
26 9 6.827537145041627
26 10 8.08632174642168
26 11 7.608618595709386
26 12 5.534132087978643
26 13 6.105805110502539
26 14 6.162594628826106
26 15 6.273389195364378
26 16 7.037421614802759
26 17 7.680407796892735
26 18 6.959236023505642
26 19 7.496606809090149
26 20 6.250710290829948
26 21 5.972982691225329
26 22 6.614510040923798
26 23 8.287885511879553
26 24 7.327277652552099
26 25 6.307809319596839
26 26 7.8573339283956765
26 27 7.0547662027845135
26 28 6.622271934296132
26 29 6.472954065538472
27 0 7.224877700328404
27 1 6.64302708539414
27 2 7.061141421672159
27 3 5.5948425448915575
27 4 8.218992137985879
27 5 7.255888376253344
27 6 5.8985504770546076
27 7 6.9162052627008865
27 8 6.826155121131414
27 9 6.884445588717157
27 10 6.400043024236629
27 11 6.692566176569123
27 12 6.295656556999502
27 13 7.514850949401352
27 14 6.320649416566351
27 15 6.637000788207618
27 16 5.8725465454446075
27 17 6.899605994331362
27 18 6.177549080868066
27 19 6.68397581261676
27 20 6.268953498677602
27 21 6.644842060093389
27 22 6.5724971096726765
27 23 6.444175039643836
27 24 7.264894886359093
27 25 6.439140031641377
27 26 7.0547662027845135
27 27 6.161637473877331
27 28 6.980150799611139
27 29 7.1332793544781
28 0 7.8479871353406105
28 1 6.872109242637603
28 2 5.590319858927509
28 3 7.061141421672159
28 4 7.231475073623122
28 5 7.3654100219024645
28 6 6.912486455266453
28 7 6.669818912026207
28 8 7.559168964599972
28 9 6.8093414711058005
28 10 7.427207715294534
28 11 7.341001080822245
28 12 7.062697329265318
28 13 5.989581576083899
28 14 6.440057328487792
28 15 7.800672617731028
28 16 6.639230477072192
28 17 7.105539091700909
28 18 6.4213776527003965
28 19 7.596187515956234
28 20 7.168497764235901
28 21 6.801495371962269
28 22 6.160271384491602
28 23 7.150123946535193
28 24 8.306566907915936
28 25 6.40360335354893
28 26 6.622271934296132
28 27 6.980150799611139
28 28 6.343549484984442
28 29 6.781016546426086
29 0 6.096173042515692
29 1 6.674366721907862
29 2 6.872109242637603
29 3 6.64302708539414
29 4 6.622535752555846
29 5 7.025168825038422
29 6 7.605909803449914
29 7 6.778860827661726
29 8 6.856957164751343
29 9 7.052857641148647
29 10 7.045431986410524
29 11 7.180914074791584
29 12 6.9566869522586465
29 13 6.296224438443492
29 14 6.526152275227695
29 15 6.070017836617232
29 16 6.478057371736597
29 17 6.946805284405374
29 18 7.754793515306206
29 19 6.985540547109482
29 20 6.814048720598859
29 21 7.396274811151549
29 22 7.462197037520751
29 23 6.621752678908853
29 24 7.893858495365888
29 25 6.445471544567184
29 26 6.472954065538472
29 27 7.1332793544781
29 28 6.781016546426086
29 29 6.592920382190234
