0 0 7.818161922406157
0 1 6.34934363774804
0 2 7.845809312252146
0 3 6.811614676289117
0 4 7.025471927984252
0 5 6.695101390975725
0 6 6.748974320737524
0 7 6.7616953745374255
0 8 7.9650169958477575
0 9 7.347728584077041
0 10 7.609025072651415
0 11 7.200124998038001
0 12 6.420331795358976
0 13 7.718852502318844
0 14 7.506870608101611
0 15 7.530090221239693
0 16 6.991171932882111
0 17 6.945035710042276
0 18 7.235664566598867
0 19 6.826444816074728
0 20 7.347936461595587
0 21 7.487700140651362
0 22 6.71626115397827
0 23 6.133136571408172
0 24 6.816554818653511
0 25 6.694488446716052
0 26 6.400674931971665
0 27 6.166236379850044
0 28 7.033048828394303
0 29 5.645711442711351
1 0 6.34934363774804
1 1 6.485484580246469
1 2 8.016094765639451
1 3 7.510096711837409
1 4 8.206987189291958
1 5 7.0549639120165395
1 6 6.721763438006563
1 7 7.9055224529190165
1 8 6.823384788328911
1 9 6.199503682087219
1 10 6.025747543225551
1 11 6.8075274044541985
1 12 6.326679857593275
1 13 7.217001115841583
1 14 6.188622197293104
1 15 7.302715652010237
1 16 7.834884628299161
1 17 7.435116379778505
1 18 7.791158513567287
1 19 7.135576774983865
1 20 6.369968148432965
1 21 7.355040890570663
1 22 7.097445360409585
1 23 7.36829849540923
1 24 7.112221681353414
1 25 6.530732405406437
1 26 6.6430809326387426
1 27 5.883306283907249
1 28 6.893048556054152
1 29 6.1954609103560605
2 0 7.845809312252146
2 1 8.016094765639451
2 2 7.71285962153237
2 3 6.320860719390046
2 4 7.647252829911812
2 5 7.572834021817627
2 6 6.412240747181863
2 7 6.990929683518457
2 8 7.987742050814647
2 9 6.862011608148283
2 10 7.841224999587379
2 11 7.503824321887949
2 12 7.371601877974146
2 13 8.158960965899368
2 14 7.463533041861019
2 15 6.9572637073946275
2 16 7.243930007162596
2 17 7.240158757240125
2 18 6.369916173965156
2 19 7.0520469591101484
2 20 6.414644934488854
2 21 7.025903585523992
2 22 7.052857641148647
2 23 6.2176798122918475
2 24 7.938603955939121
2 25 6.636106411385927
2 26 5.9175973668438875
2 27 6.679231674734837
2 28 6.875013243641209
2 29 6.893048556054152
3 0 6.811614676289117
3 1 7.510096711837409
3 2 6.320860719390046
3 3 8.020407764597872
3 4 8.188171957572163
3 5 6.9985616700689866
3 6 6.787496423465442
3 7 7.888269261205615
3 8 6.4280886981418925
3 9 6.034698780012263
3 10 7.213142033931176
3 11 6.32126087122727
3 12 6.2973222176158234
3 13 6.42376438481953
3 14 6.877422269088373
3 15 5.983936725179873
3 16 7.1527148034046375
3 17 7.7803177110239865
3 18 6.379232617992006
3 19 6.437238088254672
3 20 7.095596255607657
3 21 7.427207715294534
3 22 7.160833389751498
3 23 8.863747839722658
3 24 6.144137745345274
3 25 6.2484629238516005
3 26 7.477104639039842
3 27 6.582679191604641
3 28 6.679231674734837
3 29 5.883306283907249
4 0 7.025471927984252
4 1 8.206987189291958
4 2 7.647252829911812
4 3 8.188171957572163
4 4 7.070959738405758
4 5 5.695395868745872
4 6 7.621559167883273
4 7 6.573610967992261
4 8 6.236648135122127
4 9 7.07517341727154
4 10 6.829898842473672
4 11 7.38953074820883
4 12 6.629421023323335
4 13 6.496674318439397
4 14 7.124146767471249
4 15 7.329060560243879
4 16 6.190731379372372
4 17 6.013728059757092
4 18 6.581812619340154
4 19 8.021938987957702
4 20 6.692566176569123
4 21 5.322908887187078
4 22 7.971508616274754
4 23 6.623631740378908
4 24 7.067583261616085
4 25 6.450355769842445
4 26 7.946558278872253
4 27 7.477104639039842
4 28 5.9175973668438875
4 29 6.6430809326387426
5 0 6.695101390975725
5 1 7.0549639120165395
5 2 7.572834021817627
5 3 6.9985616700689866
5 4 5.695395868745872
5 5 7.214137722909526
5 6 5.817785065687769
5 7 7.595087675748122
5 8 6.575595419955935
5 9 6.241149263247093
5 10 6.7670492660331805
5 11 7.594315378167885
5 12 7.719716573614906
5 13 6.480776220308476
5 14 6.142553790665392
5 15 5.517333547866939
5 16 6.529898067153464
5 17 7.0479367527753345
5 18 5.394191356646955
5 19 5.534132087978643
5 20 7.663774722833991
5 21 7.293477221132973
5 22 7.113887945149963
5 23 7.964314087853644
5 24 7.120525986253283
5 25 7.581515955379998
5 26 6.450355769842445
5 27 6.2484629238516005
5 28 6.636106411385927
5 29 6.530732405406437
6 0 6.748974320737524
6 1 6.721763438006563
6 2 6.412240747181863
6 3 6.787496423465442
6 4 7.621559167883273
6 5 5.817785065687769
6 6 6.631320099467327
6 7 5.054608978525658
6 8 6.019206873161746
6 9 6.103970358743092
6 10 7.1186556788151805
6 11 6.253707190060627
6 12 7.45969844702518
6 13 6.856139925363516
6 14 6.602764146142665
6 15 6.5325847698750605
6 16 7.917701425453218
6 17 7.240924969251702
6 18 8.233367737951516
6 19 6.707133184177462
6 20 6.946584719206983
6 21 6.453396166441807
6 22 6.427078780356511
6 23 7.1038873094879245
6 24 6.476449198031721
6 25 7.120525986253283
6 26 7.067583261616085
6 27 6.144137745345274
6 28 7.938603955939121
6 29 7.112221681353414
7 0 6.7616953745374255
7 1 7.9055224529190165
7 2 6.990929683518457
7 3 7.888269261205615
7 4 6.573610967992261
7 5 7.595087675748122
7 6 5.054608978525658
7 7 6.793174248087997
7 8 6.631960222132896
7 9 6.46634657206296
7 10 5.813748519436803
7 11 5.4658850205191065
7 12 6.374946948301667
7 13 6.405093844961558
7 14 6.046712461255711
7 15 6.351757178868338
7 16 5.998112971447432
7 17 6.331333097138233
7 18 6.969418672070534
7 19 5.845628258404857
7 20 6.708368701891432
7 21 5.623526350660326
7 22 6.746976518483778
7 23 7.09517736896191
7 24 7.1038873094879245
7 25 7.964314087853644
7 26 6.623631740378908
7 27 8.863747839722658
7 28 6.2176798122918475
7 29 7.36829849540923
8 0 7.9650169958477575
8 1 6.823384788328911
8 2 7.987742050814647
8 3 6.4280886981418925
8 4 6.236648135122127
8 5 6.575595419955935
8 6 6.019206873161746
8 7 6.631960222132896
8 8 6.036942338012919
8 9 5.316088339106099
8 10 5.962865668106219
8 11 4.785478907659561
8 12 5.196739393513341
8 13 5.129249803209593
8 14 6.0757409717427135
8 15 6.04750798363038
8 16 6.306311312819578
8 17 7.18173426434188
8 18 6.4364075839554715
8 19 6.627419852142712
8 20 7.181677023996402
8 21 6.8003626669620685
8 22 6.5229478995801236
8 23 6.746976518483778
8 24 6.427078780356511
8 25 7.113887945149963
8 26 7.971508616274754
8 27 7.160833389751498
8 28 7.052857641148647
8 29 7.097445360409585
9 0 7.347728584077041
9 1 6.199503682087219
9 2 6.862011608148283
9 3 6.034698780012263
9 4 7.07517341727154
9 5 6.241149263247093
9 6 6.103970358743092
9 7 6.46634657206296
9 8 5.316088339106099
9 9 5.422832013413077
9 10 5.99212207951661
9 11 5.034573815274382
9 12 4.915423869612666
9 13 6.082377394526061
9 14 5.604133169566642
9 15 6.912730863301297
9 16 4.761044761330232
9 17 6.732147694841568
9 18 6.742349652165491
9 19 6.926238138699418
9 20 7.692173708270657
9 21 5.886237532365432
9 22 6.8003626669620685
9 23 5.623526350660326
9 24 6.453396166441807
9 25 7.293477221132973
9 26 5.322908887187078
9 27 7.427207715294534
9 28 7.025903585523992
9 29 7.355040890570663
10 0 7.609025072651415
10 1 6.025747543225551
10 2 7.841224999587379
10 3 7.213142033931176
10 4 6.829898842473672
10 5 6.7670492660331805
10 6 7.1186556788151805
10 7 5.813748519436803
10 8 5.962865668106219
10 9 5.99212207951661
10 10 4.204988116547375
10 11 4.324553881679337
10 12 3.969167258103374
10 13 5.661567639477974
10 14 5.073537168076697
10 15 6.244377365343017
10 16 7.627608167767605
10 17 5.664689952534608
10 18 5.819637081663429
10 19 6.496231022202143
10 20 6.479144041683189
10 21 7.692173708270657
10 22 7.181677023996402
10 23 6.708368701891432
10 24 6.946584719206983
10 25 7.663774722833991
10 26 6.692566176569123
10 27 7.095596255607657
10 28 6.414644934488854
10 29 6.369968148432965
11 0 7.200124998038001
11 1 6.8075274044541985
11 2 7.503824321887949
11 3 6.32126087122727
11 4 7.38953074820883
11 5 7.594315378167885
11 6 6.253707190060627
11 7 5.4658850205191065
11 8 4.785478907659561
11 9 5.034573815274382
11 10 4.324553881679337
11 11 0
11 12 3.6242819311395804
11 13 4.776565682136755
11 14 6.091363801609244
11 15 5.921676926573836
11 16 6.232471555367982
11 17 6.229590415499384
11 18 6.878822484546102
11 19 5.832479112330395
11 20 6.496231022202143
11 21 6.926238138699418
11 22 6.627419852142712
11 23 5.845628258404857
11 24 6.707133184177462
11 25 5.534132087978643
11 26 8.021938987957702
11 27 6.437238088254672
11 28 7.0520469591101484
11 29 7.135576774983865
12 0 6.420331795358976
12 1 6.326679857593275
12 2 7.371601877974146
12 3 6.2973222176158234
12 4 6.629421023323335
12 5 7.719716573614906
12 6 7.45969844702518
12 7 6.374946948301667
12 8 5.196739393513341
12 9 4.915423869612666
12 10 3.969167258103374
12 11 3.6242819311395804
12 12 4.052523648431816
12 13 5.574622422234953
12 14 5.019655496352449
12 15 6.403388640518389
12 16 6.278397162068696
12 17 6.383245306413667
12 18 5.335918573014621
12 19 6.878822484546102
12 20 5.819637081663429
12 21 6.742349652165491
12 22 6.4364075839554715
12 23 6.969418672070534
12 24 8.233367737951516
12 25 5.394191356646955
12 26 6.581812619340154
12 27 6.379232617992006
12 28 6.369916173965156
12 29 7.791158513567287
13 0 7.718852502318844
13 1 7.217001115841583
13 2 8.158960965899368
13 3 6.42376438481953
13 4 6.496674318439397
13 5 6.480776220308476
13 6 6.856139925363516
13 7 6.405093844961558
13 8 5.129249803209593
13 9 6.082377394526061
13 10 5.661567639477974
13 11 4.776565682136755
13 12 5.574622422234953
13 13 6.023506478470033
13 14 5.993035224568648
13 15 6.436280741176267
13 16 6.194757178556023
13 17 6.310862253310102
13 18 6.383245306413667
13 19 6.229590415499384
13 20 5.664689952534608
13 21 6.732147694841568
13 22 7.18173426434188
13 23 6.331333097138233
13 24 7.240924969251702
13 25 7.0479367527753345
13 26 6.013728059757092
13 27 7.7803177110239865
13 28 7.240158757240125
13 29 7.435116379778505
14 0 7.506870608101611
14 1 6.188622197293104
14 2 7.463533041861019
14 3 6.877422269088373
14 4 7.124146767471249
14 5 6.142553790665392
14 6 6.602764146142665
14 7 6.046712461255711
14 8 6.0757409717427135
14 9 5.604133169566642
14 10 5.073537168076697
14 11 6.091363801609244
14 12 5.019655496352449
14 13 5.993035224568648
14 14 6.409746774630609
14 15 5.304697716111485
14 16 5.268537138884727
14 17 6.194757178556023
14 18 6.278397162068696
14 19 6.232471555367982
14 20 7.627608167767605
14 21 4.761044761330232
14 22 6.306311312819578
14 23 5.998112971447432
14 24 7.917701425453218
14 25 6.529898067153464
14 26 6.190731379372372
14 27 7.1527148034046375
14 28 7.243930007162596
14 29 7.834884628299161
15 0 7.530090221239693
15 1 7.302715652010237
15 2 6.9572637073946275
15 3 5.983936725179873
15 4 7.329060560243879
15 5 5.517333547866939
15 6 6.5325847698750605
15 7 6.351757178868338
15 8 6.04750798363038
15 9 6.912730863301297
15 10 6.244377365343017
15 11 5.921676926573836
15 12 6.403388640518389
15 13 6.436280741176267
15 14 5.304697716111485
15 15 5.904960389113767
15 16 5.304697716111485
15 17 6.436280741176267
15 18 6.403388640518389
15 19 5.921676926573836
15 20 6.244377365343017
15 21 6.912730863301297
15 22 6.04750798363038
15 23 6.351757178868338
15 24 6.5325847698750605
15 25 5.517333547866939
15 26 7.329060560243879
15 27 5.983936725179873
15 28 6.9572637073946275
15 29 7.302715652010237
16 0 6.991171932882111
16 1 7.834884628299161
16 2 7.243930007162596
16 3 7.1527148034046375
16 4 6.190731379372372
16 5 6.529898067153464
16 6 7.917701425453218
16 7 5.998112971447432
16 8 6.306311312819578
16 9 4.761044761330232
16 10 7.627608167767605
16 11 6.232471555367982
16 12 6.278397162068696
16 13 6.194757178556023
16 14 5.268537138884727
16 15 5.304697716111485
16 16 6.409746774630609
16 17 5.993035224568648
16 18 5.019655496352449
16 19 6.091363801609244
16 20 5.073537168076697
16 21 5.604133169566642
16 22 6.0757409717427135
16 23 6.046712461255711
16 24 6.602764146142665
16 25 6.142553790665392
16 26 7.124146767471249
16 27 6.877422269088373
16 28 7.463533041861019
16 29 6.188622197293104
17 0 6.945035710042276
17 1 7.435116379778505
17 2 7.240158757240125
17 3 7.7803177110239865
17 4 6.013728059757092
17 5 7.0479367527753345
17 6 7.240924969251702
17 7 6.331333097138233
17 8 7.18173426434188
17 9 6.732147694841568
17 10 5.664689952534608
17 11 6.229590415499384
17 12 6.383245306413667
17 13 6.310862253310102
17 14 6.194757178556023
17 15 6.436280741176267
17 16 5.993035224568648
17 17 6.023506478470033
17 18 5.574622422234953
17 19 4.776565682136755
17 20 5.661567639477974
17 21 6.082377394526061
17 22 5.129249803209593
17 23 6.405093844961558
17 24 6.856139925363516
17 25 6.480776220308476
17 26 6.496674318439397
17 27 6.42376438481953
17 28 8.158960965899368
17 29 7.217001115841583
18 0 7.235664566598867
18 1 7.791158513567287
18 2 6.369916173965156
18 3 6.379232617992006
18 4 6.581812619340154
18 5 5.394191356646955
18 6 8.233367737951516
18 7 6.969418672070534
18 8 6.4364075839554715
18 9 6.742349652165491
18 10 5.819637081663429
18 11 6.878822484546102
18 12 5.335918573014621
18 13 6.383245306413667
18 14 6.278397162068696
18 15 6.403388640518389
18 16 5.019655496352449
18 17 5.574622422234953
18 18 4.052523648431816
18 19 3.6242819311395804
18 20 3.969167258103374
18 21 4.915423869612666
18 22 5.196739393513341
18 23 6.374946948301667
18 24 7.45969844702518
18 25 7.719716573614906
18 26 6.629421023323335
18 27 6.2973222176158234
18 28 7.371601877974146
18 29 6.326679857593275
19 0 6.826444816074728
19 1 7.135576774983865
19 2 7.0520469591101484
19 3 6.437238088254672
19 4 8.021938987957702
19 5 5.534132087978643
19 6 6.707133184177462
19 7 5.845628258404857
19 8 6.627419852142712
19 9 6.926238138699418
19 10 6.496231022202143
19 11 5.832479112330395
19 12 6.878822484546102
19 13 6.229590415499384
19 14 6.232471555367982
19 15 5.921676926573836
19 16 6.091363801609244
19 17 4.776565682136755
19 18 3.6242819311395804
19 19 0
19 20 4.324553881679337
19 21 5.034573815274382
19 22 4.785478907659561
19 23 5.4658850205191065
19 24 6.253707190060627
19 25 7.594315378167885
19 26 7.38953074820883
19 27 6.32126087122727
19 28 7.503824321887949
19 29 6.8075274044541985
20 0 7.347936461595587
20 1 6.369968148432965
20 2 6.414644934488854
20 3 7.095596255607657
20 4 6.692566176569123
20 5 7.663774722833991
20 6 6.946584719206983
20 7 6.708368701891432
20 8 7.181677023996402
20 9 7.692173708270657
20 10 6.479144041683189
20 11 6.496231022202143
20 12 5.819637081663429
20 13 5.664689952534608
20 14 7.627608167767605
20 15 6.244377365343017
20 16 5.073537168076697
20 17 5.661567639477974
20 18 3.969167258103374
20 19 4.324553881679337
20 20 4.204988116547375
20 21 5.99212207951661
20 22 5.962865668106219
20 23 5.813748519436803
20 24 7.1186556788151805
20 25 6.7670492660331805
20 26 6.829898842473672
20 27 7.213142033931176
20 28 7.841224999587379
20 29 6.025747543225551
21 0 7.487700140651362
21 1 7.355040890570663
21 2 7.025903585523992
21 3 7.427207715294534
21 4 5.322908887187078
21 5 7.293477221132973
21 6 6.453396166441807
21 7 5.623526350660326
21 8 6.8003626669620685
21 9 5.886237532365432
21 10 7.692173708270657
21 11 6.926238138699418
21 12 6.742349652165491
21 13 6.732147694841568
21 14 4.761044761330232
21 15 6.912730863301297
21 16 5.604133169566642
21 17 6.082377394526061
21 18 4.915423869612666
21 19 5.034573815274382
21 20 5.99212207951661
21 21 5.422832013413077
21 22 5.316088339106099
21 23 6.46634657206296
21 24 6.103970358743092
21 25 6.241149263247093
21 26 7.07517341727154
21 27 6.034698780012263
21 28 6.862011608148283
21 29 6.199503682087219
22 0 6.71626115397827
22 1 7.097445360409585
22 2 7.052857641148647
22 3 7.160833389751498
22 4 7.971508616274754
22 5 7.113887945149963
22 6 6.427078780356511
22 7 6.746976518483778
22 8 6.5229478995801236
22 9 6.8003626669620685
22 10 7.181677023996402
22 11 6.627419852142712
22 12 6.4364075839554715
22 13 7.18173426434188
22 14 6.306311312819578
22 15 6.04750798363038
22 16 6.0757409717427135
22 17 5.129249803209593
22 18 5.196739393513341
22 19 4.785478907659561
22 20 5.962865668106219
22 21 5.316088339106099
22 22 6.036942338012919
22 23 6.631960222132896
22 24 6.019206873161746
22 25 6.575595419955935
22 26 6.236648135122127
22 27 6.4280886981418925
22 28 7.987742050814647
22 29 6.823384788328911
23 0 6.133136571408172
23 1 7.36829849540923
23 2 6.2176798122918475
23 3 8.863747839722658
23 4 6.623631740378908
23 5 7.964314087853644
23 6 7.1038873094879245
23 7 7.09517736896191
23 8 6.746976518483778
23 9 5.623526350660326
23 10 6.708368701891432
23 11 5.845628258404857
23 12 6.969418672070534
23 13 6.331333097138233
23 14 5.998112971447432
23 15 6.351757178868338
23 16 6.046712461255711
23 17 6.405093844961558
23 18 6.374946948301667
23 19 5.4658850205191065
23 20 5.813748519436803
23 21 6.46634657206296
23 22 6.631960222132896
23 23 6.793174248087997
23 24 5.054608978525658
23 25 7.595087675748122
23 26 6.573610967992261
23 27 7.888269261205615
23 28 6.990929683518457
23 29 7.9055224529190165
24 0 6.816554818653511
24 1 7.112221681353414
24 2 7.938603955939121
24 3 6.144137745345274
24 4 7.067583261616085
24 5 7.120525986253283
24 6 6.476449198031721
24 7 7.1038873094879245
24 8 6.427078780356511
24 9 6.453396166441807
24 10 6.946584719206983
24 11 6.707133184177462
24 12 8.233367737951516
24 13 7.240924969251702
24 14 7.917701425453218
24 15 6.5325847698750605
24 16 6.602764146142665
24 17 6.856139925363516
24 18 7.45969844702518
24 19 6.253707190060627
24 20 7.1186556788151805
24 21 6.103970358743092
24 22 6.019206873161746
24 23 5.054608978525658
24 24 6.631320099467327
24 25 5.817785065687769
24 26 7.621559167883273
24 27 6.787496423465442
24 28 6.412240747181863
24 29 6.721763438006563
25 0 6.694488446716052
25 1 6.530732405406437
25 2 6.636106411385927
25 3 6.2484629238516005
25 4 6.450355769842445
25 5 7.581515955379998
25 6 7.120525986253283
25 7 7.964314087853644
25 8 7.113887945149963
25 9 7.293477221132973
25 10 7.663774722833991
25 11 5.534132087978643
25 12 5.394191356646955
25 13 7.0479367527753345
25 14 6.529898067153464
25 15 5.517333547866939
25 16 6.142553790665392
25 17 6.480776220308476
25 18 7.719716573614906
25 19 7.594315378167885
25 20 6.7670492660331805
25 21 6.241149263247093
25 22 6.575595419955935
25 23 7.595087675748122
25 24 5.817785065687769
25 25 7.214137722909526
25 26 5.695395868745872
25 27 6.9985616700689866
25 28 7.572834021817627
25 29 7.0549639120165395
26 0 6.400674931971665
26 1 6.6430809326387426
26 2 5.9175973668438875
26 3 7.477104639039842
26 4 7.946558278872253
26 5 6.450355769842445
26 6 7.067583261616085
26 7 6.623631740378908
26 8 7.971508616274754
26 9 5.322908887187078
26 10 6.692566176569123
26 11 8.021938987957702
26 12 6.581812619340154
26 13 6.013728059757092
26 14 6.190731379372372
26 15 7.329060560243879
26 16 7.124146767471249
26 17 6.496674318439397
26 18 6.629421023323335
26 19 7.38953074820883
26 20 6.829898842473672
26 21 7.07517341727154
26 22 6.236648135122127
26 23 6.573610967992261
26 24 7.621559167883273
26 25 5.695395868745872
26 26 7.070959738405758
26 27 8.188171957572163
26 28 7.647252829911812
26 29 8.206987189291958
27 0 6.166236379850044
27 1 5.883306283907249
27 2 6.679231674734837
27 3 6.582679191604641
27 4 7.477104639039842
27 5 6.2484629238516005
27 6 6.144137745345274
27 7 8.863747839722658
27 8 7.160833389751498
27 9 7.427207715294534
27 10 7.095596255607657
27 11 6.437238088254672
27 12 6.379232617992006
27 13 7.7803177110239865
27 14 7.1527148034046375
27 15 5.983936725179873
27 16 6.877422269088373
27 17 6.42376438481953
27 18 6.2973222176158234
27 19 6.32126087122727
27 20 7.213142033931176
27 21 6.034698780012263
27 22 6.4280886981418925
27 23 7.888269261205615
27 24 6.787496423465442
27 25 6.9985616700689866
27 26 8.188171957572163
27 27 8.020407764597872
27 28 6.320860719390046
27 29 7.510096711837409
28 0 7.033048828394303
28 1 6.893048556054152
28 2 6.875013243641209
28 3 6.679231674734837
28 4 5.9175973668438875
28 5 6.636106411385927
28 6 7.938603955939121
28 7 6.2176798122918475
28 8 7.052857641148647
28 9 7.025903585523992
28 10 6.414644934488854
28 11 7.0520469591101484
28 12 6.369916173965156
28 13 7.240158757240125
28 14 7.243930007162596
28 15 6.9572637073946275
28 16 7.463533041861019
28 17 8.158960965899368
28 18 7.371601877974146
28 19 7.503824321887949
28 20 7.841224999587379
28 21 6.862011608148283
28 22 7.987742050814647
28 23 6.990929683518457
28 24 6.412240747181863
28 25 7.572834021817627
28 26 7.647252829911812
28 27 6.320860719390046
28 28 7.71285962153237
28 29 8.016094765639451
29 0 5.645711442711351
29 1 6.1954609103560605
29 2 6.893048556054152
29 3 5.883306283907249
29 4 6.6430809326387426
29 5 6.530732405406437
29 6 7.112221681353414
29 7 7.36829849540923
29 8 7.097445360409585
29 9 7.355040890570663
29 10 6.369968148432965
29 11 7.135576774983865
29 12 7.791158513567287
29 13 7.435116379778505
29 14 7.834884628299161
29 15 7.302715652010237
29 16 6.188622197293104
29 17 7.217001115841583
29 18 6.326679857593275
29 19 6.8075274044541985
29 20 6.025747543225551
29 21 6.199503682087219
29 22 6.823384788328911
29 23 7.9055224529190165
29 24 6.721763438006563
29 25 7.0549639120165395
29 26 8.206987189291958
29 27 7.510096711837409
29 28 8.016094765639451
29 29 6.485484580246469
