0 0 6.70606743768008
0 1 6.585381946607201
0 2 6.874060193476629
0 3 6.446565176506403
0 4 5.666264869980438
0 5 7.350749088881078
0 6 6.506556359767953
0 7 6.081860549786139
0 8 7.61746150297539
0 9 6.5595757435758095
0 10 7.1559034920518565
0 11 6.449489206194925
0 12 7.792328835250252
0 13 7.867192637675734
0 14 7.639861120429938
0 15 7.327286414238911
0 16 7.805024654277472
0 17 6.2378415536052625
0 18 7.567838374793477
0 19 6.688888459703472
0 20 6.557168030837688
0 21 6.570942990987828
0 22 7.938603955939121
0 23 6.5594318937328255
0 24 7.025168825038422
0 25 5.565984329521154
0 26 6.9573487784952155
0 27 6.300703632162142
0 28 7.398392642863579
0 29 7.151335803685861
1 0 6.585381946607201
1 1 6.420395394749297
1 2 6.579824931835396
1 3 6.835774762893288
1 4 7.064201167582472
1 5 7.875919723880725
1 6 7.721219678040848
1 7 6.7517472985921065
1 8 7.057206316219705
1 9 7.119206509653804
1 10 7.929017503763283
1 11 8.126730595899256
1 12 6.632037969200563
1 13 6.865774693072611
1 14 7.618426443758034
1 15 7.276700680073123
1 16 6.763716759496679
1 17 7.218851287798057
1 18 8.120724691475342
1 19 7.758884301196406
1 20 8.274244064554205
1 21 8.863747839722658
1 22 6.088386917663421
1 23 6.912486455266453
1 24 7.206127588793005
1 25 7.300512324549297
1 26 6.373668679095554
1 27 6.927187051388995
1 28 6.349858238386647
1 29 6.795463957035195
2 0 6.874060193476629
2 1 6.579824931835396
2 2 6.4733880228996785
2 3 6.461521178852793
2 4 7.1580347463418414
2 5 6.8021970971547425
2 6 6.18711061702026
2 7 7.4418710421381205
2 8 7.306918113220232
2 9 6.897026636369598
2 10 5.627732237016772
2 11 6.47555857939949
2 12 6.137316259557694
2 13 7.836895840656581
2 14 7.977661425057169
2 15 7.9173214448570395
2 16 6.692566176569123
2 17 7.542736809230902
2 18 6.58119679878457
2 19 7.5140516049405095
2 20 7.971508616274754
2 21 6.965735506582096
2 22 6.9162052627008865
2 23 8.179333253154983
2 24 6.4561850532766805
2 25 7.242860878357347
2 26 7.425500500861198
2 27 7.585027776190982
2 28 6.1247189837383225
2 29 6.349858238386647
3 0 6.446565176506403
3 1 6.835774762893288
3 2 6.461521178852793
3 3 7.652956719410491
3 4 6.581999423869619
3 5 8.610221289251161
3 6 6.894248488456335
3 7 6.4152993319346345
3 8 6.5930997670759846
3 9 6.440057328487792
3 10 7.746664936073099
3 11 7.634781027864677
3 12 7.14428560584284
3 13 7.31918990506534
3 14 7.636128298594577
3 15 6.65141381115146
3 16 6.46656512953115
3 17 7.4188606130614545
3 18 7.093024438424838
3 19 7.293477221132973
3 20 6.480277641744576
3 21 6.564330102459353
3 22 6.363653014859271
3 23 6.6567574610577065
3 24 7.246353015376153
3 25 6.923651576752654
3 26 8.614721057445973
3 27 7.8368578949325425
3 28 7.585027776190982
3 29 6.927187051388995
4 0 5.666264869980438
4 1 7.064201167582472
4 2 7.1580347463418414
4 3 6.581999423869619
4 4 7.311454099277696
4 5 7.382706951727394
4 6 6.369916173965156
4 7 7.588800434428262
4 8 6.643534971559493
4 9 6.375534181473291
4 10 6.6450949966184725
4 11 5.518172585652705
4 12 6.641026690750833
4 13 6.720930546216885
4 14 5.775277733598669
4 15 6.344825416056763
4 16 5.706026928026801
4 17 6.345911774387914
4 18 6.946584719206983
4 19 6.425000143175233
4 20 8.19211974474536
4 21 8.191724351862261
4 22 5.097713483974623
4 23 6.492924060681258
4 24 7.459107628957533
4 25 6.515967398545323
4 26 5.71746405782963
4 27 8.614721057445973
4 28 7.425500500861198
4 29 6.373668679095554
5 0 7.350749088881078
5 1 7.875919723880725
5 2 6.8021970971547425
5 3 8.610221289251161
5 4 7.382706951727394
5 5 7.1024230595778866
5 6 8.7897751796519
5 7 7.313236450687361
5 8 6.8246978574429455
5 9 6.039229089144768
5 10 6.803487700326138
5 11 6.029430051024501
5 12 6.145778383737222
5 13 7.602473059506416
5 14 5.587183885230565
5 15 6.466236641117474
5 16 5.771910987063707
5 17 5.845628258404857
5 18 7.571230751427127
5 19 7.098965969448442
5 20 6.1281708569183815
5 21 7.2859279993961055
5 22 8.086368463404904
5 23 7.004334688243979
5 24 7.2117010292976484
5 25 7.782529981958269
5 26 6.515967398545323
5 27 6.923651576752654
5 28 7.242860878357347
5 29 7.300512324549297
6 0 6.506556359767953
6 1 7.721219678040848
6 2 6.18711061702026
6 3 6.894248488456335
6 4 6.369916173965156
6 5 8.7897751796519
6 6 6.862038130984629
6 7 6.924032462890784
6 8 7.27785702778844
6 9 8.057501392957523
6 10 6.436359227727561
6 11 5.809953791334797
6 12 6.29808851953542
6 13 8.294788109364166
6 14 6.3776075710684035
6 15 7.427420341838795
6 16 6.4364075839554715
6 17 6.9219520667381245
6 18 6.354203463884958
6 19 5.58413483058991
6 20 7.051791572551749
6 21 6.379275175260439
6 22 7.6548676405812826
6 23 6.598003743345734
6 24 6.1237515529854845
6 25 7.2117010292976484
6 26 7.459107628957533
6 27 7.246353015376153
6 28 6.4561850532766805
6 29 7.206127588793005
7 0 6.081860549786139
7 1 6.7517472985921065
7 2 7.4418710421381205
7 3 6.4152993319346345
7 4 7.588800434428262
7 5 7.313236450687361
7 6 6.924032462890784
7 7 7.0479367527753345
7 8 6.877526048348533
7 9 6.484482063499269
7 10 7.240985526678922
7 11 5.326244994232639
7 12 6.943945399426947
7 13 5.82864254926243
7 14 6.385055476774363
7 15 6.732147694841568
7 16 5.374449859454116
7 17 5.978504883138846
7 18 6.580238104097667
7 19 6.204108570217269
7 20 7.028725750592689
7 21 7.1439777689805055
7 22 6.18596323588965
7 23 7.620708907510824
7 24 6.598003743345734
7 25 7.004334688243979
7 26 6.492924060681258
7 27 6.6567574610577065
7 28 8.179333253154983
7 29 6.912486455266453
8 0 7.61746150297539
8 1 7.057206316219705
8 2 7.306918113220232
8 3 6.5930997670759846
8 4 6.643534971559493
8 5 6.8246978574429455
8 6 7.27785702778844
8 7 6.877526048348533
8 8 6.483375491830898
8 9 5.7596799355141455
8 10 6.306311312819578
8 11 5.358175259741342
8 12 6.3049294407165535
8 13 6.1015254015392655
8 14 7.627608167767605
8 15 5.749751625471095
8 16 6.347754226701838
8 17 6.5058674046036336
8 18 5.819637081663429
8 19 6.7339255766497415
8 20 6.2572202523089295
8 21 6.087254416807367
8 22 6.270338422927054
8 23 6.18596323588965
8 24 7.6548676405812826
8 25 8.086368463404904
8 26 5.097713483974623
8 27 6.363653014859271
8 28 6.9162052627008865
8 29 6.088386917663421
9 0 6.5595757435758095
9 1 7.119206509653804
9 2 6.897026636369598
9 3 6.440057328487792
9 4 6.375534181473291
9 5 6.039229089144768
9 6 8.057501392957523
9 7 6.484482063499269
9 8 5.7596799355141455
9 9 6.2785857220473895
9 10 6.471520272598224
9 11 5.834562919141538
9 12 5.497189968233237
9 13 5.921676926573836
9 14 5.57486998649107
9 15 6.507530662573018
9 16 5.91718945827868
9 17 5.604319282861768
9 18 6.19694650814289
9 19 6.237254528217677
9 20 5.489312535347716
9 21 6.723347578682045
9 22 6.087254416807367
9 23 7.1439777689805055
9 24 6.379275175260439
9 25 7.2859279993961055
9 26 8.191724351862261
9 27 6.564330102459353
9 28 6.965735506582096
9 29 8.863747839722658
10 0 7.1559034920518565
10 1 7.929017503763283
10 2 5.627732237016772
10 3 7.746664936073099
10 4 6.6450949966184725
10 5 6.803487700326138
10 6 6.436359227727561
10 7 7.240985526678922
10 8 6.306311312819578
10 9 6.471520272598224
10 10 5.730816192337508
10 11 5.855146242547202
10 12 5.019655496352449
10 13 6.270405384781905
10 14 6.520668418545975
10 15 5.670325907391515
10 16 6.409746774630609
10 17 5.642054205117275
10 18 5.273542175012019
10 19 6.120173669910064
10 20 6.84107310615494
10 21 5.489312535347716
10 22 6.2572202523089295
10 23 7.028725750592689
10 24 7.051791572551749
10 25 6.1281708569183815
10 26 8.19211974474536
10 27 6.480277641744576
10 28 7.971508616274754
10 29 8.274244064554205
11 0 6.449489206194925
11 1 8.126730595899256
11 2 6.47555857939949
11 3 7.634781027864677
11 4 5.518172585652705
11 5 6.029430051024501
11 6 5.809953791334797
11 7 5.326244994232639
11 8 5.358175259741342
11 9 5.834562919141538
11 10 5.855146242547202
11 11 6.023506478470033
11 12 5.621609330014383
11 13 4.461009587403358
11 14 3.8488756993668987
11 15 5.778755906974169
11 16 5.211131926440265
11 17 6.386275899378881
11 18 5.395783497563883
11 19 6.310862253310102
11 20 6.120173669910064
11 21 6.237254528217677
11 22 6.7339255766497415
11 23 6.204108570217269
11 24 5.58413483058991
11 25 7.098965969448442
11 26 6.425000143175233
11 27 7.293477221132973
11 28 7.5140516049405095
11 29 7.758884301196406
12 0 7.792328835250252
12 1 6.632037969200563
12 2 6.137316259557694
12 3 7.14428560584284
12 4 6.641026690750833
12 5 6.145778383737222
12 6 6.29808851953542
12 7 6.943945399426947
12 8 6.3049294407165535
12 9 5.497189968233237
12 10 5.019655496352449
12 11 5.621609330014383
12 12 3.737177947328763
12 13 2.79514712931331
12 14 4.842706462610794
12 15 5.029525265886088
12 16 6.310722670929879
12 17 4.9187129170107236
12 18 5.270527361586922
12 19 5.395783497563883
12 20 5.273542175012019
12 21 6.19694650814289
12 22 5.819637081663429
12 23 6.580238104097667
12 24 6.354203463884958
12 25 7.571230751427127
12 26 6.946584719206983
12 27 7.093024438424838
12 28 6.58119679878457
12 29 8.120724691475342
13 0 7.867192637675734
13 1 6.865774693072611
13 2 7.836895840656581
13 3 7.31918990506534
13 4 6.720930546216885
13 5 7.602473059506416
13 6 8.294788109364166
13 7 5.82864254926243
13 8 6.1015254015392655
13 9 5.921676926573836
13 10 6.270405384781905
13 11 4.461009587403358
13 12 2.79514712931331
13 13 0
13 14 2.739397183005351
13 15 4.553141298921693
13 16 4.4431667210217425
13 17 4.981497371284253
13 18 4.9187129170107236
13 19 6.386275899378881
13 20 5.642054205117275
13 21 5.604319282861768
13 22 6.5058674046036336
13 23 5.978504883138846
13 24 6.9219520667381245
13 25 5.845628258404857
13 26 6.345911774387914
13 27 7.4188606130614545
13 28 7.542736809230902
13 29 7.218851287798057
14 0 7.639861120429938
14 1 7.618426443758034
14 2 7.977661425057169
14 3 7.636128298594577
14 4 5.775277733598669
14 5 5.587183885230565
14 6 6.3776075710684035
14 7 6.385055476774363
14 8 7.627608167767605
14 9 5.57486998649107
14 10 6.520668418545975
14 11 3.8488756993668987
14 12 4.842706462610794
14 13 2.739397183005351
14 14 3.778849527824011
14 15 4.6684432302887995
14 16 4.914550229366493
14 17 4.4431667210217425
14 18 6.310722670929879
14 19 5.211131926440265
14 20 6.409746774630609
14 21 5.91718945827868
14 22 6.347754226701838
14 23 5.374449859454116
14 24 6.4364075839554715
14 25 5.771910987063707
14 26 5.706026928026801
14 27 6.46656512953115
14 28 6.692566176569123
14 29 6.763716759496679
15 0 7.327286414238911
15 1 7.276700680073123
15 2 7.9173214448570395
15 3 6.65141381115146
15 4 6.344825416056763
15 5 6.466236641117474
15 6 7.427420341838795
15 7 6.732147694841568
15 8 5.749751625471095
15 9 6.507530662573018
15 10 5.670325907391515
15 11 5.778755906974169
15 12 5.029525265886088
15 13 4.553141298921693
15 14 4.6684432302887995
15 15 4.492672374024072
15 16 4.6684432302887995
15 17 4.553141298921693
15 18 5.029525265886088
15 19 5.778755906974169
15 20 5.670325907391515
15 21 6.507530662573018
15 22 5.749751625471095
15 23 6.732147694841568
15 24 7.427420341838795
15 25 6.466236641117474
15 26 6.344825416056763
15 27 6.65141381115146
15 28 7.9173214448570395
15 29 7.276700680073123
16 0 7.805024654277472
16 1 6.763716759496679
16 2 6.692566176569123
16 3 6.46656512953115
16 4 5.706026928026801
16 5 5.771910987063707
16 6 6.4364075839554715
16 7 5.374449859454116
16 8 6.347754226701838
16 9 5.91718945827868
16 10 6.409746774630609
16 11 5.211131926440265
16 12 6.310722670929879
16 13 4.4431667210217425
16 14 4.914550229366493
16 15 4.6684432302887995
16 16 3.778849527824011
16 17 2.739397183005351
16 18 4.842706462610794
16 19 3.8488756993668987
16 20 6.520668418545975
16 21 5.57486998649107
16 22 7.627608167767605
16 23 6.385055476774363
16 24 6.3776075710684035
16 25 5.587183885230565
16 26 5.775277733598669
16 27 7.636128298594577
16 28 7.977661425057169
16 29 7.618426443758034
17 0 6.2378415536052625
17 1 7.218851287798057
17 2 7.542736809230902
17 3 7.4188606130614545
17 4 6.345911774387914
17 5 5.845628258404857
17 6 6.9219520667381245
17 7 5.978504883138846
17 8 6.5058674046036336
17 9 5.604319282861768
17 10 5.642054205117275
17 11 6.386275899378881
17 12 4.9187129170107236
17 13 4.981497371284253
17 14 4.4431667210217425
17 15 4.553141298921693
17 16 2.739397183005351
17 17 0
17 18 2.79514712931331
17 19 4.461009587403358
17 20 6.270405384781905
17 21 5.921676926573836
17 22 6.1015254015392655
17 23 5.82864254926243
17 24 8.294788109364166
17 25 7.602473059506416
17 26 6.720930546216885
17 27 7.31918990506534
17 28 7.836895840656581
17 29 6.865774693072611
18 0 7.567838374793477
18 1 8.120724691475342
18 2 6.58119679878457
18 3 7.093024438424838
18 4 6.946584719206983
18 5 7.571230751427127
18 6 6.354203463884958
18 7 6.580238104097667
18 8 5.819637081663429
18 9 6.19694650814289
18 10 5.273542175012019
18 11 5.395783497563883
18 12 5.270527361586922
18 13 4.9187129170107236
18 14 6.310722670929879
18 15 5.029525265886088
18 16 4.842706462610794
18 17 2.79514712931331
18 18 3.737177947328763
18 19 5.621609330014383
18 20 5.019655496352449
18 21 5.497189968233237
18 22 6.3049294407165535
18 23 6.943945399426947
18 24 6.29808851953542
18 25 6.145778383737222
18 26 6.641026690750833
18 27 7.14428560584284
18 28 6.137316259557694
18 29 6.632037969200563
19 0 6.688888459703472
19 1 7.758884301196406
19 2 7.5140516049405095
19 3 7.293477221132973
19 4 6.425000143175233
19 5 7.098965969448442
19 6 5.58413483058991
19 7 6.204108570217269
19 8 6.7339255766497415
19 9 6.237254528217677
19 10 6.120173669910064
19 11 6.310862253310102
19 12 5.395783497563883
19 13 6.386275899378881
19 14 5.211131926440265
19 15 5.778755906974169
19 16 3.8488756993668987
19 17 4.461009587403358
19 18 5.621609330014383
19 19 6.023506478470033
19 20 5.855146242547202
19 21 5.834562919141538
19 22 5.358175259741342
19 23 5.326244994232639
19 24 5.809953791334797
19 25 6.029430051024501
19 26 5.518172585652705
19 27 7.634781027864677
19 28 6.47555857939949
19 29 8.126730595899256
20 0 6.557168030837688
20 1 8.274244064554205
20 2 7.971508616274754
20 3 6.480277641744576
20 4 8.19211974474536
20 5 6.1281708569183815
20 6 7.051791572551749
20 7 7.028725750592689
20 8 6.2572202523089295
20 9 5.489312535347716
20 10 6.84107310615494
20 11 6.120173669910064
20 12 5.273542175012019
20 13 5.642054205117275
20 14 6.409746774630609
20 15 5.670325907391515
20 16 6.520668418545975
20 17 6.270405384781905
20 18 5.019655496352449
20 19 5.855146242547202
20 20 5.730816192337508
20 21 6.471520272598224
20 22 6.306311312819578
20 23 7.240985526678922
20 24 6.436359227727561
20 25 6.803487700326138
20 26 6.6450949966184725
20 27 7.746664936073099
20 28 5.627732237016772
20 29 7.929017503763283
21 0 6.570942990987828
21 1 8.863747839722658
21 2 6.965735506582096
21 3 6.564330102459353
21 4 8.191724351862261
21 5 7.2859279993961055
21 6 6.379275175260439
21 7 7.1439777689805055
21 8 6.087254416807367
21 9 6.723347578682045
21 10 5.489312535347716
21 11 6.237254528217677
21 12 6.19694650814289
21 13 5.604319282861768
21 14 5.91718945827868
21 15 6.507530662573018
21 16 5.57486998649107
21 17 5.921676926573836
21 18 5.497189968233237
21 19 5.834562919141538
21 20 6.471520272598224
21 21 6.2785857220473895
21 22 5.7596799355141455
21 23 6.484482063499269
21 24 8.057501392957523
21 25 6.039229089144768
21 26 6.375534181473291
21 27 6.440057328487792
21 28 6.897026636369598
21 29 7.119206509653804
22 0 7.938603955939121
22 1 6.088386917663421
22 2 6.9162052627008865
22 3 6.363653014859271
22 4 5.097713483974623
22 5 8.086368463404904
22 6 7.6548676405812826
22 7 6.18596323588965
22 8 6.270338422927054
22 9 6.087254416807367
22 10 6.2572202523089295
22 11 6.7339255766497415
22 12 5.819637081663429
22 13 6.5058674046036336
22 14 6.347754226701838
22 15 5.749751625471095
22 16 7.627608167767605
22 17 6.1015254015392655
22 18 6.3049294407165535
22 19 5.358175259741342
22 20 6.306311312819578
22 21 5.7596799355141455
22 22 6.483375491830898
22 23 6.877526048348533
22 24 7.27785702778844
22 25 6.8246978574429455
22 26 6.643534971559493
22 27 6.5930997670759846
22 28 7.306918113220232
22 29 7.057206316219705
23 0 6.5594318937328255
23 1 6.912486455266453
23 2 8.179333253154983
23 3 6.6567574610577065
23 4 6.492924060681258
23 5 7.004334688243979
23 6 6.598003743345734
23 7 7.620708907510824
23 8 6.18596323588965
23 9 7.1439777689805055
23 10 7.028725750592689
23 11 6.204108570217269
23 12 6.580238104097667
23 13 5.978504883138846
23 14 5.374449859454116
23 15 6.732147694841568
23 16 6.385055476774363
23 17 5.82864254926243
23 18 6.943945399426947
23 19 5.326244994232639
23 20 7.240985526678922
23 21 6.484482063499269
23 22 6.877526048348533
23 23 7.0479367527753345
23 24 6.924032462890784
23 25 7.313236450687361
23 26 7.588800434428262
23 27 6.4152993319346345
23 28 7.4418710421381205
23 29 6.7517472985921065
24 0 7.025168825038422
24 1 7.206127588793005
24 2 6.4561850532766805
24 3 7.246353015376153
24 4 7.459107628957533
24 5 7.2117010292976484
24 6 6.1237515529854845
24 7 6.598003743345734
24 8 7.6548676405812826
24 9 6.379275175260439
24 10 7.051791572551749
24 11 5.58413483058991
24 12 6.354203463884958
24 13 6.9219520667381245
24 14 6.4364075839554715
24 15 7.427420341838795
24 16 6.3776075710684035
24 17 8.294788109364166
24 18 6.29808851953542
24 19 5.809953791334797
24 20 6.436359227727561
24 21 8.057501392957523
24 22 7.27785702778844
24 23 6.924032462890784
24 24 6.862038130984629
24 25 8.7897751796519
24 26 6.369916173965156
24 27 6.894248488456335
24 28 6.18711061702026
24 29 7.721219678040848
25 0 5.565984329521154
25 1 7.300512324549297
25 2 7.242860878357347
25 3 6.923651576752654
25 4 6.515967398545323
25 5 7.782529981958269
25 6 7.2117010292976484
25 7 7.004334688243979
25 8 8.086368463404904
25 9 7.2859279993961055
25 10 6.1281708569183815
25 11 7.098965969448442
25 12 7.571230751427127
25 13 5.845628258404857
25 14 5.771910987063707
25 15 6.466236641117474
25 16 5.587183885230565
25 17 7.602473059506416
25 18 6.145778383737222
25 19 6.029430051024501
25 20 6.803487700326138
25 21 6.039229089144768
25 22 6.8246978574429455
25 23 7.313236450687361
25 24 8.7897751796519
25 25 7.1024230595778866
25 26 7.382706951727394
25 27 8.610221289251161
25 28 6.8021970971547425
25 29 7.875919723880725
26 0 6.9573487784952155
26 1 6.373668679095554
26 2 7.425500500861198
26 3 8.614721057445973
26 4 5.71746405782963
26 5 6.515967398545323
26 6 7.459107628957533
26 7 6.492924060681258
26 8 5.097713483974623
26 9 8.191724351862261
26 10 8.19211974474536
26 11 6.425000143175233
26 12 6.946584719206983
26 13 6.345911774387914
26 14 5.706026928026801
26 15 6.344825416056763
26 16 5.775277733598669
26 17 6.720930546216885
26 18 6.641026690750833
26 19 5.518172585652705
26 20 6.6450949966184725
26 21 6.375534181473291
26 22 6.643534971559493
26 23 7.588800434428262
26 24 6.369916173965156
26 25 7.382706951727394
26 26 7.311454099277696
26 27 6.581999423869619
26 28 7.1580347463418414
26 29 7.064201167582472
27 0 6.300703632162142
27 1 6.927187051388995
27 2 7.585027776190982
27 3 7.8368578949325425
27 4 8.614721057445973
27 5 6.923651576752654
27 6 7.246353015376153
27 7 6.6567574610577065
27 8 6.363653014859271
27 9 6.564330102459353
27 10 6.480277641744576
27 11 7.293477221132973
27 12 7.093024438424838
27 13 7.4188606130614545
27 14 6.46656512953115
27 15 6.65141381115146
27 16 7.636128298594577
27 17 7.31918990506534
27 18 7.14428560584284
27 19 7.634781027864677
27 20 7.746664936073099
27 21 6.440057328487792
27 22 6.5930997670759846
27 23 6.4152993319346345
27 24 6.894248488456335
27 25 8.610221289251161
27 26 6.581999423869619
27 27 7.652956719410491
27 28 6.461521178852793
27 29 6.835774762893288
28 0 7.398392642863579
28 1 6.349858238386647
28 2 6.1247189837383225
28 3 7.585027776190982
28 4 7.425500500861198
28 5 7.242860878357347
28 6 6.4561850532766805
28 7 8.179333253154983
28 8 6.9162052627008865
28 9 6.965735506582096
28 10 7.971508616274754
28 11 7.5140516049405095
28 12 6.58119679878457
28 13 7.542736809230902
28 14 6.692566176569123
28 15 7.9173214448570395
28 16 7.977661425057169
28 17 7.836895840656581
28 18 6.137316259557694
28 19 6.47555857939949
28 20 5.627732237016772
28 21 6.897026636369598
28 22 7.306918113220232
28 23 7.4418710421381205
28 24 6.18711061702026
28 25 6.8021970971547425
28 26 7.1580347463418414
28 27 6.461521178852793
28 28 6.4733880228996785
28 29 6.579824931835396
29 0 7.151335803685861
29 1 6.795463957035195
29 2 6.349858238386647
29 3 6.927187051388995
29 4 6.373668679095554
29 5 7.300512324549297
29 6 7.206127588793005
29 7 6.912486455266453
29 8 6.088386917663421
29 9 8.863747839722658
29 10 8.274244064554205
29 11 7.758884301196406
29 12 8.120724691475342
29 13 7.218851287798057
29 14 6.763716759496679
29 15 7.276700680073123
29 16 7.618426443758034
29 17 6.865774693072611
29 18 6.632037969200563
29 19 8.126730595899256
29 20 7.929017503763283
29 21 7.119206509653804
29 22 7.057206316219705
29 23 6.7517472985921065
29 24 7.721219678040848
29 25 7.875919723880725
29 26 7.064201167582472
29 27 6.835774762893288
29 28 6.579824931835396
29 29 6.420395394749297
