0 0 5.307782843042085
0 1 6.35090684898619
0 2 6.1901824528386715
0 3 6.846283146026759
0 4 6.077623191684573
0 5 6.355365695624248
0 6 6.42586170414953
0 7 6.35742258673628
0 8 6.039229495182181
0 9 6.856957164751343
0 10 6.660164776735798
0 11 6.429879046817944
0 12 7.559168964599972
0 13 7.348040450542137
0 14 9.258231624585962
0 15 7.562032402951071
0 16 6.08692148145944
0 17 7.381974850229817
0 18 6.930940252432337
0 19 6.680819719503828
0 20 6.487826792713292
0 21 7.658639903936011
0 22 6.2484629238516005
0 23 7.84650240925822
0 24 7.231475073623122
0 25 7.066914017584968
0 26 6.927187051388995
0 27 5.727592131786965
0 28 6.300783599726107
0 29 6.974539346439215
1 0 6.35090684898619
1 1 6.5734208944776835
1 2 6.641288884032757
1 3 6.415636034530734
1 4 5.962854197218727
1 5 7.955118817283297
1 6 6.618418318992133
1 7 5.580428078922204
1 8 6.496956620471952
1 9 6.336863325612578
1 10 7.456986499445107
1 11 6.33779635509884
1 12 6.995228958797259
1 13 7.971508616274754
1 14 8.007661752966161
1 15 6.193854024263651
1 16 6.485983976723408
1 17 6.39756703290436
1 18 8.020744070502097
1 19 7.824093824410774
1 20 6.919903104725876
1 21 7.067583261616085
1 22 6.802609454139543
1 23 7.255888376253344
1 24 7.444333295606549
1 25 7.425500500861198
1 26 6.762543065014171
1 27 5.6667546699434626
1 28 6.06865979006811
1 29 6.8839769333472915
2 0 6.1901824528386715
2 1 6.641288884032757
2 2 6.707827765013996
2 3 6.65826214569552
2 4 7.36829849540923
2 5 7.000868385529087
2 6 6.118139319527921
2 7 6.658398123269989
2 8 7.758884301196406
2 9 7.869814081449488
2 10 6.580411305354019
2 11 5.610438968808345
2 12 6.588311053145893
2 13 6.827537145041627
2 14 6.099217729611185
2 15 7.102384916303912
2 16 6.58010129362172
2 17 6.843269521946967
2 18 6.558811306280401
2 19 6.357553201356499
2 20 7.964314087853644
2 21 7.573853849467866
2 22 8.224102188989605
2 23 7.711643000917514
2 24 6.923651576752654
2 25 7.403180697318465
2 26 7.230418547054382
2 27 6.730491086087944
2 28 6.478671930712198
2 29 6.06865979006811
3 0 6.846283146026759
3 1 6.415636034530734
3 2 6.65826214569552
3 3 6.9242873874614475
3 4 7.323124568468242
3 5 6.043474427278531
3 6 7.918509373814658
3 7 8.1800246889807
3 8 6.5842815347671895
3 9 6.427595040964317
3 10 6.348626625411957
3 11 6.91181535965301
3 12 6.1206560626583535
3 13 6.903259772967442
3 14 5.9940715255569685
3 15 6.213116160607326
3 16 7.333649982124938
3 17 7.170168842629338
3 18 6.220070845777752
3 19 6.427078780356511
3 20 6.5901781405318705
3 21 5.970776164075336
3 22 6.522521888899671
3 23 7.459107628957533
3 24 7.422627996468262
3 25 6.718728086478896
3 26 6.981957839075111
3 27 6.348607952026735
3 28 6.730491086087944
3 29 5.6667546699434626
4 0 6.077623191684573
4 1 5.962854197218727
4 2 7.36829849540923
4 3 7.323124568468242
4 4 6.9389914749810515
4 5 6.8093414711058005
4 6 6.531901396637068
4 7 6.568320800499598
4 8 8.549168948910287
4 9 8.22636956637852
4 10 6.796252938505009
4 11 6.331339814703774
4 12 5.651720872754426
4 13 6.130629095172985
4 14 7.098965969448442
4 15 5.9975184291239225
4 16 5.939506399557242
4 17 5.616523485961562
4 18 5.623526350660326
4 19 6.544297911427218
4 20 7.88078332779502
4 21 8.451929068950836
4 22 7.004334688243979
4 23 6.821973139730467
4 24 6.076654766496281
4 25 7.719159278393311
4 26 7.13559907612854
4 27 6.981957839075111
4 28 7.230418547054382
4 29 6.762543065014171
5 0 6.355365695624248
5 1 7.955118817283297
5 2 7.000868385529087
5 3 6.043474427278531
5 4 6.8093414711058005
5 5 7.161153745858739
5 6 5.901536565539444
5 7 7.884675949333554
5 8 6.048357331753333
5 9 6.946584719206983
5 10 5.972918674972377
5 11 6.216467626584391
5 12 6.629686593333293
5 13 6.102937475003864
5 14 7.079190285108424
5 15 7.950104647914286
5 16 5.887143996002832
5 17 7.181677023996402
5 18 7.136780197603701
5 19 6.763898551776429
5 20 6.46429018568863
5 21 7.6548676405812826
5 22 6.394988704289758
5 23 7.515967921749794
5 24 5.666475831066404
5 25 7.297128156863685
5 26 7.719159278393311
5 27 6.718728086478896
5 28 7.403180697318465
5 29 7.425500500861198
6 0 6.42586170414953
6 1 6.618418318992133
6 2 6.118139319527921
6 3 7.918509373814658
6 4 6.531901396637068
6 5 5.901536565539444
6 6 8.08632174642168
6 7 6.80198249260054
6 8 6.01296449447623
6 9 7.420474330463177
6 10 6.587819190497797
6 11 6.730137800690263
6 12 5.499805710739999
6 13 6.472748095677636
6 14 6.505748409764526
6 15 5.525948557350222
6 16 6.926238138699418
6 17 6.250589028914261
6 18 7.593940721094768
6 19 6.322055412355275
6 20 7.1439777689805055
6 21 7.3924330608807365
6 22 6.714520223901901
6 23 7.01013600233246
6 24 7.884593107363578
6 25 5.666475831066404
6 26 6.076654766496281
6 27 7.422627996468262
6 28 6.923651576752654
6 29 7.444333295606549
7 0 6.35742258673628
7 1 5.580428078922204
7 2 6.658398123269989
7 3 8.1800246889807
7 4 6.568320800499598
7 5 7.884675949333554
7 6 6.80198249260054
7 7 5.715376874109452
7 8 7.180409173128997
7 9 6.542116579927227
7 10 6.233213795606044
7 11 6.930250350047219
7 12 5.5404620878353255
7 13 6.164825514846863
7 14 5.966034979244291
7 15 5.819637081663429
7 16 5.5027439719190046
7 17 6.8881146439724255
7 18 6.01633569525284
7 19 6.2572202523089295
7 20 6.194606424622967
7 21 6.031584531777952
7 22 6.319496367814243
7 23 6.5229478995801236
7 24 7.01013600233246
7 25 7.515967921749794
7 26 6.821973139730467
7 27 7.459107628957533
7 28 7.711643000917514
7 29 7.255888376253344
8 0 6.039229495182181
8 1 6.496956620471952
8 2 7.758884301196406
8 3 6.5842815347671895
8 4 8.549168948910287
8 5 6.048357331753333
8 6 6.01296449447623
8 7 7.180409173128997
8 8 6.528685802084168
8 9 6.334107446071383
8 10 5.978504883138846
8 11 5.782072978474236
8 12 6.074387869747451
8 13 6.223891147034202
8 14 6.229590415499384
8 15 5.935695490168082
8 16 5.438169580651059
8 17 6.482253463296824
8 18 6.237254528217677
8 19 5.851669675503817
8 20 7.433198262036059
8 21 6.470279574542045
8 22 6.947208107446377
8 23 6.319496367814243
8 24 6.714520223901901
8 25 6.394988704289758
8 26 7.004334688243979
8 27 6.522521888899671
8 28 8.224102188989605
8 29 6.802609454139543
9 0 6.856957164751343
9 1 6.336863325612578
9 2 7.869814081449488
9 3 6.427595040964317
9 4 8.22636956637852
9 5 6.946584719206983
9 6 7.420474330463177
9 7 6.542116579927227
9 8 6.334107446071383
9 9 5.314206786844811
9 10 6.0755047262293775
9 11 6.186671766144908
9 12 6.422677706428304
9 13 6.278397162068696
9 14 5.107519156614876
9 15 7.148706251147904
9 16 6.084275314877171
9 17 5.273542175012019
9 18 5.853821757728665
9 19 7.855678581481682
9 20 6.250246482835863
9 21 6.999062951516494
9 22 6.470279574542045
9 23 6.031584531777952
9 24 7.3924330608807365
9 25 7.6548676405812826
9 26 8.451929068950836
9 27 5.970776164075336
9 28 7.573853849467866
9 29 7.067583261616085
10 0 6.660164776735798
10 1 7.456986499445107
10 2 6.580411305354019
10 3 6.348626625411957
10 4 6.796252938505009
10 5 5.972918674972377
10 6 6.587819190497797
10 7 6.233213795606044
10 8 5.978504883138846
10 9 6.0755047262293775
10 10 6.652881122507195
10 11 6.571323569276061
10 12 6.436280741176267
10 13 5.430494101646555
10 14 6.733062247099604
10 15 5.19586569929643
10 16 6.386275899378881
10 17 5.3069846813717625
10 18 5.1323748422607345
10 19 6.4122606510164974
10 20 5.587846172484878
10 21 6.250246482835863
10 22 7.433198262036059
10 23 6.194606424622967
10 24 7.1439777689805055
10 25 6.46429018568863
10 26 7.88078332779502
10 27 6.5901781405318705
10 28 7.964314087853644
10 29 6.919903104725876
11 0 6.429879046817944
11 1 6.33779635509884
11 2 5.610438968808345
11 3 6.91181535965301
11 4 6.331339814703774
11 5 6.216467626584391
11 6 6.730137800690263
11 7 6.930250350047219
11 8 5.782072978474236
11 9 6.186671766144908
11 10 6.571323569276061
11 11 6.409746774630609
11 12 4.299918557556657
11 13 5.480929535952411
11 14 4.668496749666736
11 15 6.310722670929879
11 16 6.864412187792531
11 17 5.810552335909425
11 18 5.5350392015052945
11 19 5.268537138884727
11 20 6.4122606510164974
11 21 7.855678581481682
11 22 5.851669675503817
11 23 6.2572202523089295
11 24 6.322055412355275
11 25 6.763898551776429
11 26 6.544297911427218
11 27 6.427078780356511
11 28 6.357553201356499
11 29 7.824093824410774
12 0 7.559168964599972
12 1 6.995228958797259
12 2 6.588311053145893
12 3 6.1206560626583535
12 4 5.651720872754426
12 5 6.629686593333293
12 6 5.499805710739999
12 7 5.5404620878353255
12 8 6.074387869747451
12 9 6.422677706428304
12 10 6.436280741176267
12 11 4.299918557556657
12 12 4.82607197577243
12 13 4.792637898854842
12 14 4.553141298921693
12 15 5.252992456955198
12 16 4.678305467875399
12 17 5.346038276717657
12 18 6.210937499999999
12 19 5.5350392015052945
12 20 5.1323748422607345
12 21 5.853821757728665
12 22 6.237254528217677
12 23 6.01633569525284
12 24 7.593940721094768
12 25 7.136780197603701
12 26 5.623526350660326
12 27 6.220070845777752
12 28 6.558811306280401
12 29 8.020744070502097
13 0 7.348040450542137
13 1 7.971508616274754
13 2 6.827537145041627
13 3 6.903259772967442
13 4 6.130629095172985
13 5 6.102937475003864
13 6 6.472748095677636
13 7 6.164825514846863
13 8 6.223891147034202
13 9 6.278397162068696
13 10 5.430494101646555
13 11 5.480929535952411
13 12 4.792637898854842
13 13 3.778849527824011
13 14 3.051339246976361
13 15 3.332525682213517
13 16 4.323175991984261
13 17 4.914550229366493
13 18 5.346038276717657
13 19 5.810552335909425
13 20 5.3069846813717625
13 21 5.273542175012019
13 22 6.482253463296824
13 23 6.8881146439724255
13 24 6.250589028914261
13 25 7.181677023996402
13 26 5.616523485961562
13 27 7.170168842629338
13 28 6.843269521946967
13 29 6.39756703290436
14 0 9.258231624585962
14 1 8.007661752966161
14 2 6.099217729611185
14 3 5.9940715255569685
14 4 7.098965969448442
14 5 7.079190285108424
14 6 6.505748409764526
14 7 5.966034979244291
14 8 6.229590415499384
14 9 5.107519156614876
14 10 6.733062247099604
14 11 4.668496749666736
14 12 4.553141298921693
14 13 3.051339246976361
14 14 1.1674312330602554
14 15 2.7541217524936945
14 16 3.098052366656535
14 17 4.323175991984261
14 18 4.678305467875399
14 19 6.864412187792531
14 20 6.386275899378881
14 21 6.084275314877171
14 22 5.438169580651059
14 23 5.5027439719190046
14 24 6.926238138699418
14 25 5.887143996002832
14 26 5.939506399557242
14 27 7.333649982124938
14 28 6.58010129362172
14 29 6.485983976723408
15 0 7.562032402951071
15 1 6.193854024263651
15 2 7.102384916303912
15 3 6.213116160607326
15 4 5.9975184291239225
15 5 7.950104647914286
15 6 5.525948557350222
15 7 5.819637081663429
15 8 5.935695490168082
15 9 7.148706251147904
15 10 5.19586569929643
15 11 6.310722670929879
15 12 5.252992456955198
15 13 3.332525682213517
15 14 2.7541217524936945
15 15 2.2741699218749996
15 16 2.7541217524936945
15 17 3.332525682213517
15 18 5.252992456955198
15 19 6.310722670929879
15 20 5.19586569929643
15 21 7.148706251147904
15 22 5.935695490168082
15 23 5.819637081663429
15 24 5.525948557350222
15 25 7.950104647914286
15 26 5.9975184291239225
15 27 6.213116160607326
15 28 7.102384916303912
15 29 6.193854024263651
16 0 6.08692148145944
16 1 6.485983976723408
16 2 6.58010129362172
16 3 7.333649982124938
16 4 5.939506399557242
16 5 5.887143996002832
16 6 6.926238138699418
16 7 5.5027439719190046
16 8 5.438169580651059
16 9 6.084275314877171
16 10 6.386275899378881
16 11 6.864412187792531
16 12 4.678305467875399
16 13 4.323175991984261
16 14 3.098052366656535
16 15 2.7541217524936945
16 16 1.1674312330602554
16 17 3.051339246976361
16 18 4.553141298921693
16 19 4.668496749666736
16 20 6.733062247099604
16 21 5.107519156614876
16 22 6.229590415499384
16 23 5.966034979244291
16 24 6.505748409764526
16 25 7.079190285108424
16 26 7.098965969448442
16 27 5.9940715255569685
16 28 6.099217729611185
16 29 8.007661752966161
17 0 7.381974850229817
17 1 6.39756703290436
17 2 6.843269521946967
17 3 7.170168842629338
17 4 5.616523485961562
17 5 7.181677023996402
17 6 6.250589028914261
17 7 6.8881146439724255
17 8 6.482253463296824
17 9 5.273542175012019
17 10 5.3069846813717625
17 11 5.810552335909425
17 12 5.346038276717657
17 13 4.914550229366493
17 14 4.323175991984261
17 15 3.332525682213517
17 16 3.051339246976361
17 17 3.778849527824011
17 18 4.792637898854842
17 19 5.480929535952411
17 20 5.430494101646555
17 21 6.278397162068696
17 22 6.223891147034202
17 23 6.164825514846863
17 24 6.472748095677636
17 25 6.102937475003864
17 26 6.130629095172985
17 27 6.903259772967442
17 28 6.827537145041627
17 29 7.971508616274754
18 0 6.930940252432337
18 1 8.020744070502097
18 2 6.558811306280401
18 3 6.220070845777752
18 4 5.623526350660326
18 5 7.136780197603701
18 6 7.593940721094768
18 7 6.01633569525284
18 8 6.237254528217677
18 9 5.853821757728665
18 10 5.1323748422607345
18 11 5.5350392015052945
18 12 6.210937499999999
18 13 5.346038276717657
18 14 4.678305467875399
18 15 5.252992456955198
18 16 4.553141298921693
18 17 4.792637898854842
18 18 4.82607197577243
18 19 4.299918557556657
18 20 6.436280741176267
18 21 6.422677706428304
18 22 6.074387869747451
18 23 5.5404620878353255
18 24 5.499805710739999
18 25 6.629686593333293
18 26 5.651720872754426
18 27 6.1206560626583535
18 28 6.588311053145893
18 29 6.995228958797259
19 0 6.680819719503828
19 1 7.824093824410774
19 2 6.357553201356499
19 3 6.427078780356511
19 4 6.544297911427218
19 5 6.763898551776429
19 6 6.322055412355275
19 7 6.2572202523089295
19 8 5.851669675503817
19 9 7.855678581481682
19 10 6.4122606510164974
19 11 5.268537138884727
19 12 5.5350392015052945
19 13 5.810552335909425
19 14 6.864412187792531
19 15 6.310722670929879
19 16 4.668496749666736
19 17 5.480929535952411
19 18 4.299918557556657
19 19 6.409746774630609
19 20 6.571323569276061
19 21 6.186671766144908
19 22 5.782072978474236
19 23 6.930250350047219
19 24 6.730137800690263
19 25 6.216467626584391
19 26 6.331339814703774
19 27 6.91181535965301
19 28 5.610438968808345
19 29 6.33779635509884
20 0 6.487826792713292
20 1 6.919903104725876
20 2 7.964314087853644
20 3 6.5901781405318705
20 4 7.88078332779502
20 5 6.46429018568863
20 6 7.1439777689805055
20 7 6.194606424622967
20 8 7.433198262036059
20 9 6.250246482835863
20 10 5.587846172484878
20 11 6.4122606510164974
20 12 5.1323748422607345
20 13 5.3069846813717625
20 14 6.386275899378881
20 15 5.19586569929643
20 16 6.733062247099604
20 17 5.430494101646555
20 18 6.436280741176267
20 19 6.571323569276061
20 20 6.652881122507195
20 21 6.0755047262293775
20 22 5.978504883138846
20 23 6.233213795606044
20 24 6.587819190497797
20 25 5.972918674972377
20 26 6.796252938505009
20 27 6.348626625411957
20 28 6.580411305354019
20 29 7.456986499445107
21 0 7.658639903936011
21 1 7.067583261616085
21 2 7.573853849467866
21 3 5.970776164075336
21 4 8.451929068950836
21 5 7.6548676405812826
21 6 7.3924330608807365
21 7 6.031584531777952
21 8 6.470279574542045
21 9 6.999062951516494
21 10 6.250246482835863
21 11 7.855678581481682
21 12 5.853821757728665
21 13 5.273542175012019
21 14 6.084275314877171
21 15 7.148706251147904
21 16 5.107519156614876
21 17 6.278397162068696
21 18 6.422677706428304
21 19 6.186671766144908
21 20 6.0755047262293775
21 21 5.314206786844811
21 22 6.334107446071383
21 23 6.542116579927227
21 24 7.420474330463177
21 25 6.946584719206983
21 26 8.22636956637852
21 27 6.427595040964317
21 28 7.869814081449488
21 29 6.336863325612578
22 0 6.2484629238516005
22 1 6.802609454139543
22 2 8.224102188989605
22 3 6.522521888899671
22 4 7.004334688243979
22 5 6.394988704289758
22 6 6.714520223901901
22 7 6.319496367814243
22 8 6.947208107446377
22 9 6.470279574542045
22 10 7.433198262036059
22 11 5.851669675503817
22 12 6.237254528217677
22 13 6.482253463296824
22 14 5.438169580651059
22 15 5.935695490168082
22 16 6.229590415499384
22 17 6.223891147034202
22 18 6.074387869747451
22 19 5.782072978474236
22 20 5.978504883138846
22 21 6.334107446071383
22 22 6.528685802084168
22 23 7.180409173128997
22 24 6.01296449447623
22 25 6.048357331753333
22 26 8.549168948910287
22 27 6.5842815347671895
22 28 7.758884301196406
22 29 6.496956620471952
23 0 7.84650240925822
23 1 7.255888376253344
23 2 7.711643000917514
23 3 7.459107628957533
23 4 6.821973139730467
23 5 7.515967921749794
23 6 7.01013600233246
23 7 6.5229478995801236
23 8 6.319496367814243
23 9 6.031584531777952
23 10 6.194606424622967
23 11 6.2572202523089295
23 12 6.01633569525284
23 13 6.8881146439724255
23 14 5.5027439719190046
23 15 5.819637081663429
23 16 5.966034979244291
23 17 6.164825514846863
23 18 5.5404620878353255
23 19 6.930250350047219
23 20 6.233213795606044
23 21 6.542116579927227
23 22 7.180409173128997
23 23 5.715376874109452
23 24 6.80198249260054
23 25 7.884675949333554
23 26 6.568320800499598
23 27 8.1800246889807
23 28 6.658398123269989
23 29 5.580428078922204
24 0 7.231475073623122
24 1 7.444333295606549
24 2 6.923651576752654
24 3 7.422627996468262
24 4 6.076654766496281
24 5 5.666475831066404
24 6 7.884593107363578
24 7 7.01013600233246
24 8 6.714520223901901
24 9 7.3924330608807365
24 10 7.1439777689805055
24 11 6.322055412355275
24 12 7.593940721094768
24 13 6.250589028914261
24 14 6.926238138699418
24 15 5.525948557350222
24 16 6.505748409764526
24 17 6.472748095677636
24 18 5.499805710739999
24 19 6.730137800690263
24 20 6.587819190497797
24 21 7.420474330463177
24 22 6.01296449447623
24 23 6.80198249260054
24 24 8.08632174642168
24 25 5.901536565539444
24 26 6.531901396637068
24 27 7.918509373814658
24 28 6.118139319527921
24 29 6.618418318992133
25 0 7.066914017584968
25 1 7.425500500861198
25 2 7.403180697318465
25 3 6.718728086478896
25 4 7.719159278393311
25 5 7.297128156863685
25 6 5.666475831066404
25 7 7.515967921749794
25 8 6.394988704289758
25 9 7.6548676405812826
25 10 6.46429018568863
25 11 6.763898551776429
25 12 7.136780197603701
25 13 7.181677023996402
25 14 5.887143996002832
25 15 7.950104647914286
25 16 7.079190285108424
25 17 6.102937475003864
25 18 6.629686593333293
25 19 6.216467626584391
25 20 5.972918674972377
25 21 6.946584719206983
25 22 6.048357331753333
25 23 7.884675949333554
25 24 5.901536565539444
25 25 7.161153745858739
25 26 6.8093414711058005
25 27 6.043474427278531
25 28 7.000868385529087
25 29 7.955118817283297
26 0 6.927187051388995
26 1 6.762543065014171
26 2 7.230418547054382
26 3 6.981957839075111
26 4 7.13559907612854
26 5 7.719159278393311
26 6 6.076654766496281
26 7 6.821973139730467
26 8 7.004334688243979
26 9 8.451929068950836
26 10 7.88078332779502
26 11 6.544297911427218
26 12 5.623526350660326
26 13 5.616523485961562
26 14 5.939506399557242
26 15 5.9975184291239225
26 16 7.098965969448442
26 17 6.130629095172985
26 18 5.651720872754426
26 19 6.331339814703774
26 20 6.796252938505009
26 21 8.22636956637852
26 22 8.549168948910287
26 23 6.568320800499598
26 24 6.531901396637068
26 25 6.8093414711058005
26 26 6.9389914749810515
26 27 7.323124568468242
26 28 7.36829849540923
26 29 5.962854197218727
27 0 5.727592131786965
27 1 5.6667546699434626
27 2 6.730491086087944
27 3 6.348607952026735
27 4 6.981957839075111
27 5 6.718728086478896
27 6 7.422627996468262
27 7 7.459107628957533
27 8 6.522521888899671
27 9 5.970776164075336
27 10 6.5901781405318705
27 11 6.427078780356511
27 12 6.220070845777752
27 13 7.170168842629338
27 14 7.333649982124938
27 15 6.213116160607326
27 16 5.9940715255569685
27 17 6.903259772967442
27 18 6.1206560626583535
27 19 6.91181535965301
27 20 6.348626625411957
27 21 6.427595040964317
27 22 6.5842815347671895
27 23 8.1800246889807
27 24 7.918509373814658
27 25 6.043474427278531
27 26 7.323124568468242
27 27 6.9242873874614475
27 28 6.65826214569552
27 29 6.415636034530734
28 0 6.300783599726107
28 1 6.06865979006811
28 2 6.478671930712198
28 3 6.730491086087944
28 4 7.230418547054382
28 5 7.403180697318465
28 6 6.923651576752654
28 7 7.711643000917514
28 8 8.224102188989605
28 9 7.573853849467866
28 10 7.964314087853644
28 11 6.357553201356499
28 12 6.558811306280401
28 13 6.843269521946967
28 14 6.58010129362172
28 15 7.102384916303912
28 16 6.099217729611185
28 17 6.827537145041627
28 18 6.588311053145893
28 19 5.610438968808345
28 20 6.580411305354019
28 21 7.869814081449488
28 22 7.758884301196406
28 23 6.658398123269989
28 24 6.118139319527921
28 25 7.000868385529087
28 26 7.36829849540923
28 27 6.65826214569552
28 28 6.707827765013996
28 29 6.641288884032757
29 0 6.974539346439215
29 1 6.8839769333472915
29 2 6.06865979006811
29 3 5.6667546699434626
29 4 6.762543065014171
29 5 7.425500500861198
29 6 7.444333295606549
29 7 7.255888376253344
29 8 6.802609454139543
29 9 7.067583261616085
29 10 6.919903104725876
29 11 7.824093824410774
29 12 8.020744070502097
29 13 6.39756703290436
29 14 6.485983976723408
29 15 6.193854024263651
29 16 8.007661752966161
29 17 7.971508616274754
29 18 6.995228958797259
29 19 6.33779635509884
29 20 7.456986499445107
29 21 6.336863325612578
29 22 6.496956620471952
29 23 5.580428078922204
29 24 6.618418318992133
29 25 7.955118817283297
29 26 5.962854197218727
29 27 6.415636034530734
29 28 6.641288884032757
29 29 6.5734208944776835
