0 0 4.85960485808509
0 1 3.826151703528949
0 2 4.536183338456328
0 3 3.892649736787308
0 4 4.91741041701707
0 5 3.9803580103248875
0 6 3.9040676940110663
0 7 3.7763430771001474
0 8 5.029863437656404
0 9 5.307643290360657
0 10 5.115526991410918
0 11 4.7643471547470035
0 12 4.100091647537195
0 13 4.770173700766726
0 14 4.973194781421934
0 15 4.770907984755948
0 16 4.366819763073835
0 17 3.7995929312738936
0 18 4.115310683870158
0 19 3.7612951505133623
0 20 4.9056303493604405
0 21 4.560461662846383
0 22 4.53451917663005
0 23 3.5028686515562932
0 24 4.089105137115768
0 25 4.8106330155896755
0 26 4.536719563713079
0 27 4.076749118508285
0 28 4.846165666351604
0 29 3.3764761322249996
1 0 3.826151703528949
1 1 3.748185764465727
1 2 4.941027097192166
1 3 4.2409957902140665
1 4 4.962265965484261
1 5 4.271676461495247
1 6 4.070235012524635
1 7 5.540732620368323
1 8 4.064307795320914
1 9 3.5965761779356162
1 10 3.2163293280291554
1 11 3.9194198200692694
1 12 3.9780082940209773
1 13 4.6973282607607185
1 14 3.6582881913467964
1 15 4.6083843164102385
1 16 4.860808839608531
1 17 5.032408839999852
1 18 4.881207743439746
1 19 4.213772705417809
1 20 3.3310065998782346
1 21 3.9051262951941084
1 22 4.705048047911972
1 23 4.601529576543144
1 24 4.149142783094999
1 25 3.7129037025660963
1 26 4.307687263152079
1 27 3.3874204127664296
1 28 4.454913873912743
1 29 3.7453821874243247
2 0 4.536183338456328
2 1 4.941027097192166
2 2 4.5931931479758825
2 3 3.7408311093977287
2 4 4.82961954085289
2 5 4.729805167647136
2 6 3.5295353406646632
2 7 3.8768670811576316
2 8 4.357345936166464
2 9 3.8787182100799966
2 10 5.568977219137435
2 11 5.329819144518543
2 12 4.772695865109301
2 13 5.0599564788517535
2 14 4.052755215241092
2 15 4.101215527137509
2 16 4.049226743524721
2 17 4.090948892068257
2 18 3.666680309456648
2 19 4.2774711063455
2 20 3.7699358435584
2 21 4.206632490970434
2 22 3.91919274909338
2 23 3.888677367390101
2 24 4.862761094781898
2 25 4.25327347521973
2 26 3.282255301931981
2 27 3.938187279169984
2 28 5.017567944103954
2 29 4.454913873912743
3 0 3.892649736787308
3 1 4.2409957902140665
3 2 3.7408311093977287
3 3 5.33271792858901
3 4 5.357109355242648
3 5 4.273534567384523
3 6 3.4590544634017277
3 7 4.9975098428848455
3 8 3.4650039763271705
3 9 3.455030839985043
3 10 4.46221724471526
3 11 3.513537907005888
3 12 3.7211449467729865
3 13 3.7567946195358357
3 14 3.772202066667611
3 15 3.2515656175793577
3 16 4.391057311949265
3 17 4.920996468205087
3 18 3.6427976880443818
3 19 4.070733335300457
3 20 4.172365130339167
3 21 4.467429137549214
3 22 4.8617171500746075
3 23 4.994315934500219
3 24 3.6759618633966418
3 25 3.3901680541942834
3 26 4.934722348173453
3 27 3.517398837101913
3 28 3.938187279169984
3 29 3.3874204127664296
4 0 4.91741041701707
4 1 4.962265965484261
4 2 4.82961954085289
4 3 5.357109355242648
4 4 3.7541470258406564
4 5 3.1182837917386403
4 6 5.057583983303961
4 7 4.0442768286906565
4 8 3.581949089757418
4 9 4.306042846103831
4 10 4.5997277918700235
4 11 4.557102448011783
4 12 4.201333689933695
4 13 3.9577183218412775
4 14 4.190411501017301
4 15 4.908290101972677
4 16 3.4250365172510477
4 17 3.3500028657681242
4 18 3.7850889182982743
4 19 5.182737817694082
4 20 3.8542782599556675
4 21 2.6485556336892087
4 22 5.153255301829978
4 23 4.196668408403206
4 24 4.119935512085784
4 25 3.8588453414233688
4 26 5.357748043583348
4 27 4.934722348173453
4 28 3.282255301931981
4 29 4.307687263152079
5 0 3.9803580103248875
5 1 4.271676461495247
5 2 4.729805167647136
5 3 4.273534567384523
5 4 3.1182837917386403
5 5 4.1642046501898395
5 6 3.16889285854498
5 7 4.801852952022573
5 8 4.065118955498531
5 9 3.425353786607187
5 10 3.426932443973589
5 11 4.2892546771207405
5 12 4.404080012080068
5 13 3.6346125426835507
5 14 3.227674021368088
5 15 2.925312766807818
5 16 4.251142543033814
5 17 4.221212276945781
5 18 3.0234817456921403
5 19 3.3673638239204964
5 20 5.125149345895232
5 21 4.363100913294977
5 22 4.152995684857661
5 23 4.9129675297452895
5 24 4.6349389115539905
5 25 4.3389468756362355
5 26 3.8588453414233688
5 27 3.3901680541942834
5 28 4.25327347521973
5 29 3.7129037025660963
6 0 3.9040676940110663
6 1 4.070235012524635
6 2 3.5295353406646632
6 3 3.4590544634017277
6 4 5.057583983303961
6 5 3.16889285854498
6 6 4.005299369021086
6 7 2.752105158119091
6 8 3.229818322184352
6 9 3.463852777497501
6 10 3.9038540135294495
6 11 3.2971971117745023
6 12 3.995434989584067
6 13 3.2936358464981597
6 14 3.614265670240462
6 15 3.7407259157105797
6 16 4.609992349085982
6 17 4.7166892059769605
6 18 5.168651167746981
6 19 3.695767264750847
6 20 4.462215878657264
6 21 4.684267980367956
6 22 3.570839928843627
6 23 4.161155808860654
6 24 4.145697983009731
6 25 4.6349389115539905
6 26 4.119935512085784
6 27 3.6759618633966418
6 28 4.862761094781898
6 29 4.149142783094999
7 0 3.7763430771001474
7 1 5.540732620368323
7 2 3.8768670811576316
7 3 4.9975098428848455
7 4 4.0442768286906565
7 5 4.801852952022573
7 6 2.752105158119091
7 7 3.9097571299124345
7 8 3.2949928951736225
7 9 3.4880511801127936
7 10 2.799741301743522
7 11 2.644551887113047
7 12 2.9921275661684956
7 13 3.585434451220179
7 14 3.09350370697653
7 15 3.11578190579131
7 16 3.3396505530810585
7 17 3.516401584329097
7 18 4.040827685672813
7 19 2.856083213010592
7 20 3.5153795172518634
7 21 3.2591888288148376
7 22 3.9945762139472754
7 23 4.416076512610908
7 24 4.161155808860654
7 25 4.9129675297452895
7 26 4.196668408403206
7 27 4.994315934500219
7 28 3.888677367390101
7 29 4.601529576543144
8 0 5.029863437656404
8 1 4.064307795320914
8 2 4.357345936166464
8 3 3.4650039763271705
8 4 3.581949089757418
8 5 4.065118955498531
8 6 3.229818322184352
8 7 3.2949928951736225
8 8 3.130002729496478
8 9 2.926021374657853
8 10 2.7880558275751164
8 11 2.2044219968153995
8 12 2.3571449888108345
8 13 2.4848580573513015
8 14 2.9593663934408516
8 15 3.3586856888171823
8 16 3.222455780726488
8 17 4.024601877951282
8 18 3.421601503549362
8 19 4.075482322869369
8 20 4.491327426771743
8 21 3.66954634821135
8 22 3.8514783159592123
8 23 3.9945762139472754
8 24 3.570839928843627
8 25 4.152995684857661
8 26 5.153255301829978
8 27 4.8617171500746075
8 28 3.91919274909338
8 29 4.705048047911972
9 0 5.307643290360657
9 1 3.5965761779356162
9 2 3.8787182100799966
9 3 3.455030839985043
9 4 4.306042846103831
9 5 3.425353786607187
9 6 3.463852777497501
9 7 3.4880511801127936
9 8 2.926021374657853
9 9 2.410560258017183
9 10 2.4595098882689896
9 11 2.279928050393113
9 12 1.7560523065420572
9 13 2.64214111758956
9 14 2.6689805207392077
9 15 3.3947292854072213
9 16 2.1193877022767778
9 17 3.343065823856732
9 18 4.632235497014442
9 19 3.6864733285455533
9 20 4.8221601186306735
9 21 3.618880174732222
9 22 3.66954634821135
9 23 3.2591888288148376
9 24 4.684267980367956
9 25 4.363100913294977
9 26 2.6485556336892087
9 27 4.467429137549214
9 28 4.206632490970434
9 29 3.9051262951941084
10 0 5.115526991410918
10 1 3.2163293280291554
10 2 5.568977219137435
10 3 4.46221724471526
10 4 4.5997277918700235
10 5 3.426932443973589
10 6 3.9038540135294495
10 7 2.799741301743522
10 8 2.7880558275751164
10 9 2.4595098882689896
10 10 1.5420060654805756
10 11 1.632010804140741
10 12 1.495743752551673
10 13 2.2468553188062814
10 14 2.155271954620589
10 15 3.2011405803942363
10 16 4.368026844842285
10 17 2.892558360881327
10 18 2.9602248462634453
10 19 4.124879558153529
10 20 3.731031102639415
10 21 4.8221601186306735
10 22 4.491327426771743
10 23 3.5153795172518634
10 24 4.462215878657264
10 25 5.125149345895232
10 26 3.8542782599556675
10 27 4.172365130339167
10 28 3.7699358435584
10 29 3.3310065998782346
11 0 4.7643471547470035
11 1 3.9194198200692694
11 2 5.329819144518543
11 3 3.513537907005888
11 4 4.557102448011783
11 5 4.2892546771207405
11 6 3.2971971117745023
11 7 2.644551887113047
11 8 2.2044219968153995
11 9 2.279928050393113
11 10 1.632010804140741
11 11 0
11 12 1.3573883805784326
11 13 2.0005078851529743
11 14 2.601417117867157
11 15 2.7998188390659573
11 16 3.264852624008057
11 17 3.4663154441997697
11 18 3.9235106798584
11 19 3.2753372897478927
11 20 4.124879558153529
11 21 3.6864733285455533
11 22 4.075482322869369
11 23 2.856083213010592
11 24 3.695767264750847
11 25 3.3673638239204964
11 26 5.182737817694082
11 27 4.070733335300457
11 28 4.2774711063455
11 29 4.213772705417809
12 0 4.100091647537195
12 1 3.9780082940209773
12 2 4.772695865109301
12 3 3.7211449467729865
12 4 4.201333689933695
12 5 4.404080012080068
12 6 3.995434989584067
12 7 2.9921275661684956
12 8 2.3571449888108345
12 9 1.7560523065420572
12 10 1.495743752551673
12 11 1.3573883805784326
12 12 1.5359728975695668
12 13 2.181318755464315
12 14 2.0907037216688336
12 15 3.2377223883791406
12 16 3.2053865029236266
12 17 3.352957424687619
12 18 2.6215599945680528
12 19 3.9235106798584
12 20 2.9602248462634453
12 21 4.632235497014442
12 22 3.421601503549362
12 23 4.040827685672813
12 24 5.168651167746981
12 25 3.0234817456921403
12 26 3.7850889182982743
12 27 3.6427976880443818
12 28 3.666680309456648
12 29 4.881207743439746
13 0 4.770173700766726
13 1 4.6973282607607185
13 2 5.0599564788517535
13 3 3.7567946195358357
13 4 3.9577183218412775
13 5 3.6346125426835507
13 6 3.2936358464981597
13 7 3.585434451220179
13 8 2.4848580573513015
13 9 2.64214111758956
13 10 2.2468553188062814
13 11 2.0005078851529743
13 12 2.181318755464315
13 13 2.9819339002326894
13 14 2.887066887809653
13 15 2.7085017840191576
13 16 3.137604285242661
13 17 3.3833364276867264
13 18 3.352957424687619
13 19 3.4663154441997697
13 20 2.892558360881327
13 21 3.343065823856732
13 22 4.024601877951282
13 23 3.516401584329097
13 24 4.7166892059769605
13 25 4.221212276945781
13 26 3.3500028657681242
13 27 4.920996468205087
13 28 4.090948892068257
13 29 5.032408839999852
14 0 4.973194781421934
14 1 3.6582881913467964
14 2 4.052755215241092
14 3 3.772202066667611
14 4 4.190411501017301
14 5 3.227674021368088
14 6 3.614265670240462
14 7 3.09350370697653
14 8 2.9593663934408516
14 9 2.6689805207392077
14 10 2.155271954620589
14 11 2.601417117867157
14 12 2.0907037216688336
14 13 2.887066887809653
14 14 3.029362691685884
14 15 2.673796422945681
14 16 2.840552426815438
14 17 3.137604285242661
14 18 3.2053865029236266
14 19 3.264852624008057
14 20 4.368026844842285
14 21 2.1193877022767778
14 22 3.222455780726488
14 23 3.3396505530810585
14 24 4.609992349085982
14 25 4.251142543033814
14 26 3.4250365172510477
14 27 4.391057311949265
14 28 4.049226743524721
14 29 4.860808839608531
15 0 4.770907984755948
15 1 4.6083843164102385
15 2 4.101215527137509
15 3 3.2515656175793577
15 4 4.908290101972677
15 5 2.925312766807818
15 6 3.7407259157105797
15 7 3.11578190579131
15 8 3.3586856888171823
15 9 3.3947292854072213
15 10 3.2011405803942363
15 11 2.7998188390659573
15 12 3.2377223883791406
15 13 2.7085017840191576
15 14 2.673796422945681
15 15 2.9048979190603985
15 16 2.673796422945681
15 17 2.7085017840191576
15 18 3.2377223883791406
15 19 2.7998188390659573
15 20 3.2011405803942363
15 21 3.3947292854072213
15 22 3.3586856888171823
15 23 3.11578190579131
15 24 3.7407259157105797
15 25 2.925312766807818
15 26 4.908290101972677
15 27 3.2515656175793577
15 28 4.101215527137509
15 29 4.6083843164102385
16 0 4.366819763073835
16 1 4.860808839608531
16 2 4.049226743524721
16 3 4.391057311949265
16 4 3.4250365172510477
16 5 4.251142543033814
16 6 4.609992349085982
16 7 3.3396505530810585
16 8 3.222455780726488
16 9 2.1193877022767778
16 10 4.368026844842285
16 11 3.264852624008057
16 12 3.2053865029236266
16 13 3.137604285242661
16 14 2.840552426815438
16 15 2.673796422945681
16 16 3.029362691685884
16 17 2.887066887809653
16 18 2.0907037216688336
16 19 2.601417117867157
16 20 2.155271954620589
16 21 2.6689805207392077
16 22 2.9593663934408516
16 23 3.09350370697653
16 24 3.614265670240462
16 25 3.227674021368088
16 26 4.190411501017301
16 27 3.772202066667611
16 28 4.052755215241092
16 29 3.6582881913467964
17 0 3.7995929312738936
17 1 5.032408839999852
17 2 4.090948892068257
17 3 4.920996468205087
17 4 3.3500028657681242
17 5 4.221212276945781
17 6 4.7166892059769605
17 7 3.516401584329097
17 8 4.024601877951282
17 9 3.343065823856732
17 10 2.892558360881327
17 11 3.4663154441997697
17 12 3.352957424687619
17 13 3.3833364276867264
17 14 3.137604285242661
17 15 2.7085017840191576
17 16 2.887066887809653
17 17 2.9819339002326894
17 18 2.181318755464315
17 19 2.0005078851529743
17 20 2.2468553188062814
17 21 2.64214111758956
17 22 2.4848580573513015
17 23 3.585434451220179
17 24 3.2936358464981597
17 25 3.6346125426835507
17 26 3.9577183218412775
17 27 3.7567946195358357
17 28 5.0599564788517535
17 29 4.6973282607607185
18 0 4.115310683870158
18 1 4.881207743439746
18 2 3.666680309456648
18 3 3.6427976880443818
18 4 3.7850889182982743
18 5 3.0234817456921403
18 6 5.168651167746981
18 7 4.040827685672813
18 8 3.421601503549362
18 9 4.632235497014442
18 10 2.9602248462634453
18 11 3.9235106798584
18 12 2.6215599945680528
18 13 3.352957424687619
18 14 3.2053865029236266
18 15 3.2377223883791406
18 16 2.0907037216688336
18 17 2.181318755464315
18 18 1.5359728975695668
18 19 1.3573883805784326
18 20 1.495743752551673
18 21 1.7560523065420572
18 22 2.3571449888108345
18 23 2.9921275661684956
18 24 3.995434989584067
18 25 4.404080012080068
18 26 4.201333689933695
18 27 3.7211449467729865
18 28 4.772695865109301
18 29 3.9780082940209773
19 0 3.7612951505133623
19 1 4.213772705417809
19 2 4.2774711063455
19 3 4.070733335300457
19 4 5.182737817694082
19 5 3.3673638239204964
19 6 3.695767264750847
19 7 2.856083213010592
19 8 4.075482322869369
19 9 3.6864733285455533
19 10 4.124879558153529
19 11 3.2753372897478927
19 12 3.9235106798584
19 13 3.4663154441997697
19 14 3.264852624008057
19 15 2.7998188390659573
19 16 2.601417117867157
19 17 2.0005078851529743
19 18 1.3573883805784326
19 19 0
19 20 1.632010804140741
19 21 2.279928050393113
19 22 2.2044219968153995
19 23 2.644551887113047
19 24 3.2971971117745023
19 25 4.2892546771207405
19 26 4.557102448011783
19 27 3.513537907005888
19 28 5.329819144518543
19 29 3.9194198200692694
20 0 4.9056303493604405
20 1 3.3310065998782346
20 2 3.7699358435584
20 3 4.172365130339167
20 4 3.8542782599556675
20 5 5.125149345895232
20 6 4.462215878657264
20 7 3.5153795172518634
20 8 4.491327426771743
20 9 4.8221601186306735
20 10 3.731031102639415
20 11 4.124879558153529
20 12 2.9602248462634453
20 13 2.892558360881327
20 14 4.368026844842285
20 15 3.2011405803942363
20 16 2.155271954620589
20 17 2.2468553188062814
20 18 1.495743752551673
20 19 1.632010804140741
20 20 1.5420060654805756
20 21 2.4595098882689896
20 22 2.7880558275751164
20 23 2.799741301743522
20 24 3.9038540135294495
20 25 3.426932443973589
20 26 4.5997277918700235
20 27 4.46221724471526
20 28 5.568977219137435
20 29 3.2163293280291554
21 0 4.560461662846383
21 1 3.9051262951941084
21 2 4.206632490970434
21 3 4.467429137549214
21 4 2.6485556336892087
21 5 4.363100913294977
21 6 4.684267980367956
21 7 3.2591888288148376
21 8 3.66954634821135
21 9 3.618880174732222
21 10 4.8221601186306735
21 11 3.6864733285455533
21 12 4.632235497014442
21 13 3.343065823856732
21 14 2.1193877022767778
21 15 3.3947292854072213
21 16 2.6689805207392077
21 17 2.64214111758956
21 18 1.7560523065420572
21 19 2.279928050393113
21 20 2.4595098882689896
21 21 2.410560258017183
21 22 2.926021374657853
21 23 3.4880511801127936
21 24 3.463852777497501
21 25 3.425353786607187
21 26 4.306042846103831
21 27 3.455030839985043
21 28 3.8787182100799966
21 29 3.5965761779356162
22 0 4.53451917663005
22 1 4.705048047911972
22 2 3.91919274909338
22 3 4.8617171500746075
22 4 5.153255301829978
22 5 4.152995684857661
22 6 3.570839928843627
22 7 3.9945762139472754
22 8 3.8514783159592123
22 9 3.66954634821135
22 10 4.491327426771743
22 11 4.075482322869369
22 12 3.421601503549362
22 13 4.024601877951282
22 14 3.222455780726488
22 15 3.3586856888171823
22 16 2.9593663934408516
22 17 2.4848580573513015
22 18 2.3571449888108345
22 19 2.2044219968153995
22 20 2.7880558275751164
22 21 2.926021374657853
22 22 3.130002729496478
22 23 3.2949928951736225
22 24 3.229818322184352
22 25 4.065118955498531
22 26 3.581949089757418
22 27 3.4650039763271705
22 28 4.357345936166464
22 29 4.064307795320914
23 0 3.5028686515562932
23 1 4.601529576543144
23 2 3.888677367390101
23 3 4.994315934500219
23 4 4.196668408403206
23 5 4.9129675297452895
23 6 4.161155808860654
23 7 4.416076512610908
23 8 3.9945762139472754
23 9 3.2591888288148376
23 10 3.5153795172518634
23 11 2.856083213010592
23 12 4.040827685672813
23 13 3.516401584329097
23 14 3.3396505530810585
23 15 3.11578190579131
23 16 3.09350370697653
23 17 3.585434451220179
23 18 2.9921275661684956
23 19 2.644551887113047
23 20 2.799741301743522
23 21 3.4880511801127936
23 22 3.2949928951736225
23 23 3.9097571299124345
23 24 2.752105158119091
23 25 4.801852952022573
23 26 4.0442768286906565
23 27 4.9975098428848455
23 28 3.8768670811576316
23 29 5.540732620368323
24 0 4.089105137115768
24 1 4.149142783094999
24 2 4.862761094781898
24 3 3.6759618633966418
24 4 4.119935512085784
24 5 4.6349389115539905
24 6 4.145697983009731
24 7 4.161155808860654
24 8 3.570839928843627
24 9 4.684267980367956
24 10 4.462215878657264
24 11 3.695767264750847
24 12 5.168651167746981
24 13 4.7166892059769605
24 14 4.609992349085982
24 15 3.7407259157105797
24 16 3.614265670240462
24 17 3.2936358464981597
24 18 3.995434989584067
24 19 3.2971971117745023
24 20 3.9038540135294495
24 21 3.463852777497501
24 22 3.229818322184352
24 23 2.752105158119091
24 24 4.005299369021086
24 25 3.16889285854498
24 26 5.057583983303961
24 27 3.4590544634017277
24 28 3.5295353406646632
24 29 4.070235012524635
25 0 4.8106330155896755
25 1 3.7129037025660963
25 2 4.25327347521973
25 3 3.3901680541942834
25 4 3.8588453414233688
25 5 4.3389468756362355
25 6 4.6349389115539905
25 7 4.9129675297452895
25 8 4.152995684857661
25 9 4.363100913294977
25 10 5.125149345895232
25 11 3.3673638239204964
25 12 3.0234817456921403
25 13 4.221212276945781
25 14 4.251142543033814
25 15 2.925312766807818
25 16 3.227674021368088
25 17 3.6346125426835507
25 18 4.404080012080068
25 19 4.2892546771207405
25 20 3.426932443973589
25 21 3.425353786607187
25 22 4.065118955498531
25 23 4.801852952022573
25 24 3.16889285854498
25 25 4.1642046501898395
25 26 3.1182837917386403
25 27 4.273534567384523
25 28 4.729805167647136
25 29 4.271676461495247
26 0 4.536719563713079
26 1 4.307687263152079
26 2 3.282255301931981
26 3 4.934722348173453
26 4 5.357748043583348
26 5 3.8588453414233688
26 6 4.119935512085784
26 7 4.196668408403206
26 8 5.153255301829978
26 9 2.6485556336892087
26 10 3.8542782599556675
26 11 5.182737817694082
26 12 3.7850889182982743
26 13 3.3500028657681242
26 14 3.4250365172510477
26 15 4.908290101972677
26 16 4.190411501017301
26 17 3.9577183218412775
26 18 4.201333689933695
26 19 4.557102448011783
26 20 4.5997277918700235
26 21 4.306042846103831
26 22 3.581949089757418
26 23 4.0442768286906565
26 24 5.057583983303961
26 25 3.1182837917386403
26 26 3.7541470258406564
26 27 5.357109355242648
26 28 4.82961954085289
26 29 4.962265965484261
27 0 4.076749118508285
27 1 3.3874204127664296
27 2 3.938187279169984
27 3 3.517398837101913
27 4 4.934722348173453
27 5 3.3901680541942834
27 6 3.6759618633966418
27 7 4.994315934500219
27 8 4.8617171500746075
27 9 4.467429137549214
27 10 4.172365130339167
27 11 4.070733335300457
27 12 3.6427976880443818
27 13 4.920996468205087
27 14 4.391057311949265
27 15 3.2515656175793577
27 16 3.772202066667611
27 17 3.7567946195358357
27 18 3.7211449467729865
27 19 3.513537907005888
27 20 4.46221724471526
27 21 3.455030839985043
27 22 3.4650039763271705
27 23 4.9975098428848455
27 24 3.4590544634017277
27 25 4.273534567384523
27 26 5.357109355242648
27 27 5.33271792858901
27 28 3.7408311093977287
27 29 4.2409957902140665
28 0 4.846165666351604
28 1 4.454913873912743
28 2 5.017567944103954
28 3 3.938187279169984
28 4 3.282255301931981
28 5 4.25327347521973
28 6 4.862761094781898
28 7 3.888677367390101
28 8 3.91919274909338
28 9 4.206632490970434
28 10 3.7699358435584
28 11 4.2774711063455
28 12 3.666680309456648
28 13 4.090948892068257
28 14 4.049226743524721
28 15 4.101215527137509
28 16 4.052755215241092
28 17 5.0599564788517535
28 18 4.772695865109301
28 19 5.329819144518543
28 20 5.568977219137435
28 21 3.8787182100799966
28 22 4.357345936166464
28 23 3.8768670811576316
28 24 3.5295353406646632
28 25 4.729805167647136
28 26 4.82961954085289
28 27 3.7408311093977287
28 28 4.5931931479758825
28 29 4.941027097192166
29 0 3.3764761322249996
29 1 3.7453821874243247
29 2 4.454913873912743
29 3 3.3874204127664296
29 4 4.307687263152079
29 5 3.7129037025660963
29 6 4.149142783094999
29 7 4.601529576543144
29 8 4.705048047911972
29 9 3.9051262951941084
29 10 3.3310065998782346
29 11 4.213772705417809
29 12 4.881207743439746
29 13 5.032408839999852
29 14 4.860808839608531
29 15 4.6083843164102385
29 16 3.6582881913467964
29 17 4.6973282607607185
29 18 3.9780082940209773
29 19 3.9194198200692694
29 20 3.2163293280291554
29 21 3.5965761779356162
29 22 4.064307795320914
29 23 5.540732620368323
29 24 4.070235012524635
29 25 4.271676461495247
29 26 4.962265965484261
29 27 4.2409957902140665
29 28 4.941027097192166
29 29 3.748185764465727
