0 0 5.279600882839837
0 1 3.9573211701997058
0 2 3.7967029332006326
0 3 3.3458064502776734
0 4 4.0737507598567975
0 5 5.558665533750049
0 6 5.308282193625772
0 7 4.1912806181552185
0 8 4.533268326063274
0 9 3.881762111032658
0 10 4.3435320111245
0 11 4.900171426121097
0 12 4.567808164781115
0 13 4.586028157781496
0 14 4.895451482923091
0 15 4.852082024551275
0 16 4.648736336199445
0 17 3.9323981032753075
0 18 3.270589330338901
0 19 3.417493724462631
0 20 4.029651145965607
0 21 3.6637564118859434
0 22 4.601529576543144
0 23 4.313777200179447
0 24 4.3220867786087185
0 25 3.635731465325575
0 26 4.242442126167938
0 27 4.696375408154482
0 28 5.529912932078278
0 29 3.785723459402244
1 0 3.9573211701997058
1 1 4.267222277445183
1 2 3.521311715474171
1 3 4.653953470007655
1 4 3.836368433528796
1 5 3.9857379629746714
1 6 4.738856038795294
1 7 4.042373745216997
1 8 4.909340156263652
1 9 4.758113095072016
1 10 4.044633834155088
1 11 4.598240668017263
1 12 4.740714969656931
1 13 3.761955620538186
1 14 3.8502473880520838
1 15 3.2177112965354095
1 16 3.760797152687097
1 17 3.717383361514733
1 18 4.869680866581053
1 19 4.998562818649355
1 20 4.480759091237018
1 21 3.91919274909338
1 22 4.3371305747598985
1 23 3.9382751409159593
1 24 4.848089518161712
1 25 4.060971334402755
1 26 3.776624073756082
1 27 4.198739066062818
1 28 4.051100197927179
1 29 4.535303625712315
2 0 3.7967029332006326
2 1 3.521311715474171
2 2 3.735553004818027
2 3 4.3216457116726
2 4 3.9573142872675224
2 5 3.3419335803998726
2 6 5.78386339168864
2 7 4.7567411257993575
2 8 3.7823204724361026
2 9 4.179049762874465
2 10 4.278114364439634
2 11 4.819320340500837
2 12 3.4129883255714506
2 13 4.299003443111144
2 14 3.7826656942061607
2 15 4.458147344691021
2 16 3.6184720228322464
2 17 3.0746806648678704
2 18 4.129590546879996
2 19 4.635293322645355
2 20 4.467429137549214
2 21 4.521130533282615
2 22 4.493153093244017
2 23 3.79867688984552
2 24 4.4278525867068055
2 25 4.733414381631023
2 26 4.3247464500103785
2 27 3.660949347871644
2 28 3.3224708667833722
2 29 4.051100197927179
3 0 3.3458064502776734
3 1 4.653953470007655
3 2 4.3216457116726
3 3 3.4210188855306582
3 4 4.384245904201828
3 5 3.8335345304655637
3 6 4.3382784629442925
3 7 3.8214953391574933
3 8 3.9408884059321276
3 9 4.270435972216494
3 10 3.7942512259478773
3 11 4.295586033420699
3 12 3.8565682118097295
3 13 4.261650768820105
3 14 3.2241862957212724
3 15 4.233116827905056
3 16 3.715841992645754
3 17 5.021524532314593
3 18 3.812128591065905
3 19 3.8542782599556675
3 20 3.4388933264055592
3 21 4.8024041723409665
3 22 4.404383660292786
3 23 4.603731723945068
3 24 3.0442769462822996
3 25 4.751829619885658
3 26 5.359485209001982
3 27 3.0740435990147668
3 28 3.660949347871644
3 29 4.198739066062818
4 0 4.0737507598567975
4 1 3.836368433528796
4 2 3.9573142872675224
4 3 4.384245904201828
4 4 5.720652930973637
4 5 3.567814225540933
4 6 4.449324403948993
4 7 4.827682388311495
4 8 3.78191753502653
4 9 3.240519825453979
4 10 3.344950716313542
4 11 4.477943473797766
4 12 3.876142983642707
4 13 4.913857192559562
4 14 3.9946931795783045
4 15 3.382927341913252
4 16 3.3708596875752552
4 17 3.6097766334622077
4 18 3.3673638239204964
4 19 5.437219134011234
4 20 5.0409366251834715
4 21 3.7547138534678983
4 22 3.8467231993483195
4 23 4.496948864232172
4 24 5.900453481666612
4 25 3.1563786015274116
4 26 4.276466454484738
4 27 5.359485209001982
4 28 4.3247464500103785
4 29 3.776624073756082
5 0 5.558665533750049
5 1 3.9857379629746714
5 2 3.3419335803998726
5 3 3.8335345304655637
5 4 3.567814225540933
5 5 3.923808211125786
5 6 4.768974409055968
5 7 3.5454592795693145
5 8 3.55743725863533
5 9 4.190411501017301
5 10 4.256837968536144
5 11 3.4734163745043256
5 12 2.8917514748186206
5 13 2.9789475291270766
5 14 4.512032768806007
5 15 4.30072252612097
5 16 4.949620708919886
5 17 5.168651167746981
5 18 3.6958677466412
5 19 2.4807393344020525
5 20 3.6189192688553926
5 21 5.100507675470439
5 22 4.310387148795342
5 23 3.3034855882591043
5 24 3.523938313725205
5 25 4.347358821171105
5 26 3.1563786015274116
5 27 4.751829619885658
5 28 4.733414381631023
5 29 4.060971334402755
6 0 5.308282193625772
6 1 4.738856038795294
6 2 5.78386339168864
6 3 4.3382784629442925
6 4 4.449324403948993
6 5 4.768974409055968
6 6 3.2830847746683056
6 7 5.162826727244496
6 8 3.653819314350522
6 9 3.696214295146511
6 10 4.057870526952709
6 11 3.7782716540688224
6 12 3.2875861704228035
6 13 3.962159415663456
6 14 3.268475549615739
6 15 4.557019047188877
6 16 3.516401584329097
6 17 4.008686221346754
6 18 4.0850859914673
6 19 4.5665272182631265
6 20 4.100644938873945
6 21 3.5730320541906173
6 22 4.941817169639418
6 23 4.52608952650458
6 24 3.8337968767302493
6 25 3.523938313725205
6 26 5.900453481666612
6 27 3.0442769462822996
6 28 4.4278525867068055
6 29 4.848089518161712
7 0 4.1912806181552185
7 1 4.042373745216997
7 2 4.7567411257993575
7 3 3.8214953391574933
7 4 4.827682388311495
7 5 3.5454592795693145
7 6 5.162826727244496
7 7 4.120718625790518
7 8 4.2897826547740685
7 9 3.417546823331025
7 10 3.3518126367136336
7 11 3.4747728061489855
7 12 2.5758426304080464
7 13 2.9229458637034664
7 14 3.7514209291303433
7 15 3.222455780726488
7 16 3.2683870469095724
7 17 4.022034101698428
7 18 3.0138102600191954
7 19 3.8958118488935263
7 20 4.401411508886266
7 21 3.646853918908179
7 22 4.731603819175141
7 23 4.186002643691553
7 24 4.52608952650458
7 25 3.3034855882591043
7 26 4.496948864232172
7 27 4.603731723945068
7 28 3.79867688984552
7 29 3.9382751409159593
8 0 4.533268326063274
8 1 4.909340156263652
8 2 3.7823204724361026
8 3 3.9408884059321276
8 4 3.78191753502653
8 5 3.55743725863533
8 6 3.653819314350522
8 7 4.2897826547740685
8 8 2.902102501745917
8 9 3.486971120040062
8 10 2.5350549151023265
8 11 3.5447017598873187
8 12 3.246067641913349
8 13 3.037509219212596
8 14 3.3947292854072213
8 15 3.0421425860933784
8 16 3.609633358162805
8 17 4.038019271232443
8 18 3.310505943292966
8 19 2.5777217105219146
8 20 4.819059194319289
8 21 3.2946776646326734
8 22 3.0343780324842906
8 23 4.731603819175141
8 24 4.941817169639418
8 25 4.310387148795342
8 26 3.8467231993483195
8 27 4.404383660292786
8 28 4.493153093244017
8 29 4.3371305747598985
9 0 3.881762111032658
9 1 4.758113095072016
9 2 4.179049762874465
9 3 4.270435972216494
9 4 3.240519825453979
9 5 4.190411501017301
9 6 3.696214295146511
9 7 3.417546823331025
9 8 3.486971120040062
9 9 2.784014257193169
9 10 2.3938330917628434
9 11 3.2797433796236977
9 12 2.3863061597797386
9 13 2.155271954620589
9 14 2.8449571230282467
9 15 3.1899237298283714
9 16 2.28233512004802
9 17 3.6668162694171427
9 18 2.809057540349736
9 19 3.8361009086054243
9 20 4.465969432071677
9 21 4.333905093649981
9 22 3.2946776646326734
9 23 3.646853918908179
9 24 3.5730320541906173
9 25 5.100507675470439
9 26 3.7547138534678983
9 27 4.8024041723409665
9 28 4.521130533282615
9 29 3.91919274909338
10 0 4.3435320111245
10 1 4.044633834155088
10 2 4.278114364439634
10 3 3.7942512259478773
10 4 3.344950716313542
10 5 4.256837968536144
10 6 4.057870526952709
10 7 3.3518126367136336
10 8 2.5350549151023265
10 9 2.3938330917628434
10 10 2.0340324584639884
10 11 3.0188849188933324
10 12 2.0005078851529743
10 13 1.9498472043487256
10 14 2.6823019146788276
10 15 2.1490937900855718
10 16 3.7257400826379583
10 17 3.2042912917220945
10 18 3.1022180016011163
10 19 3.095000147494537
10 20 4.107139584805254
10 21 4.465969432071677
10 22 4.819059194319289
10 23 4.401411508886266
10 24 4.100644938873945
10 25 3.6189192688553926
10 26 5.0409366251834715
10 27 3.4388933264055592
10 28 4.467429137549214
10 29 4.480759091237018
11 0 4.900171426121097
11 1 4.598240668017263
11 2 4.819320340500837
11 3 4.295586033420699
11 4 4.477943473797766
11 5 3.4734163745043256
11 6 3.7782716540688224
11 7 3.4747728061489855
11 8 3.5447017598873187
11 9 3.2797433796236977
11 10 3.0188849188933324
11 11 1.5359728975695668
11 12 0
11 13 1.4673537097293028
11 14 2.0738942171488506
11 15 2.9451357358689525
11 16 3.233877952103963
11 17 3.8943383191763945
11 18 3.3545459371081603
11 19 2.6215599945680528
11 20 3.095000147494537
11 21 3.8361009086054243
11 22 2.5777217105219146
11 23 3.8958118488935263
11 24 4.5665272182631265
11 25 2.4807393344020525
11 26 5.437219134011234
11 27 3.8542782599556675
11 28 4.635293322645355
11 29 4.998562818649355
12 0 4.567808164781115
12 1 4.740714969656931
12 2 3.4129883255714506
12 3 3.8565682118097295
12 4 3.876142983642707
12 5 2.8917514748186206
12 6 3.2875861704228035
12 7 2.5758426304080464
12 8 3.246067641913349
12 9 2.3863061597797386
12 10 2.0005078851529743
12 11 0
12 12 0
12 13 1.2328086064873163
12 14 1.6979621266933194
12 15 2.5390433551900937
12 16 3.5895123066790906
12 17 2.419430910094327
12 18 3.2710885171316595
12 19 3.3545459371081603
12 20 3.1022180016011163
12 21 2.809057540349736
12 22 3.310505943292966
12 23 3.0138102600191954
12 24 4.0850859914673
12 25 3.6958677466412
12 26 3.3673638239204964
12 27 3.812128591065905
12 28 4.129590546879996
12 29 4.869680866581053
13 0 4.586028157781496
13 1 3.761955620538186
13 2 4.299003443111144
13 3 4.261650768820105
13 4 4.913857192559562
13 5 2.9789475291270766
13 6 3.962159415663456
13 7 2.9229458637034664
13 8 3.037509219212596
13 9 2.155271954620589
13 10 1.9498472043487256
13 11 1.4673537097293028
13 12 1.2328086064873163
13 13 1.4403429597711923
13 14 1.9674606522592568
13 15 2.3418967213238395
13 16 2.1658952842700403
13 17 2.306758208256194
13 18 2.419430910094327
13 19 3.8943383191763945
13 20 3.2042912917220945
13 21 3.6668162694171427
13 22 4.038019271232443
13 23 4.022034101698428
13 24 4.008686221346754
13 25 5.168651167746981
13 26 3.6097766334622077
13 27 5.021524532314593
13 28 3.0746806648678704
13 29 3.717383361514733
14 0 4.895451482923091
14 1 3.8502473880520838
14 2 3.7826656942061607
14 3 3.2241862957212724
14 4 3.9946931795783045
14 5 4.512032768806007
14 6 3.268475549615739
14 7 3.7514209291303433
14 8 3.3947292854072213
14 9 2.8449571230282467
14 10 2.6823019146788276
14 11 2.0738942171488506
14 12 1.6979621266933194
14 13 1.9674606522592568
14 14 1.7716435206397754
14 15 3.5774716315862793
14 16 2.7587890624999996
14 17 2.1658952842700403
14 18 3.5895123066790906
14 19 3.233877952103963
14 20 3.7257400826379583
14 21 2.28233512004802
14 22 3.609633358162805
14 23 3.2683870469095724
14 24 3.516401584329097
14 25 4.949620708919886
14 26 3.3708596875752552
14 27 3.715841992645754
14 28 3.6184720228322464
14 29 3.760797152687097
15 0 4.852082024551275
15 1 3.2177112965354095
15 2 4.458147344691021
15 3 4.233116827905056
15 4 3.382927341913252
15 5 4.30072252612097
15 6 4.557019047188877
15 7 3.222455780726488
15 8 3.0421425860933784
15 9 3.1899237298283714
15 10 2.1490937900855718
15 11 2.9451357358689525
15 12 2.5390433551900937
15 13 2.3418967213238395
15 14 3.5774716315862793
15 15 1.8808136711942984
15 16 3.5774716315862793
15 17 2.3418967213238395
15 18 2.5390433551900937
15 19 2.9451357358689525
15 20 2.1490937900855718
15 21 3.1899237298283714
15 22 3.0421425860933784
15 23 3.222455780726488
15 24 4.557019047188877
15 25 4.30072252612097
15 26 3.382927341913252
15 27 4.233116827905056
15 28 4.458147344691021
15 29 3.2177112965354095
16 0 4.648736336199445
16 1 3.760797152687097
16 2 3.6184720228322464
16 3 3.715841992645754
16 4 3.3708596875752552
16 5 4.949620708919886
16 6 3.516401584329097
16 7 3.2683870469095724
16 8 3.609633358162805
16 9 2.28233512004802
16 10 3.7257400826379583
16 11 3.233877952103963
16 12 3.5895123066790906
16 13 2.1658952842700403
16 14 2.7587890624999996
16 15 3.5774716315862793
16 16 1.7716435206397754
16 17 1.9674606522592568
16 18 1.6979621266933194
16 19 2.0738942171488506
16 20 2.6823019146788276
16 21 2.8449571230282467
16 22 3.3947292854072213
16 23 3.7514209291303433
16 24 3.268475549615739
16 25 4.512032768806007
16 26 3.9946931795783045
16 27 3.2241862957212724
16 28 3.7826656942061607
16 29 3.8502473880520838
17 0 3.9323981032753075
17 1 3.717383361514733
17 2 3.0746806648678704
17 3 5.021524532314593
17 4 3.6097766334622077
17 5 5.168651167746981
17 6 4.008686221346754
17 7 4.022034101698428
17 8 4.038019271232443
17 9 3.6668162694171427
17 10 3.2042912917220945
17 11 3.8943383191763945
17 12 2.419430910094327
17 13 2.306758208256194
17 14 2.1658952842700403
17 15 2.3418967213238395
17 16 1.9674606522592568
17 17 1.4403429597711923
17 18 1.2328086064873163
17 19 1.4673537097293028
17 20 1.9498472043487256
17 21 2.155271954620589
17 22 3.037509219212596
17 23 2.9229458637034664
17 24 3.962159415663456
17 25 2.9789475291270766
17 26 4.913857192559562
17 27 4.261650768820105
17 28 4.299003443111144
17 29 3.761955620538186
18 0 3.270589330338901
18 1 4.869680866581053
18 2 4.129590546879996
18 3 3.812128591065905
18 4 3.3673638239204964
18 5 3.6958677466412
18 6 4.0850859914673
18 7 3.0138102600191954
18 8 3.310505943292966
18 9 2.809057540349736
18 10 3.1022180016011163
18 11 3.3545459371081603
18 12 3.2710885171316595
18 13 2.419430910094327
18 14 3.5895123066790906
18 15 2.5390433551900937
18 16 1.6979621266933194
18 17 1.2328086064873163
18 18 0
18 19 0
18 20 2.0005078851529743
18 21 2.3863061597797386
18 22 3.246067641913349
18 23 2.5758426304080464
18 24 3.2875861704228035
18 25 2.8917514748186206
18 26 3.876142983642707
18 27 3.8565682118097295
18 28 3.4129883255714506
18 29 4.740714969656931
19 0 3.417493724462631
19 1 4.998562818649355
19 2 4.635293322645355
19 3 3.8542782599556675
19 4 5.437219134011234
19 5 2.4807393344020525
19 6 4.5665272182631265
19 7 3.8958118488935263
19 8 2.5777217105219146
19 9 3.8361009086054243
19 10 3.095000147494537
19 11 2.6215599945680528
19 12 3.3545459371081603
19 13 3.8943383191763945
19 14 3.233877952103963
19 15 2.9451357358689525
19 16 2.0738942171488506
19 17 1.4673537097293028
19 18 0
19 19 1.5359728975695668
19 20 3.0188849188933324
19 21 3.2797433796236977
19 22 3.5447017598873187
19 23 3.4747728061489855
19 24 3.7782716540688224
19 25 3.4734163745043256
19 26 4.477943473797766
19 27 4.295586033420699
19 28 4.819320340500837
19 29 4.598240668017263
20 0 4.029651145965607
20 1 4.480759091237018
20 2 4.467429137549214
20 3 3.4388933264055592
20 4 5.0409366251834715
20 5 3.6189192688553926
20 6 4.100644938873945
20 7 4.401411508886266
20 8 4.819059194319289
20 9 4.465969432071677
20 10 4.107139584805254
20 11 3.095000147494537
20 12 3.1022180016011163
20 13 3.2042912917220945
20 14 3.7257400826379583
20 15 2.1490937900855718
20 16 2.6823019146788276
20 17 1.9498472043487256
20 18 2.0005078851529743
20 19 3.0188849188933324
20 20 2.0340324584639884
20 21 2.3938330917628434
20 22 2.5350549151023265
20 23 3.3518126367136336
20 24 4.057870526952709
20 25 4.256837968536144
20 26 3.344950716313542
20 27 3.7942512259478773
20 28 4.278114364439634
20 29 4.044633834155088
21 0 3.6637564118859434
21 1 3.91919274909338
21 2 4.521130533282615
21 3 4.8024041723409665
21 4 3.7547138534678983
21 5 5.100507675470439
21 6 3.5730320541906173
21 7 3.646853918908179
21 8 3.2946776646326734
21 9 4.333905093649981
21 10 4.465969432071677
21 11 3.8361009086054243
21 12 2.809057540349736
21 13 3.6668162694171427
21 14 2.28233512004802
21 15 3.1899237298283714
21 16 2.8449571230282467
21 17 2.155271954620589
21 18 2.3863061597797386
21 19 3.2797433796236977
21 20 2.3938330917628434
21 21 2.784014257193169
21 22 3.486971120040062
21 23 3.417546823331025
21 24 3.696214295146511
21 25 4.190411501017301
21 26 3.240519825453979
21 27 4.270435972216494
21 28 4.179049762874465
21 29 4.758113095072016
22 0 4.601529576543144
22 1 4.3371305747598985
22 2 4.493153093244017
22 3 4.404383660292786
22 4 3.8467231993483195
22 5 4.310387148795342
22 6 4.941817169639418
22 7 4.731603819175141
22 8 3.0343780324842906
22 9 3.2946776646326734
22 10 4.819059194319289
22 11 2.5777217105219146
22 12 3.310505943292966
22 13 4.038019271232443
22 14 3.609633358162805
22 15 3.0421425860933784
22 16 3.3947292854072213
22 17 3.037509219212596
22 18 3.246067641913349
22 19 3.5447017598873187
22 20 2.5350549151023265
22 21 3.486971120040062
22 22 2.902102501745917
22 23 4.2897826547740685
22 24 3.653819314350522
22 25 3.55743725863533
22 26 3.78191753502653
22 27 3.9408884059321276
22 28 3.7823204724361026
22 29 4.909340156263652
23 0 4.313777200179447
23 1 3.9382751409159593
23 2 3.79867688984552
23 3 4.603731723945068
23 4 4.496948864232172
23 5 3.3034855882591043
23 6 4.52608952650458
23 7 4.186002643691553
23 8 4.731603819175141
23 9 3.646853918908179
23 10 4.401411508886266
23 11 3.8958118488935263
23 12 3.0138102600191954
23 13 4.022034101698428
23 14 3.2683870469095724
23 15 3.222455780726488
23 16 3.7514209291303433
23 17 2.9229458637034664
23 18 2.5758426304080464
23 19 3.4747728061489855
23 20 3.3518126367136336
23 21 3.417546823331025
23 22 4.2897826547740685
23 23 4.120718625790518
23 24 5.162826727244496
23 25 3.5454592795693145
23 26 4.827682388311495
23 27 3.8214953391574933
23 28 4.7567411257993575
23 29 4.042373745216997
24 0 4.3220867786087185
24 1 4.848089518161712
24 2 4.4278525867068055
24 3 3.0442769462822996
24 4 5.900453481666612
24 5 3.523938313725205
24 6 3.8337968767302493
24 7 4.52608952650458
24 8 4.941817169639418
24 9 3.5730320541906173
24 10 4.100644938873945
24 11 4.5665272182631265
24 12 4.0850859914673
24 13 4.008686221346754
24 14 3.516401584329097
24 15 4.557019047188877
24 16 3.268475549615739
24 17 3.962159415663456
24 18 3.2875861704228035
24 19 3.7782716540688224
24 20 4.057870526952709
24 21 3.696214295146511
24 22 3.653819314350522
24 23 5.162826727244496
24 24 3.2830847746683056
24 25 4.768974409055968
24 26 4.449324403948993
24 27 4.3382784629442925
24 28 5.78386339168864
24 29 4.738856038795294
25 0 3.635731465325575
25 1 4.060971334402755
25 2 4.733414381631023
25 3 4.751829619885658
25 4 3.1563786015274116
25 5 4.347358821171105
25 6 3.523938313725205
25 7 3.3034855882591043
25 8 4.310387148795342
25 9 5.100507675470439
25 10 3.6189192688553926
25 11 2.4807393344020525
25 12 3.6958677466412
25 13 5.168651167746981
25 14 4.949620708919886
25 15 4.30072252612097
25 16 4.512032768806007
25 17 2.9789475291270766
25 18 2.8917514748186206
25 19 3.4734163745043256
25 20 4.256837968536144
25 21 4.190411501017301
25 22 3.55743725863533
25 23 3.5454592795693145
25 24 4.768974409055968
25 25 3.923808211125786
25 26 3.567814225540933
25 27 3.8335345304655637
25 28 3.3419335803998726
25 29 3.9857379629746714
26 0 4.242442126167938
26 1 3.776624073756082
26 2 4.3247464500103785
26 3 5.359485209001982
26 4 4.276466454484738
26 5 3.1563786015274116
26 6 5.900453481666612
26 7 4.496948864232172
26 8 3.8467231993483195
26 9 3.7547138534678983
26 10 5.0409366251834715
26 11 5.437219134011234
26 12 3.3673638239204964
26 13 3.6097766334622077
26 14 3.3708596875752552
26 15 3.382927341913252
26 16 3.9946931795783045
26 17 4.913857192559562
26 18 3.876142983642707
26 19 4.477943473797766
26 20 3.344950716313542
26 21 3.240519825453979
26 22 3.78191753502653
26 23 4.827682388311495
26 24 4.449324403948993
26 25 3.567814225540933
26 26 5.720652930973637
26 27 4.384245904201828
26 28 3.9573142872675224
26 29 3.836368433528796
27 0 4.696375408154482
27 1 4.198739066062818
27 2 3.660949347871644
27 3 3.0740435990147668
27 4 5.359485209001982
27 5 4.751829619885658
27 6 3.0442769462822996
27 7 4.603731723945068
27 8 4.404383660292786
27 9 4.8024041723409665
27 10 3.4388933264055592
27 11 3.8542782599556675
27 12 3.812128591065905
27 13 5.021524532314593
27 14 3.715841992645754
27 15 4.233116827905056
27 16 3.2241862957212724
27 17 4.261650768820105
27 18 3.8565682118097295
27 19 4.295586033420699
27 20 3.7942512259478773
27 21 4.270435972216494
27 22 3.9408884059321276
27 23 3.8214953391574933
27 24 4.3382784629442925
27 25 3.8335345304655637
27 26 4.384245904201828
27 27 3.4210188855306582
27 28 4.3216457116726
27 29 4.653953470007655
28 0 5.529912932078278
28 1 4.051100197927179
28 2 3.3224708667833722
28 3 3.660949347871644
28 4 4.3247464500103785
28 5 4.733414381631023
28 6 4.4278525867068055
28 7 3.79867688984552
28 8 4.493153093244017
28 9 4.521130533282615
28 10 4.467429137549214
28 11 4.635293322645355
28 12 4.129590546879996
28 13 3.0746806648678704
28 14 3.6184720228322464
28 15 4.458147344691021
28 16 3.7826656942061607
28 17 4.299003443111144
28 18 3.4129883255714506
28 19 4.819320340500837
28 20 4.278114364439634
28 21 4.179049762874465
28 22 3.7823204724361026
28 23 4.7567411257993575
28 24 5.78386339168864
28 25 3.3419335803998726
28 26 3.9573142872675224
28 27 4.3216457116726
28 28 3.735553004818027
28 29 3.521311715474171
29 0 3.785723459402244
29 1 4.535303625712315
29 2 4.051100197927179
29 3 4.198739066062818
29 4 3.776624073756082
29 5 4.060971334402755
29 6 4.848089518161712
29 7 3.9382751409159593
29 8 4.3371305747598985
29 9 3.91919274909338
29 10 4.480759091237018
29 11 4.998562818649355
29 12 4.869680866581053
29 13 3.717383361514733
29 14 3.760797152687097
29 15 3.2177112965354095
29 16 3.8502473880520838
29 17 3.761955620538186
29 18 4.740714969656931
29 19 4.598240668017263
29 20 4.044633834155088
29 21 4.758113095072016
29 22 4.909340156263652
29 23 4.042373745216997
29 24 4.738856038795294
29 25 3.9857379629746714
29 26 3.836368433528796
29 27 4.653953470007655
29 28 3.521311715474171
29 29 4.267222277445183
