0 0 4.5806471568853
0 1 4.307085211041853
0 2 4.482725445955172
0 3 4.527453264166148
0 4 3.450742870708643
0 5 4.149884961276577
0 6 4.320988616570369
0 7 3.116429233442139
0 8 4.961871332601096
0 9 3.6533544440571837
0 10 3.920724178229477
0 11 3.489763061603171
0 12 4.874982835350022
0 13 5.3000482005303295
0 14 4.672346895577352
0 15 4.6964335775719235
0 16 4.74331476541237
0 17 3.4772468211803638
0 18 4.3553163801244335
0 19 4.028535095048682
0 20 3.9018729483436854
0 21 4.731918690634686
0 22 4.862761094781898
0 23 4.336814475195256
0 24 4.060971334402755
0 25 3.064395089970568
0 26 4.414289420478895
0 27 4.15394923501504
0 28 4.7782988947555385
0 29 4.7499196829262385
1 0 4.307085211041853
1 1 3.7877044534324438
1 2 4.171765964314972
1 3 3.781050885850507
1 4 4.649695573703929
1 5 5.1151585015204075
1 6 5.335425913763376
1 7 3.965278372796428
1 8 4.6609794119744326
1 9 4.634080029296469
1 10 5.133804121112609
1 11 5.539008485099756
1 12 3.667328489428735
1 13 3.9882388910415543
1 14 4.915944090397921
1 15 4.315851051557807
1 16 3.7266837116922806
1 17 4.5887603269000685
1 18 5.372565626152105
1 19 5.252036877496635
1 20 5.151247330445541
1 21 4.994315934500219
1 22 3.442361322997242
1 23 4.4278525867068055
1 24 4.560258236295341
1 25 4.226721930205137
1 26 3.7007061966400063
1 27 4.591994751754587
1 28 4.4153283352300425
1 29 4.550752938736565
2 0 4.482725445955172
2 1 4.171765964314972
2 2 3.50036311950252
2 3 3.917401567411723
2 4 4.4139815669118505
2 5 4.360490885590827
2 6 3.2800161764203297
2 7 4.729930622320053
2 8 5.006671217425916
2 9 3.875553859764622
2 10 3.035616853172781
2 11 3.2744741216496753
2 12 3.626595971556819
2 13 4.4293615718186095
2 14 4.194552166214912
2 15 4.71403119379405
2 16 3.8542782599556675
2 17 4.390580493931604
2 18 3.7446966742593695
2 19 4.681799143912105
2 20 5.153255301829978
2 21 4.631042504987607
2 22 4.603731723945068
2 23 4.8754909990396955
2 24 3.953624723179205
2 25 4.458755396214205
2 26 4.396129645571585
2 27 4.794036145039243
2 28 3.6050822320050036
2 29 4.4153283352300425
3 0 4.527453264166148
3 1 3.781050885850507
3 2 3.917401567411723
3 3 4.74793968713838
3 4 4.012950899543344
3 5 5.4684245663488635
3 6 4.217657898820346
3 7 3.5187594997902343
3 8 3.9217947927767223
3 9 3.6184720228322464
3 10 4.503672768671005
3 11 5.031717479243768
3 12 4.544377388426026
3 13 4.0598973292890825
3 14 4.494156884043914
3 15 4.082245097113667
3 16 3.971195803719501
3 17 4.665648688543052
3 18 4.625885503320546
3 19 4.363100913294977
3 20 3.294033345504229
3 21 3.8467231993483195
3 22 3.995980905905587
3 23 4.521490850545906
3 24 4.1586108864527285
3 25 4.093545822751569
3 26 5.321350069531316
3 27 5.1356430460409
3 28 4.794036145039243
3 29 4.591994751754587
4 0 3.450742870708643
4 1 4.649695573703929
4 2 4.4139815669118505
4 3 4.012950899543344
4 4 4.258996359399123
4 5 4.68953649452516
4 6 3.666680309456648
4 7 4.746245197587117
4 8 4.459478288047467
4 9 3.5922505693280575
4 10 4.069187385569739
4 11 3.078629034407679
4 12 3.724807385431106
4 13 4.061760527601778
4 14 3.1443178771814977
4 15 3.592453415014718
4 16 3.135446351402198
4 17 3.5096148682901256
4 18 4.462215878657264
4 19 3.581577238207812
4 20 5.100507675470439
4 21 5.223143841889988
4 22 2.658647023947913
4 23 3.788252857303808
4 24 4.766842625244705
4 25 3.6456371563382644
4 26 3.5518218133753705
4 27 5.321350069531316
4 28 4.396129645571585
4 29 3.7007061966400063
5 0 4.149884961276577
5 1 5.1151585015204075
5 2 4.360490885590827
5 3 5.4684245663488635
5 4 4.68953649452516
5 5 4.37121855575839
5 6 5.339745079551844
5 7 4.603499078445803
5 8 4.183091833471304
5 9 3.209582979710076
5 10 3.9213313573028588
5 11 3.6502133851801433
5 12 3.7013330513410128
5 13 4.3612301257687065
5 14 3.2685249753614247
5 15 3.8305180379214936
5 16 3.196201289046879
5 17 2.856083213010592
5 18 4.735895654344996
5 19 4.100644938873945
5 20 3.465465266260216
5 21 4.358468306225574
5 22 5.392358369105309
5 23 3.7178180426516687
5 24 4.510528824507209
5 25 5.681332128121781
5 26 3.6456371563382644
5 27 4.093545822751569
5 28 4.458755396214205
5 29 4.226721930205137
6 0 4.320988616570369
6 1 5.335425913763376
6 2 3.2800161764203297
6 3 4.217657898820346
6 4 3.666680309456648
6 5 5.339745079551844
6 6 4.151729626671476
6 7 4.511845692602068
6 8 4.581368866365301
6 9 5.355290559953476
6 10 3.9170999070981627
6 11 2.7942895955992006
6 12 3.5752647931271984
6 13 4.846954497640506
6 14 3.774780549542623
6 15 4.688615771343903
6 16 3.421601503549362
6 17 3.7737690558907135
6 18 3.8958118488935263
6 19 3.3642853783976694
6 20 4.630366594406233
6 21 3.765972103464094
6 22 4.78702459533781
6 23 3.97226755976937
6 24 3.2193929940290142
6 25 4.510528824507209
6 26 4.766842625244705
6 27 4.1586108864527285
6 28 3.953624723179205
6 29 4.560258236295341
7 0 3.116429233442139
7 1 3.965278372796428
7 2 4.729930622320053
7 3 3.5187594997902343
7 4 4.746245197587117
7 5 4.603499078445803
7 6 4.511845692602068
7 7 4.221212276945781
7 8 4.290052893350958
7 9 3.576632441295938
7 10 4.492598881804249
7 11 2.8143841880024443
7 12 3.854165980981667
7 13 2.8912466802160828
7 14 2.864970701645144
7 15 3.343065823856732
7 16 2.96900554895675
7 17 3.310505943292966
7 18 3.8109224807971
7 19 3.061563366231219
7 20 4.177913907694955
7 21 4.313010181024255
7 22 3.4740968742870293
7 23 4.8077836333836945
7 24 3.97226755976937
7 25 3.7178180426516687
7 26 3.788252857303808
7 27 4.521490850545906
7 28 4.8754909990396955
7 29 4.4278525867068055
8 0 4.961871332601096
8 1 4.6609794119744326
8 2 5.006671217425916
8 3 3.9217947927767223
8 4 4.459478288047467
8 5 4.183091833471304
8 6 4.581368866365301
8 7 4.290052893350958
8 8 3.6106787393401825
8 9 3.250399201098332
8 10 3.222455780726488
8 11 2.488057033653806
8 12 3.405599433963254
8 13 3.2599444267854243
8 14 4.368026844842285
8 15 2.8561622191620044
8 16 3.6668162694171427
8 17 3.4560977660367778
8 18 2.9602248462634453
8 19 4.3536352057002885
8 20 3.1692121321175364
8 21 3.809009932869904
8 22 3.8212650233206302
8 23 3.4740968742870293
8 24 4.78702459533781
8 25 5.392358369105309
8 26 2.658647023947913
8 27 3.995980905905587
8 28 4.603731723945068
8 29 3.442361322997242
9 0 3.6533544440571837
9 1 4.634080029296469
9 2 3.875553859764622
9 3 3.6184720228322464
9 4 3.5922505693280575
9 5 3.209582979710076
9 6 5.355290559953476
9 7 3.576632441295938
9 8 3.250399201098332
9 9 3.0952732563303735
9 10 3.5783424277419473
9 11 3.0264718152585277
9 12 2.6408538915336504
9 13 2.7998188390659573
9 14 2.5475524637063325
9 15 3.7257400826379583
9 16 3.081475660381549
9 17 2.8208875254170556
9 18 3.221391728970986
9 19 3.4219867326883273
9 20 3.0316493711816643
9 21 3.641625132442625
9 22 3.809009932869904
9 23 4.313010181024255
9 24 3.765972103464094
9 25 4.358468306225574
9 26 5.223143841889988
9 27 3.8467231993483195
9 28 4.631042504987607
9 29 4.994315934500219
10 0 3.920724178229477
10 1 5.133804121112609
10 2 3.035616853172781
10 3 4.503672768671005
10 4 4.069187385569739
10 5 3.9213313573028588
10 6 3.9170999070981627
10 7 4.492598881804249
10 8 3.222455780726488
10 9 3.5783424277419473
10 10 2.7628164657480574
10 11 2.561323294171436
10 12 2.0907037216688336
10 13 2.625855882743842
10 14 2.9451357358689525
10 15 2.879005679783836
10 16 3.029362691685884
10 17 2.7759096657332045
10 18 2.3914081501557174
10 19 3.510851334561164
10 20 3.3676298007433867
10 21 3.0316493711816643
10 22 3.1692121321175364
10 23 4.177913907694955
10 24 4.630366594406233
10 25 3.465465266260216
10 26 5.100507675470439
10 27 3.294033345504229
10 28 5.153255301829978
10 29 5.151247330445541
11 0 3.489763061603171
11 1 5.539008485099756
11 2 3.2744741216496753
11 3 5.031717479243768
11 4 3.078629034407679
11 5 3.6502133851801433
11 6 2.7942895955992006
11 7 2.8143841880024443
11 8 2.488057033653806
11 9 3.0264718152585277
11 10 2.561323294171436
11 11 2.9819339002326894
11 12 2.452140902323016
11 13 1.6979621266933194
11 14 1.3538566738673108
11 15 2.4190431139082285
11 16 2.1333835867868127
11 17 3.041427775609173
11 18 2.472077020910325
11 19 3.3833364276867264
11 20 3.510851334561164
11 21 3.4219867326883273
11 22 4.3536352057002885
11 23 3.061563366231219
11 24 3.3642853783976694
11 25 4.100644938873945
11 26 3.581577238207812
11 27 4.363100913294977
11 28 4.681799143912105
11 29 5.252036877496635
12 0 4.874982835350022
12 1 3.667328489428735
12 2 3.626595971556819
12 3 4.544377388426026
12 4 3.724807385431106
12 5 3.7013330513410128
12 6 3.5752647931271984
12 7 3.854165980981667
12 8 3.405599433963254
12 9 2.6408538915336504
12 10 2.0907037216688336
12 11 2.452140902323016
12 12 1.4403429597711923
12 13 0
12 14 1.9408097917774978
12 15 1.956636035382805
12 16 2.8770932491877166
12 17 1.9982271225356065
12 18 2.306758208256194
12 19 2.472077020910325
12 20 2.3914081501557174
12 21 3.221391728970986
12 22 2.9602248462634453
12 23 3.8109224807971
12 24 3.8958118488935263
12 25 4.735895654344996
12 26 4.462215878657264
12 27 4.625885503320546
12 28 3.7446966742593695
12 29 5.372565626152105
13 0 5.3000482005303295
13 1 3.9882388910415543
13 2 4.4293615718186095
13 3 4.0598973292890825
13 4 4.061760527601778
13 5 4.3612301257687065
13 6 4.846954497640506
13 7 2.8912466802160828
13 8 3.2599444267854243
13 9 2.7998188390659573
13 10 2.625855882743842
13 11 1.6979621266933194
13 12 0
13 13 0
13 14 0
13 15 1.658274757164094
13 16 1.9051113385500233
13 17 2.3202510077559095
13 18 1.9982271225356065
13 19 3.041427775609173
13 20 2.7759096657332045
13 21 2.8208875254170556
13 22 3.4560977660367778
13 23 3.310505943292966
13 24 3.7737690558907135
13 25 2.856083213010592
13 26 3.5096148682901256
13 27 4.665648688543052
13 28 4.390580493931604
13 29 4.5887603269000685
14 0 4.672346895577352
14 1 4.915944090397921
14 2 4.194552166214912
14 3 4.494156884043914
14 4 3.1443178771814977
14 5 3.2685249753614247
14 6 3.774780549542623
14 7 2.864970701645144
14 8 4.368026844842285
14 9 2.5475524637063325
14 10 2.9451357358689525
14 11 1.3538566738673108
14 12 1.9408097917774978
14 13 0
14 14 1.3703666896452185
14 15 1.884639195891974
14 16 2.024085377971045
14 17 1.9051113385500233
14 18 2.8770932491877166
14 19 2.1333835867868127
14 20 3.029362691685884
14 21 3.081475660381549
14 22 3.6668162694171427
14 23 2.96900554895675
14 24 3.421601503549362
14 25 3.196201289046879
14 26 3.135446351402198
14 27 3.971195803719501
14 28 3.8542782599556675
14 29 3.7266837116922806
15 0 4.6964335775719235
15 1 4.315851051557807
15 2 4.71403119379405
15 3 4.082245097113667
15 4 3.592453415014718
15 5 3.8305180379214936
15 6 4.688615771343903
15 7 3.343065823856732
15 8 2.8561622191620044
15 9 3.7257400826379583
15 10 2.879005679783836
15 11 2.4190431139082285
15 12 1.956636035382805
15 13 1.658274757164094
15 14 1.884639195891974
15 15 1.587684275931496
15 16 1.884639195891974
15 17 1.658274757164094
15 18 1.956636035382805
15 19 2.4190431139082285
15 20 2.879005679783836
15 21 3.7257400826379583
15 22 2.8561622191620044
15 23 3.343065823856732
15 24 4.688615771343903
15 25 3.8305180379214936
15 26 3.592453415014718
15 27 4.082245097113667
15 28 4.71403119379405
15 29 4.315851051557807
16 0 4.74331476541237
16 1 3.7266837116922806
16 2 3.8542782599556675
16 3 3.971195803719501
16 4 3.135446351402198
16 5 3.196201289046879
16 6 3.421601503549362
16 7 2.96900554895675
16 8 3.6668162694171427
16 9 3.081475660381549
16 10 3.029362691685884
16 11 2.1333835867868127
16 12 2.8770932491877166
16 13 1.9051113385500233
16 14 2.024085377971045
16 15 1.884639195891974
16 16 1.3703666896452185
16 17 0
16 18 1.9408097917774978
16 19 1.3538566738673108
16 20 2.9451357358689525
16 21 2.5475524637063325
16 22 4.368026844842285
16 23 2.864970701645144
16 24 3.774780549542623
16 25 3.2685249753614247
16 26 3.1443178771814977
16 27 4.494156884043914
16 28 4.194552166214912
16 29 4.915944090397921
17 0 3.4772468211803638
17 1 4.5887603269000685
17 2 4.390580493931604
17 3 4.665648688543052
17 4 3.5096148682901256
17 5 2.856083213010592
17 6 3.7737690558907135
17 7 3.310505943292966
17 8 3.4560977660367778
17 9 2.8208875254170556
17 10 2.7759096657332045
17 11 3.041427775609173
17 12 1.9982271225356065
17 13 2.3202510077559095
17 14 1.9051113385500233
17 15 1.658274757164094
17 16 0
17 17 0
17 18 0
17 19 1.6979621266933194
17 20 2.625855882743842
17 21 2.7998188390659573
17 22 3.2599444267854243
17 23 2.8912466802160828
17 24 4.846954497640506
17 25 4.3612301257687065
17 26 4.061760527601778
17 27 4.0598973292890825
17 28 4.4293615718186095
17 29 3.9882388910415543
18 0 4.3553163801244335
18 1 5.372565626152105
18 2 3.7446966742593695
18 3 4.625885503320546
18 4 4.462215878657264
18 5 4.735895654344996
18 6 3.8958118488935263
18 7 3.8109224807971
18 8 2.9602248462634453
18 9 3.221391728970986
18 10 2.3914081501557174
18 11 2.472077020910325
18 12 2.306758208256194
18 13 1.9982271225356065
18 14 2.8770932491877166
18 15 1.956636035382805
18 16 1.9408097917774978
18 17 0
18 18 1.4403429597711923
18 19 2.452140902323016
18 20 2.0907037216688336
18 21 2.6408538915336504
18 22 3.405599433963254
18 23 3.854165980981667
18 24 3.5752647931271984
18 25 3.7013330513410128
18 26 3.724807385431106
18 27 4.544377388426026
18 28 3.626595971556819
18 29 3.667328489428735
19 0 4.028535095048682
19 1 5.252036877496635
19 2 4.681799143912105
19 3 4.363100913294977
19 4 3.581577238207812
19 5 4.100644938873945
19 6 3.3642853783976694
19 7 3.061563366231219
19 8 4.3536352057002885
19 9 3.4219867326883273
19 10 3.510851334561164
19 11 3.3833364276867264
19 12 2.472077020910325
19 13 3.041427775609173
19 14 2.1333835867868127
19 15 2.4190431139082285
19 16 1.3538566738673108
19 17 1.6979621266933194
19 18 2.452140902323016
19 19 2.9819339002326894
19 20 2.561323294171436
19 21 3.0264718152585277
19 22 2.488057033653806
19 23 2.8143841880024443
19 24 2.7942895955992006
19 25 3.6502133851801433
19 26 3.078629034407679
19 27 5.031717479243768
19 28 3.2744741216496753
19 29 5.539008485099756
20 0 3.9018729483436854
20 1 5.151247330445541
20 2 5.153255301829978
20 3 3.294033345504229
20 4 5.100507675470439
20 5 3.465465266260216
20 6 4.630366594406233
20 7 4.177913907694955
20 8 3.1692121321175364
20 9 3.0316493711816643
20 10 3.3676298007433867
20 11 3.510851334561164
20 12 2.3914081501557174
20 13 2.7759096657332045
20 14 3.029362691685884
20 15 2.879005679783836
20 16 2.9451357358689525
20 17 2.625855882743842
20 18 2.0907037216688336
20 19 2.561323294171436
20 20 2.7628164657480574
20 21 3.5783424277419473
20 22 3.222455780726488
20 23 4.492598881804249
20 24 3.9170999070981627
20 25 3.9213313573028588
20 26 4.069187385569739
20 27 4.503672768671005
20 28 3.035616853172781
20 29 5.133804121112609
21 0 4.731918690634686
21 1 4.994315934500219
21 2 4.631042504987607
21 3 3.8467231993483195
21 4 5.223143841889988
21 5 4.358468306225574
21 6 3.765972103464094
21 7 4.313010181024255
21 8 3.809009932869904
21 9 3.641625132442625
21 10 3.0316493711816643
21 11 3.4219867326883273
21 12 3.221391728970986
21 13 2.8208875254170556
21 14 3.081475660381549
21 15 3.7257400826379583
21 16 2.5475524637063325
21 17 2.7998188390659573
21 18 2.6408538915336504
21 19 3.0264718152585277
21 20 3.5783424277419473
21 21 3.0952732563303735
21 22 3.250399201098332
21 23 3.576632441295938
21 24 5.355290559953476
21 25 3.209582979710076
21 26 3.5922505693280575
21 27 3.6184720228322464
21 28 3.875553859764622
21 29 4.634080029296469
22 0 4.862761094781898
22 1 3.442361322997242
22 2 4.603731723945068
22 3 3.995980905905587
22 4 2.658647023947913
22 5 5.392358369105309
22 6 4.78702459533781
22 7 3.4740968742870293
22 8 3.8212650233206302
22 9 3.809009932869904
22 10 3.1692121321175364
22 11 4.3536352057002885
22 12 2.9602248462634453
22 13 3.4560977660367778
22 14 3.6668162694171427
22 15 2.8561622191620044
22 16 4.368026844842285
22 17 3.2599444267854243
22 18 3.405599433963254
22 19 2.488057033653806
22 20 3.222455780726488
22 21 3.250399201098332
22 22 3.6106787393401825
22 23 4.290052893350958
22 24 4.581368866365301
22 25 4.183091833471304
22 26 4.459478288047467
22 27 3.9217947927767223
22 28 5.006671217425916
22 29 4.6609794119744326
23 0 4.336814475195256
23 1 4.4278525867068055
23 2 4.8754909990396955
23 3 4.521490850545906
23 4 3.788252857303808
23 5 3.7178180426516687
23 6 3.97226755976937
23 7 4.8077836333836945
23 8 3.4740968742870293
23 9 4.313010181024255
23 10 4.177913907694955
23 11 3.061563366231219
23 12 3.8109224807971
23 13 3.310505943292966
23 14 2.96900554895675
23 15 3.343065823856732
23 16 2.864970701645144
23 17 2.8912466802160828
23 18 3.854165980981667
23 19 2.8143841880024443
23 20 4.492598881804249
23 21 3.576632441295938
23 22 4.290052893350958
23 23 4.221212276945781
23 24 4.511845692602068
23 25 4.603499078445803
23 26 4.746245197587117
23 27 3.5187594997902343
23 28 4.729930622320053
23 29 3.965278372796428
24 0 4.060971334402755
24 1 4.560258236295341
24 2 3.953624723179205
24 3 4.1586108864527285
24 4 4.766842625244705
24 5 4.510528824507209
24 6 3.2193929940290142
24 7 3.97226755976937
24 8 4.78702459533781
24 9 3.765972103464094
24 10 4.630366594406233
24 11 3.3642853783976694
24 12 3.8958118488935263
24 13 3.7737690558907135
24 14 3.421601503549362
24 15 4.688615771343903
24 16 3.774780549542623
24 17 4.846954497640506
24 18 3.5752647931271984
24 19 2.7942895955992006
24 20 3.9170999070981627
24 21 5.355290559953476
24 22 4.581368866365301
24 23 4.511845692602068
24 24 4.151729626671476
24 25 5.339745079551844
24 26 3.666680309456648
24 27 4.217657898820346
24 28 3.2800161764203297
24 29 5.335425913763376
25 0 3.064395089970568
25 1 4.226721930205137
25 2 4.458755396214205
25 3 4.093545822751569
25 4 3.6456371563382644
25 5 5.681332128121781
25 6 4.510528824507209
25 7 3.7178180426516687
25 8 5.392358369105309
25 9 4.358468306225574
25 10 3.465465266260216
25 11 4.100644938873945
25 12 4.735895654344996
25 13 2.856083213010592
25 14 3.196201289046879
25 15 3.8305180379214936
25 16 3.2685249753614247
25 17 4.3612301257687065
25 18 3.7013330513410128
25 19 3.6502133851801433
25 20 3.9213313573028588
25 21 3.209582979710076
25 22 4.183091833471304
25 23 4.603499078445803
25 24 5.339745079551844
25 25 4.37121855575839
25 26 4.68953649452516
25 27 5.4684245663488635
25 28 4.360490885590827
25 29 5.1151585015204075
26 0 4.414289420478895
26 1 3.7007061966400063
26 2 4.396129645571585
26 3 5.321350069531316
26 4 3.5518218133753705
26 5 3.6456371563382644
26 6 4.766842625244705
26 7 3.788252857303808
26 8 2.658647023947913
26 9 5.223143841889988
26 10 5.100507675470439
26 11 3.581577238207812
26 12 4.462215878657264
26 13 3.5096148682901256
26 14 3.135446351402198
26 15 3.592453415014718
26 16 3.1443178771814977
26 17 4.061760527601778
26 18 3.724807385431106
26 19 3.078629034407679
26 20 4.069187385569739
26 21 3.5922505693280575
26 22 4.459478288047467
26 23 4.746245197587117
26 24 3.666680309456648
26 25 4.68953649452516
26 26 4.258996359399123
26 27 4.012950899543344
26 28 4.4139815669118505
26 29 4.649695573703929
27 0 4.15394923501504
27 1 4.591994751754587
27 2 4.794036145039243
27 3 5.1356430460409
27 4 5.321350069531316
27 5 4.093545822751569
27 6 4.1586108864527285
27 7 4.521490850545906
27 8 3.995980905905587
27 9 3.8467231993483195
27 10 3.294033345504229
27 11 4.363100913294977
27 12 4.625885503320546
27 13 4.665648688543052
27 14 3.971195803719501
27 15 4.082245097113667
27 16 4.494156884043914
27 17 4.0598973292890825
27 18 4.544377388426026
27 19 5.031717479243768
27 20 4.503672768671005
27 21 3.6184720228322464
27 22 3.9217947927767223
27 23 3.5187594997902343
27 24 4.217657898820346
27 25 5.4684245663488635
27 26 4.012950899543344
27 27 4.74793968713838
27 28 3.917401567411723
27 29 3.781050885850507
28 0 4.7782988947555385
28 1 4.4153283352300425
28 2 3.6050822320050036
28 3 4.794036145039243
28 4 4.396129645571585
28 5 4.458755396214205
28 6 3.953624723179205
28 7 4.8754909990396955
28 8 4.603731723945068
28 9 4.631042504987607
28 10 5.153255301829978
28 11 4.681799143912105
28 12 3.7446966742593695
28 13 4.390580493931604
28 14 3.8542782599556675
28 15 4.71403119379405
28 16 4.194552166214912
28 17 4.4293615718186095
28 18 3.626595971556819
28 19 3.2744741216496753
28 20 3.035616853172781
28 21 3.875553859764622
28 22 5.006671217425916
28 23 4.729930622320053
28 24 3.2800161764203297
28 25 4.360490885590827
28 26 4.4139815669118505
28 27 3.917401567411723
28 28 3.50036311950252
28 29 4.171765964314972
29 0 4.7499196829262385
29 1 4.550752938736565
29 2 4.4153283352300425
29 3 4.591994751754587
29 4 3.7007061966400063
29 5 4.226721930205137
29 6 4.560258236295341
29 7 4.4278525867068055
29 8 3.442361322997242
29 9 4.994315934500219
29 10 5.151247330445541
29 11 5.252036877496635
29 12 5.372565626152105
29 13 4.5887603269000685
29 14 3.7266837116922806
29 15 4.315851051557807
29 16 4.915944090397921
29 17 3.9882388910415543
29 18 3.667328489428735
29 19 5.539008485099756
29 20 5.133804121112609
29 21 4.634080029296469
29 22 4.6609794119744326
29 23 3.965278372796428
29 24 5.335425913763376
29 25 5.1151585015204075
29 26 4.649695573703929
29 27 3.781050885850507
29 28 4.171765964314972
29 29 3.7877044534324438
