0 0 33.181925127517495
0 1 30.69194123263222
0 2 33.877930194080804
0 3 32.02712569268699
0 4 31.6629159216983
0 5 32.72035689250644
0 6 31.537579939466497
0 7 30.516934596025514
0 8 34.88054577292515
0 9 32.07681279428277
0 10 32.8524798744882
0 11 31.562191772221375
0 12 29.74710843861714
0 13 33.77265836661438
0 14 31.585350677189215
0 15 33.84482978621856
0 16 31.935298481952653
0 17 31.654071016045897
0 18 32.19426176970028
0 19 30.74853511715242
0 20 33.6289998242361
0 21 32.5639576586717
0 22 32.22136717598022
0 23 29.801392608495533
0 24 30.69312115065843
0 25 30.108709122422443
0 26 29.823285892137378
0 27 30.226007506532845
0 28 30.738536512287318
0 29 28.131217361096216
1 0 30.69194123263222
1 1 29.086919939116942
1 2 34.039116395220546
1 3 34.63479895341487
1 4 33.69095153377379
1 5 32.200233117413646
1 6 31.091894961815477
1 7 34.16284404193017
1 8 33.53107777294965
1 9 32.83360835112394
1 10 31.981481932004577
1 11 33.244653244412866
1 12 32.066733524787836
1 13 34.617361081145354
1 14 32.032170199955644
1 15 34.797828065541104
1 16 33.711922668337145
1 17 33.66360296374369
1 18 33.31509620697337
1 19 32.36721424554921
1 20 31.219192732785082
1 21 34.96700242302248
1 22 32.13367337628373
1 23 31.813663157716995
1 24 32.760332987486294
1 25 29.902135176023382
1 26 30.764479151400288
1 27 30.468295671407933
1 28 30.255778706573597
1 29 28.447796842818363
2 0 33.877930194080804
2 1 34.039116395220546
2 2 35.4656820151685
2 3 32.58717201980445
2 4 33.02726584512638
2 5 34.116346250045886
2 6 31.703291172347715
2 7 32.47119974514587
2 8 34.945827348196175
2 9 33.37095396960718
2 10 33.90421351022036
2 11 34.06525854539319
2 12 34.09694566625378
2 13 35.12205085320629
2 14 35.147170228728775
2 15 31.78224346932464
2 16 33.26135047600167
2 17 33.22869997654597
2 18 32.61947620752987
2 19 31.77060621529891
2 20 29.869655615214544
2 21 31.10744268663159
2 22 33.31313836729373
2 23 32.38742750094415
2 24 34.5163971684691
2 25 31.276765183104544
2 26 30.421509658841455
2 27 30.10195140430558
2 28 32.77651263077243
2 29 30.255778706573597
3 0 32.02712569268699
3 1 34.63479895341487
3 2 32.58717201980445
3 3 31.757401808333274
3 4 33.86964727885568
3 5 34.274785335986806
3 6 31.39924580245848
3 7 34.513915479344945
3 8 32.15805469262218
3 9 31.548432596459715
3 10 34.45638591746349
3 11 34.429564127274375
3 12 32.715898088980865
3 13 31.52517749129364
3 14 34.435699428267796
3 15 32.40125738545926
3 16 33.69178338505112
3 17 34.015461858168734
3 18 31.206633527580202
3 19 32.58312469336413
3 20 33.84251716830658
3 21 33.518531425895056
3 22 32.1281308169266
3 23 36.063951134138755
3 24 29.778026497303536
3 25 31.828631515597966
3 26 32.19239477811803
3 27 30.843605840436116
3 28 30.10195140430558
3 29 30.468295671407933
4 0 31.6629159216983
4 1 33.69095153377379
4 2 33.02726584512638
4 3 33.86964727885568
4 4 33.79165327527161
4 5 30.30561602495888
4 6 33.75827361377496
4 7 31.928967558819554
4 8 32.275434237515505
4 9 32.22586904180932
4 10 32.06770147763149
4 11 36.07856206864665
4 12 32.33249194267131
4 13 33.65519743678073
4 14 34.542943899527884
4 15 34.37138055089479
4 16 32.33871688381222
4 17 31.973500759557094
4 18 32.239948591213036
4 19 34.80086702418073
4 20 30.920693342908507
4 21 28.566564334790748
4 22 32.912408965048556
4 23 30.27216664388973
4 24 31.876070135624165
4 25 29.169755074065574
4 26 33.36130212595605
4 27 32.19239477811803
4 28 30.421509658841455
4 29 30.764479151400288
5 0 32.72035689250644
5 1 32.200233117413646
5 2 34.116346250045886
5 3 34.274785335986806
5 4 30.30561602495888
5 5 34.05354876284277
5 6 30.275593481638715
5 7 34.27204852031797
5 8 34.708297474406585
5 9 33.80774149012565
5 10 33.538245518354856
5 11 37.573321654009646
5 12 36.183884792915364
5 13 33.834938579163236
5 14 32.85699621752234
5 15 31.653730754619467
5 16 33.99125021257968
5 17 34.60461447865495
5 18 30.256870569581448
5 19 30.444299087312437
5 20 34.80050430959617
5 21 34.0737404657322
5 22 34.96262895728875
5 23 33.51773666634591
5 24 31.206034985779482
5 25 33.42470685855972
5 26 29.169755074065574
5 27 31.828631515597966
5 28 31.276765183104544
5 29 29.902135176023382
6 0 31.537579939466497
6 1 31.091894961815477
6 2 31.703291172347715
6 3 31.39924580245848
6 4 33.75827361377496
6 5 30.275593481638715
6 6 35.06153255843023
6 7 31.008868019203224
6 8 32.62850555024873
6 9 34.76347637215929
6 10 35.32790012481988
6 11 32.03391503923593
6 12 33.52903811667282
6 13 33.5992577275421
6 14 33.11044654748614
6 15 34.87086451181911
6 16 37.2597714138975
6 17 36.9802781092186
6 18 36.278415597370376
6 19 31.226363316986845
6 20 35.259180014156655
6 21 31.73972834325599
6 22 32.94960603837758
6 23 34.52919771035949
6 24 32.29235475872525
6 25 31.206034985779482
6 26 31.876070135624165
6 27 29.778026497303536
6 28 34.5163971684691
6 29 32.760332987486294
7 0 30.516934596025514
7 1 34.16284404193017
7 2 32.47119974514587
7 3 34.513915479344945
7 4 31.928967558819554
7 5 34.27204852031797
7 6 31.008868019203224
7 7 35.95411736183159
7 8 34.92272724566183
7 9 33.37956420264909
7 10 33.12074914103391
7 11 33.10109390048634
7 12 35.105089024728464
7 13 32.88105740631188
7 14 33.16572681765314
7 15 31.915961836176862
7 16 33.24563836003485
7 17 32.60251867890195
7 18 35.483938567195665
7 19 32.35114816980222
7 20 31.956389681952867
7 21 31.144334703345017
7 22 31.398720180334067
7 23 31.967282651366848
7 24 34.52919771035949
7 25 33.51773666634591
7 26 30.27216664388973
7 27 36.063951134138755
7 28 32.38742750094415
7 29 31.813663157716995
8 0 34.88054577292515
8 1 33.53107777294965
8 2 34.945827348196175
8 3 32.15805469262218
8 4 32.275434237515505
8 5 34.708297474406585
8 6 32.62850555024873
8 7 34.92272724566183
8 8 31.171884650997526
8 9 32.94912518261582
8 10 34.66099255352383
8 11 33.754365628512296
8 12 32.36574355545349
8 13 31.61667644956714
8 14 33.49507943701543
8 15 33.39011379342939
8 16 33.060779307353044
8 17 37.62078216031601
8 18 34.18889534061741
8 19 33.302896782369594
8 20 32.03517107174618
8 21 32.76538375899906
8 22 34.636984946257336
8 23 31.398720180334067
8 24 32.94960603837758
8 25 34.96262895728875
8 26 32.912408965048556
8 27 32.1281308169266
8 28 33.31313836729373
8 29 32.13367337628373
9 0 32.07681279428277
9 1 32.83360835112394
9 2 33.37095396960718
9 3 31.548432596459715
9 4 32.22586904180932
9 5 33.80774149012565
9 6 34.76347637215929
9 7 33.37956420264909
9 8 32.94912518261582
9 9 32.21013645227274
9 10 39.027436948045526
9 11 35.86299879830518
9 12 33.84207161856196
9 13 34.71961798798739
9 14 33.41186131492927
9 15 35.407595395839564
9 16 31.019069297128993
9 17 35.22988568127617
9 18 34.27171382950832
9 19 34.02204271387206
9 20 34.5476206827802
9 21 30.10694907037667
9 22 32.76538375899906
9 23 31.144334703345017
9 24 31.73972834325599
9 25 34.0737404657322
9 26 28.566564334790748
9 27 33.518531425895056
9 28 31.10744268663159
9 29 34.96700242302248
10 0 32.8524798744882
10 1 31.981481932004577
10 2 33.90421351022036
10 3 34.45638591746349
10 4 32.06770147763149
10 5 33.538245518354856
10 6 35.32790012481988
10 7 33.12074914103391
10 8 34.66099255352383
10 9 39.027436948045526
10 10 33.3211439886104
10 11 36.33284658915347
10 12 32.56098655643571
10 13 36.7011756934052
10 14 34.77875381753156
10 15 35.04507266189445
10 16 34.230300693774815
10 17 31.662976709343074
10 18 31.655159811126747
10 19 34.5254236145009
10 20 32.55352817046112
10 21 34.5476206827802
10 22 32.03517107174618
10 23 31.956389681952867
10 24 35.259180014156655
10 25 34.80050430959617
10 26 30.920693342908507
10 27 33.84251716830658
10 28 29.869655615214544
10 29 31.219192732785082
11 0 31.562191772221375
11 1 33.244653244412866
11 2 34.06525854539319
11 3 34.429564127274375
11 4 36.07856206864665
11 5 37.573321654009646
11 6 32.03391503923593
11 7 33.10109390048634
11 8 33.754365628512296
11 9 35.86299879830518
11 10 36.33284658915347
11 11 13.978314598359717
11 12 35.14921490760994
11 13 34.96651523009358
11 14 36.015065070130504
11 15 33.5882129568977
11 16 34.25264458135621
11 17 32.55403302329723
11 18 34.320344889384174
11 19 32.661883029050216
11 20 34.5254236145009
11 21 34.02204271387206
11 22 33.302896782369594
11 23 32.35114816980222
11 24 31.226363316986845
11 25 30.444299087312437
11 26 34.80086702418073
11 27 32.58312469336413
11 28 31.77060621529891
11 29 32.36721424554921
12 0 29.74710843861714
12 1 32.066733524787836
12 2 34.09694566625378
12 3 32.715898088980865
12 4 32.33249194267131
12 5 36.183884792915364
12 6 33.52903811667282
12 7 35.105089024728464
12 8 32.36574355545349
12 9 33.84207161856196
12 10 32.56098655643571
12 11 35.14921490760994
12 12 30.847012794096077
12 13 34.819792923567825
12 14 32.17299272098965
12 15 34.202646001868665
12 16 34.66356023515639
12 17 32.54753650742793
12 18 34.14987886729357
12 19 34.320344889384174
12 20 31.655159811126747
12 21 34.27171382950832
12 22 34.18889534061741
12 23 35.483938567195665
12 24 36.278415597370376
12 25 30.256870569581448
12 26 32.239948591213036
12 27 31.206633527580202
12 28 32.61947620752987
12 29 33.31509620697337
13 0 33.77265836661438
13 1 34.617361081145354
13 2 35.12205085320629
13 3 31.52517749129364
13 4 33.65519743678073
13 5 33.834938579163236
13 6 33.5992577275421
13 7 32.88105740631188
13 8 31.61667644956714
13 9 34.71961798798739
13 10 36.7011756934052
13 11 34.96651523009358
13 12 34.819792923567825
13 13 34.709710598708504
13 14 36.19170622629119
13 15 34.76070134119286
13 16 32.97560582137385
13 17 33.13790067784277
13 18 32.54753650742793
13 19 32.55403302329723
13 20 31.662976709343074
13 21 35.22988568127617
13 22 37.62078216031601
13 23 32.60251867890195
13 24 36.9802781092186
13 25 34.60461447865495
13 26 31.973500759557094
13 27 34.015461858168734
13 28 33.22869997654597
13 29 33.66360296374369
14 0 31.585350677189215
14 1 32.032170199955644
14 2 35.147170228728775
14 3 34.435699428267796
14 4 34.542943899527884
14 5 32.85699621752234
14 6 33.11044654748614
14 7 33.16572681765314
14 8 33.49507943701543
14 9 33.41186131492927
14 10 34.77875381753156
14 11 36.015065070130504
14 12 32.17299272098965
14 13 36.19170622629119
14 14 33.04409590042126
14 15 29.607171799177486
14 16 31.810393454220296
14 17 32.97560582137385
14 18 34.66356023515639
14 19 34.25264458135621
14 20 34.230300693774815
14 21 31.019069297128993
14 22 33.060779307353044
14 23 33.24563836003485
14 24 37.2597714138975
14 25 33.99125021257968
14 26 32.33871688381222
14 27 33.69178338505112
14 28 33.26135047600167
14 29 33.711922668337145
15 0 33.84482978621856
15 1 34.797828065541104
15 2 31.78224346932464
15 3 32.40125738545926
15 4 34.37138055089479
15 5 31.653730754619467
15 6 34.87086451181911
15 7 31.915961836176862
15 8 33.39011379342939
15 9 35.407595395839564
15 10 35.04507266189445
15 11 33.5882129568977
15 12 34.202646001868665
15 13 34.76070134119286
15 14 29.607171799177486
15 15 31.670762570460298
15 16 29.607171799177486
15 17 34.76070134119286
15 18 34.202646001868665
15 19 33.5882129568977
15 20 35.04507266189445
15 21 35.407595395839564
15 22 33.39011379342939
15 23 31.915961836176862
15 24 34.87086451181911
15 25 31.653730754619467
15 26 34.37138055089479
15 27 32.40125738545926
15 28 31.78224346932464
15 29 34.797828065541104
16 0 31.935298481952653
16 1 33.711922668337145
16 2 33.26135047600167
16 3 33.69178338505112
16 4 32.33871688381222
16 5 33.99125021257968
16 6 37.2597714138975
16 7 33.24563836003485
16 8 33.060779307353044
16 9 31.019069297128993
16 10 34.230300693774815
16 11 34.25264458135621
16 12 34.66356023515639
16 13 32.97560582137385
16 14 31.810393454220296
16 15 29.607171799177486
16 16 33.04409590042126
16 17 36.19170622629119
16 18 32.17299272098965
16 19 36.015065070130504
16 20 34.77875381753156
16 21 33.41186131492927
16 22 33.49507943701543
16 23 33.16572681765314
16 24 33.11044654748614
16 25 32.85699621752234
16 26 34.542943899527884
16 27 34.435699428267796
16 28 35.147170228728775
16 29 32.032170199955644
17 0 31.654071016045897
17 1 33.66360296374369
17 2 33.22869997654597
17 3 34.015461858168734
17 4 31.973500759557094
17 5 34.60461447865495
17 6 36.9802781092186
17 7 32.60251867890195
17 8 37.62078216031601
17 9 35.22988568127617
17 10 31.662976709343074
17 11 32.55403302329723
17 12 32.54753650742793
17 13 33.13790067784277
17 14 32.97560582137385
17 15 34.76070134119286
17 16 36.19170622629119
17 17 34.709710598708504
17 18 34.819792923567825
17 19 34.96651523009358
17 20 36.7011756934052
17 21 34.71961798798739
17 22 31.61667644956714
17 23 32.88105740631188
17 24 33.5992577275421
17 25 33.834938579163236
17 26 33.65519743678073
17 27 31.52517749129364
17 28 35.12205085320629
17 29 34.617361081145354
18 0 32.19426176970028
18 1 33.31509620697337
18 2 32.61947620752987
18 3 31.206633527580202
18 4 32.239948591213036
18 5 30.256870569581448
18 6 36.278415597370376
18 7 35.483938567195665
18 8 34.18889534061741
18 9 34.27171382950832
18 10 31.655159811126747
18 11 34.320344889384174
18 12 34.14987886729357
18 13 32.54753650742793
18 14 34.66356023515639
18 15 34.202646001868665
18 16 32.17299272098965
18 17 34.819792923567825
18 18 30.847012794096077
18 19 35.14921490760994
18 20 32.56098655643571
18 21 33.84207161856196
18 22 32.36574355545349
18 23 35.105089024728464
18 24 33.52903811667282
18 25 36.183884792915364
18 26 32.33249194267131
18 27 32.715898088980865
18 28 34.09694566625378
18 29 32.066733524787836
19 0 30.74853511715242
19 1 32.36721424554921
19 2 31.77060621529891
19 3 32.58312469336413
19 4 34.80086702418073
19 5 30.444299087312437
19 6 31.226363316986845
19 7 32.35114816980222
19 8 33.302896782369594
19 9 34.02204271387206
19 10 34.5254236145009
19 11 32.661883029050216
19 12 34.320344889384174
19 13 32.55403302329723
19 14 34.25264458135621
19 15 33.5882129568977
19 16 36.015065070130504
19 17 34.96651523009358
19 18 35.14921490760994
19 19 13.978314598359717
19 20 36.33284658915347
19 21 35.86299879830518
19 22 33.754365628512296
19 23 33.10109390048634
19 24 32.03391503923593
19 25 37.573321654009646
19 26 36.07856206864665
19 27 34.429564127274375
19 28 34.06525854539319
19 29 33.244653244412866
20 0 33.6289998242361
20 1 31.219192732785082
20 2 29.869655615214544
20 3 33.84251716830658
20 4 30.920693342908507
20 5 34.80050430959617
20 6 35.259180014156655
20 7 31.956389681952867
20 8 32.03517107174618
20 9 34.5476206827802
20 10 32.55352817046112
20 11 34.5254236145009
20 12 31.655159811126747
20 13 31.662976709343074
20 14 34.230300693774815
20 15 35.04507266189445
20 16 34.77875381753156
20 17 36.7011756934052
20 18 32.56098655643571
20 19 36.33284658915347
20 20 33.3211439886104
20 21 39.027436948045526
20 22 34.66099255352383
20 23 33.12074914103391
20 24 35.32790012481988
20 25 33.538245518354856
20 26 32.06770147763149
20 27 34.45638591746349
20 28 33.90421351022036
20 29 31.981481932004577
21 0 32.5639576586717
21 1 34.96700242302248
21 2 31.10744268663159
21 3 33.518531425895056
21 4 28.566564334790748
21 5 34.0737404657322
21 6 31.73972834325599
21 7 31.144334703345017
21 8 32.76538375899906
21 9 30.10694907037667
21 10 34.5476206827802
21 11 34.02204271387206
21 12 34.27171382950832
21 13 35.22988568127617
21 14 31.019069297128993
21 15 35.407595395839564
21 16 33.41186131492927
21 17 34.71961798798739
21 18 33.84207161856196
21 19 35.86299879830518
21 20 39.027436948045526
21 21 32.21013645227274
21 22 32.94912518261582
21 23 33.37956420264909
21 24 34.76347637215929
21 25 33.80774149012565
21 26 32.22586904180932
21 27 31.548432596459715
21 28 33.37095396960718
21 29 32.83360835112394
22 0 32.22136717598022
22 1 32.13367337628373
22 2 33.31313836729373
22 3 32.1281308169266
22 4 32.912408965048556
22 5 34.96262895728875
22 6 32.94960603837758
22 7 31.398720180334067
22 8 34.636984946257336
22 9 32.76538375899906
22 10 32.03517107174618
22 11 33.302896782369594
22 12 34.18889534061741
22 13 37.62078216031601
22 14 33.060779307353044
22 15 33.39011379342939
22 16 33.49507943701543
22 17 31.61667644956714
22 18 32.36574355545349
22 19 33.754365628512296
22 20 34.66099255352383
22 21 32.94912518261582
22 22 31.171884650997526
22 23 34.92272724566183
22 24 32.62850555024873
22 25 34.708297474406585
22 26 32.275434237515505
22 27 32.15805469262218
22 28 34.945827348196175
22 29 33.53107777294965
23 0 29.801392608495533
23 1 31.813663157716995
23 2 32.38742750094415
23 3 36.063951134138755
23 4 30.27216664388973
23 5 33.51773666634591
23 6 34.52919771035949
23 7 31.967282651366848
23 8 31.398720180334067
23 9 31.144334703345017
23 10 31.956389681952867
23 11 32.35114816980222
23 12 35.483938567195665
23 13 32.60251867890195
23 14 33.24563836003485
23 15 31.915961836176862
23 16 33.16572681765314
23 17 32.88105740631188
23 18 35.105089024728464
23 19 33.10109390048634
23 20 33.12074914103391
23 21 33.37956420264909
23 22 34.92272724566183
23 23 35.95411736183159
23 24 31.008868019203224
23 25 34.27204852031797
23 26 31.928967558819554
23 27 34.513915479344945
23 28 32.47119974514587
23 29 34.16284404193017
24 0 30.69312115065843
24 1 32.760332987486294
24 2 34.5163971684691
24 3 29.778026497303536
24 4 31.876070135624165
24 5 31.206034985779482
24 6 32.29235475872525
24 7 34.52919771035949
24 8 32.94960603837758
24 9 31.73972834325599
24 10 35.259180014156655
24 11 31.226363316986845
24 12 36.278415597370376
24 13 36.9802781092186
24 14 37.2597714138975
24 15 34.87086451181911
24 16 33.11044654748614
24 17 33.5992577275421
24 18 33.52903811667282
24 19 32.03391503923593
24 20 35.32790012481988
24 21 34.76347637215929
24 22 32.62850555024873
24 23 31.008868019203224
24 24 35.06153255843023
24 25 30.275593481638715
24 26 33.75827361377496
24 27 31.39924580245848
24 28 31.703291172347715
24 29 31.091894961815477
25 0 30.108709122422443
25 1 29.902135176023382
25 2 31.276765183104544
25 3 31.828631515597966
25 4 29.169755074065574
25 5 33.42470685855972
25 6 31.206034985779482
25 7 33.51773666634591
25 8 34.96262895728875
25 9 34.0737404657322
25 10 34.80050430959617
25 11 30.444299087312437
25 12 30.256870569581448
25 13 34.60461447865495
25 14 33.99125021257968
25 15 31.653730754619467
25 16 32.85699621752234
25 17 33.834938579163236
25 18 36.183884792915364
25 19 37.573321654009646
25 20 33.538245518354856
25 21 33.80774149012565
25 22 34.708297474406585
25 23 34.27204852031797
25 24 30.275593481638715
25 25 34.05354876284277
25 26 30.30561602495888
25 27 34.274785335986806
25 28 34.116346250045886
25 29 32.200233117413646
26 0 29.823285892137378
26 1 30.764479151400288
26 2 30.421509658841455
26 3 32.19239477811803
26 4 33.36130212595605
26 5 29.169755074065574
26 6 31.876070135624165
26 7 30.27216664388973
26 8 32.912408965048556
26 9 28.566564334790748
26 10 30.920693342908507
26 11 34.80086702418073
26 12 32.239948591213036
26 13 31.973500759557094
26 14 32.33871688381222
26 15 34.37138055089479
26 16 34.542943899527884
26 17 33.65519743678073
26 18 32.33249194267131
26 19 36.07856206864665
26 20 32.06770147763149
26 21 32.22586904180932
26 22 32.275434237515505
26 23 31.928967558819554
26 24 33.75827361377496
26 25 30.30561602495888
26 26 33.79165327527161
26 27 33.86964727885568
26 28 33.02726584512638
26 29 33.69095153377379
27 0 30.226007506532845
27 1 30.468295671407933
27 2 30.10195140430558
27 3 30.843605840436116
27 4 32.19239477811803
27 5 31.828631515597966
27 6 29.778026497303536
27 7 36.063951134138755
27 8 32.1281308169266
27 9 33.518531425895056
27 10 33.84251716830658
27 11 32.58312469336413
27 12 31.206633527580202
27 13 34.015461858168734
27 14 33.69178338505112
27 15 32.40125738545926
27 16 34.435699428267796
27 17 31.52517749129364
27 18 32.715898088980865
27 19 34.429564127274375
27 20 34.45638591746349
27 21 31.548432596459715
27 22 32.15805469262218
27 23 34.513915479344945
27 24 31.39924580245848
27 25 34.274785335986806
27 26 33.86964727885568
27 27 31.757401808333274
27 28 32.58717201980445
27 29 34.63479895341487
28 0 30.738536512287318
28 1 30.255778706573597
28 2 32.77651263077243
28 3 30.10195140430558
28 4 30.421509658841455
28 5 31.276765183104544
28 6 34.5163971684691
28 7 32.38742750094415
28 8 33.31313836729373
28 9 31.10744268663159
28 10 29.869655615214544
28 11 31.77060621529891
28 12 32.61947620752987
28 13 33.22869997654597
28 14 33.26135047600167
28 15 31.78224346932464
28 16 35.147170228728775
28 17 35.12205085320629
28 18 34.09694566625378
28 19 34.06525854539319
28 20 33.90421351022036
28 21 33.37095396960718
28 22 34.945827348196175
28 23 32.47119974514587
28 24 31.703291172347715
28 25 34.116346250045886
28 26 33.02726584512638
28 27 32.58717201980445
28 28 35.4656820151685
28 29 34.039116395220546
29 0 28.131217361096216
29 1 28.447796842818363
29 2 30.255778706573597
29 3 30.468295671407933
29 4 30.764479151400288
29 5 29.902135176023382
29 6 32.760332987486294
29 7 31.813663157716995
29 8 32.13367337628373
29 9 34.96700242302248
29 10 31.219192732785082
29 11 32.36721424554921
29 12 33.31509620697337
29 13 33.66360296374369
29 14 33.711922668337145
29 15 34.797828065541104
29 16 32.032170199955644
29 17 34.617361081145354
29 18 32.066733524787836
29 19 33.244653244412866
29 20 31.981481932004577
29 21 32.83360835112394
29 22 33.53107777294965
29 23 34.16284404193017
29 24 31.091894961815477
29 25 32.200233117413646
29 26 33.69095153377379
29 27 34.63479895341487
29 28 34.039116395220546
29 29 29.086919939116942
