0 0 30.458921282254924
0 1 30.70519603710509
0 2 29.250509601732766
0 3 28.92369816656657
0 4 31.006348494459925
0 5 32.498101810267606
0 6 33.6401351368018
0 7 32.534631230209406
0 8 34.26829165995169
0 9 31.81813973132947
0 10 30.902464768666377
0 11 32.21330085345695
0 12 31.987452134321533
0 13 33.01940273602677
0 14 32.801230667808724
0 15 31.302105984550277
0 16 32.66449685453956
0 17 31.340342789622095
0 18 29.58560290020484
0 19 31.071962707899896
0 20 30.90731907673255
0 21 30.954232764417014
0 22 31.813663157716995
0 23 33.39429840293356
0 24 31.440899982585496
0 25 31.911806634289476
0 26 31.89855612226368
0 27 31.52226844635626
0 28 31.58784213600433
0 29 29.01778368237469
1 0 30.70519603710509
1 1 30.800009003515278
1 2 31.293166377138387
1 3 31.237836564607434
1 4 30.825188900568172
1 5 32.3748995829143
1 6 33.40491191601187
1 7 30.97806455566608
1 8 31.692992452262047
1 9 31.40097678944016
1 10 34.50390391854596
1 11 33.51683001421002
1 12 35.37667047293492
1 13 34.850308965535206
1 14 32.50650449923906
1 15 31.949272352506565
1 16 32.31754039251479
1 17 31.21146744060499
1 18 31.736149801837605
1 19 32.12693311186377
1 20 30.45390095690325
1 21 33.31313836729373
1 22 32.5095490608579
1 23 33.23233874228233
1 24 31.525098450283902
1 25 31.690116970664157
1 26 30.29572258071144
1 27 31.250644466193883
1 28 30.719476399666423
1 29 29.506007746758428
2 0 29.250509601732766
2 1 31.293166377138387
2 2 28.73181070223368
2 3 33.17881547348255
2 4 32.165320823724066
2 5 31.6273460061223
2 6 35.65079486891773
2 7 32.82108484636311
2 8 32.22295801118684
2 9 34.38365619697645
2 10 31.241293341533837
2 11 32.69663322085509
2 12 32.55934305745919
2 13 31.937940559145545
2 14 31.896132796202753
2 15 34.432351254225104
2 16 30.50690236843847
2 17 30.055867173427497
2 18 33.38103624971469
2 19 35.538678129588064
2 20 33.518531425895056
2 21 30.55484642624864
2 22 33.8616890985666
2 23 32.42999182762679
2 24 31.628717624097142
2 25 34.491676200128616
2 26 32.56866749661662
2 27 31.555769166956942
2 28 27.881565810774784
2 29 30.719476399666423
3 0 28.92369816656657
3 1 31.237836564607434
3 2 33.17881547348255
3 3 31.678761662677964
3 4 32.21634041729685
3 5 30.428680335570412
3 6 34.36191988903495
3 7 32.87438119619515
3 8 32.22306987985122
3 9 32.101446060201326
3 10 33.19476635803273
3 11 33.520951675634876
3 12 33.052527560883846
3 13 33.49477093676679
3 14 32.56274312024974
3 15 32.70685913871513
3 16 32.82363544769128
3 17 32.93631889424398
3 18 32.14692492967194
3 19 30.920693342908507
3 20 32.15946299737464
3 21 33.08989279853847
3 22 30.562073646639583
3 23 32.07761459264951
3 24 30.5863275989861
3 25 34.21653441586985
3 26 35.31741891236252
3 27 28.136442359588475
3 28 31.555769166956942
3 29 31.250644466193883
4 0 31.006348494459925
4 1 30.825188900568172
4 2 32.165320823724066
4 3 32.21634041729685
4 4 32.50838102691007
4 5 31.12944859021817
4 6 31.705234581896047
4 7 34.16513690189674
4 8 34.369082073105716
4 9 30.059300466787825
4 10 33.041369940455255
4 11 35.32525701138029
4 12 33.896202091441054
4 13 35.1409841658294
4 14 32.295626373873596
4 15 32.263144433302514
4 16 30.910230735116308
4 17 31.677991041943958
4 18 30.444299087312437
4 19 31.358845238018283
4 20 35.052295982342905
4 21 32.92064054511854
4 22 32.50824560877843
4 23 29.51843357034451
4 24 33.84795776956052
4 25 30.118697016984456
4 26 30.59722436230849
4 27 35.31741891236252
4 28 32.56866749661662
4 29 30.29572258071144
5 0 32.498101810267606
5 1 32.3748995829143
5 2 31.6273460061223
5 3 30.428680335570412
5 4 31.12944859021817
5 5 34.20622174748858
5 6 33.614919709746204
5 7 32.28199139928949
5 8 32.51244345306193
5 9 34.542943899527884
5 10 35.07958131621548
5 11 33.36284091666752
5 12 30.88752044040639
5 13 29.93853559219752
5 14 36.258533059216305
5 15 35.178338197994194
5 16 36.16308246950681
5 17 36.278415597370376
5 18 33.353492291651285
5 19 29.41699409305129
5 20 33.69202906013528
5 21 34.07295664534217
5 22 33.61842574627139
5 23 31.414278046841297
5 24 31.473962088868902
5 25 30.07029425083748
5 26 30.118697016984456
5 27 34.21653441586985
5 28 34.491676200128616
5 29 31.690116970664157
6 0 33.6401351368018
6 1 33.40491191601187
6 2 35.65079486891773
6 3 34.36191988903495
6 4 31.705234581896047
6 5 33.614919709746204
6 6 33.24620436689681
6 7 37.3435549804835
6 8 33.691586834601985
6 9 33.032507397949445
6 10 33.48484504534333
6 11 32.00418342270061
6 12 34.30844115279216
6 13 34.432014192401354
6 14 33.9061452396807
6 15 36.82034970395968
6 16 32.60251867890195
6 17 32.71699489233762
6 18 34.1458691293341
6 19 34.455313238673384
6 20 34.004487923221355
6 21 30.89763586284762
6 22 35.42433875963551
6 23 33.647105313670764
6 24 31.994894854596808
6 25 31.473962088868902
6 26 33.84795776956052
6 27 30.5863275989861
6 28 31.628717624097142
6 29 31.525098450283902
7 0 32.534631230209406
7 1 30.97806455566608
7 2 32.82108484636311
7 3 32.87438119619515
7 4 34.16513690189674
7 5 32.28199139928949
7 6 37.3435549804835
7 7 33.56053835416925
7 8 34.97402419178859
7 9 35.30698440900262
7 10 33.17946571318465
7 11 35.657843168540296
7 12 31.780423516315082
7 13 30.766867412667665
7 14 35.03496892524457
7 15 33.060779307353044
7 16 35.51677817595424
7 17 35.65036445145921
7 18 32.033013242718994
7 19 32.832290202399236
7 20 33.37959354415968
7 21 31.75323654332642
7 22 33.92371375823808
7 23 34.44631519907679
7 24 33.647105313670764
7 25 31.414278046841297
7 26 29.51843357034451
7 27 32.07761459264951
7 28 32.42999182762679
7 29 33.23233874228233
8 0 34.26829165995169
8 1 31.692992452262047
8 2 32.22295801118684
8 3 32.22306987985122
8 4 34.369082073105716
8 5 32.51244345306193
8 6 33.691586834601985
8 7 34.97402419178859
8 8 32.11229477289599
8 9 34.10313846087438
8 10 32.236817726375854
8 11 36.71604945369153
8 12 33.66717943648182
8 13 35.28477690494129
8 14 35.407595395839564
8 15 33.0879952882502
8 16 33.299680709537945
8 17 33.003219009526205
8 18 32.55368817465237
8 19 30.598302232523057
8 20 35.18137354141189
8 21 31.96348999692252
8 22 31.854344061538143
8 23 33.92371375823808
8 24 35.42433875963551
8 25 33.61842574627139
8 26 32.50824560877843
8 27 30.562073646639583
8 28 33.8616890985666
8 29 32.5095490608579
9 0 31.81813973132947
9 1 31.40097678944016
9 2 34.38365619697645
9 3 32.101446060201326
9 4 30.059300466787825
9 5 34.542943899527884
9 6 33.032507397949445
9 7 35.30698440900262
9 8 34.10313846087438
9 9 32.7519900999941
9 10 31.74367760470971
9 11 35.33690624862124
9 12 35.163503164357635
9 13 34.77875381753156
9 14 36.95051636450997
9 15 31.937439977682857
9 16 29.737449444503962
9 17 33.59426852285281
9 18 32.31911574679205
9 19 36.286824994057255
9 20 33.720781339326635
9 21 34.00759051240709
9 22 31.96348999692252
9 23 31.75323654332642
9 24 30.89763586284762
9 25 34.07295664534217
9 26 32.92064054511854
9 27 33.08989279853847
9 28 30.55484642624864
9 29 33.31313836729373
10 0 30.902464768666377
10 1 34.50390391854596
10 2 31.241293341533837
10 3 33.19476635803273
10 4 33.041369940455255
10 5 35.07958131621548
10 6 33.48484504534333
10 7 33.17946571318465
10 8 32.236817726375854
10 9 31.74367760470971
10 10 33.09981887313976
10 11 36.96801044498479
10 12 34.96651523009358
10 13 34.4290935678618
10 14 35.72428772290764
10 15 30.655548029424022
10 16 35.33612986885802
10 17 31.610662479041423
10 18 31.89525933382705
10 19 33.18502386971854
10 20 32.98475253679336
10 21 33.720781339326635
10 22 35.18137354141189
10 23 33.37959354415968
10 24 34.004487923221355
10 25 33.69202906013528
10 26 35.052295982342905
10 27 32.15946299737464
10 28 33.518531425895056
10 29 30.45390095690325
11 0 32.21330085345695
11 1 33.51683001421002
11 2 32.69663322085509
11 3 33.520951675634876
11 4 35.32525701138029
11 5 33.36284091666752
11 6 32.00418342270061
11 7 35.657843168540296
11 8 36.71604945369153
11 9 35.33690624862124
11 10 36.96801044498479
11 11 30.847012794096077
11 12 35.68174821761233
11 13 32.919761487840006
11 14 34.66747512958079
11 15 38.61181299199429
11 16 35.32945444026012
11 17 36.596825105346035
11 18 32.870802087640854
11 19 34.14987886729357
11 20 33.18502386971854
11 21 36.286824994057255
11 22 30.598302232523057
11 23 32.832290202399236
11 24 34.455313238673384
11 25 29.41699409305129
11 26 31.358845238018283
11 27 30.920693342908507
11 28 35.538678129588064
11 29 32.12693311186377
12 0 31.987452134321533
12 1 35.37667047293492
12 2 32.55934305745919
12 3 33.052527560883846
12 4 33.896202091441054
12 5 30.88752044040639
12 6 34.30844115279216
12 7 31.780423516315082
12 8 33.66717943648182
12 9 35.163503164357635
12 10 34.96651523009358
12 11 35.68174821761233
12 12 13.179393553065886
12 13 34.853986912506514
12 14 32.29215244584022
12 15 32.67034692186004
12 16 36.00661365835555
12 17 33.13163433842893
12 18 32.82433332798012
12 19 32.870802087640854
12 20 31.89525933382705
12 21 32.31911574679205
12 22 32.55368817465237
12 23 32.033013242718994
12 24 34.1458691293341
12 25 33.353492291651285
12 26 30.444299087312437
12 27 32.14692492967194
12 28 33.38103624971469
12 29 31.736149801837605
13 0 33.01940273602677
13 1 34.850308965535206
13 2 31.937940559145545
13 3 33.49477093676679
13 4 35.1409841658294
13 5 29.93853559219752
13 6 34.432014192401354
13 7 30.766867412667665
13 8 35.28477690494129
13 9 34.77875381753156
13 10 34.4290935678618
13 11 32.919761487840006
13 12 34.853986912506514
13 13 33.110598639393906
13 14 33.273531445462254
13 15 35.56910369131176
13 16 35.452093951173616
13 17 34.347473289757325
13 18 33.13163433842893
13 19 36.596825105346035
13 20 31.610662479041423
13 21 33.59426852285281
13 22 33.003219009526205
13 23 35.65036445145921
13 24 32.71699489233762
13 25 36.278415597370376
13 26 31.677991041943958
13 27 32.93631889424398
13 28 30.055867173427497
13 29 31.21146744060499
14 0 32.801230667808724
14 1 32.50650449923906
14 2 31.896132796202753
14 3 32.56274312024974
14 4 32.295626373873596
14 5 36.258533059216305
14 6 33.9061452396807
14 7 35.03496892524457
14 8 35.407595395839564
14 9 36.95051636450997
14 10 35.72428772290764
14 11 34.66747512958079
14 12 32.29215244584022
14 13 33.273531445462254
14 14 32.56723389246638
14 15 37.60161511189653
14 16 33.30078124999999
14 17 35.452093951173616
14 18 36.00661365835555
14 19 35.32945444026012
14 20 35.33612986885802
14 21 29.737449444503962
14 22 33.299680709537945
14 23 35.51677817595424
14 24 32.60251867890195
14 25 36.16308246950681
14 26 30.910230735116308
14 27 32.82363544769128
14 28 30.50690236843847
14 29 32.31754039251479
15 0 31.302105984550277
15 1 31.949272352506565
15 2 34.432351254225104
15 3 32.70685913871513
15 4 32.263144433302514
15 5 35.178338197994194
15 6 36.82034970395968
15 7 33.060779307353044
15 8 33.0879952882502
15 9 31.937439977682857
15 10 30.655548029424022
15 11 38.61181299199429
15 12 32.67034692186004
15 13 35.56910369131176
15 14 37.60161511189653
15 15 31.507312047996393
15 16 37.60161511189653
15 17 35.56910369131176
15 18 32.67034692186004
15 19 38.61181299199429
15 20 30.655548029424022
15 21 31.937439977682857
15 22 33.0879952882502
15 23 33.060779307353044
15 24 36.82034970395968
15 25 35.178338197994194
15 26 32.263144433302514
15 27 32.70685913871513
15 28 34.432351254225104
15 29 31.949272352506565
16 0 32.66449685453956
16 1 32.31754039251479
16 2 30.50690236843847
16 3 32.82363544769128
16 4 30.910230735116308
16 5 36.16308246950681
16 6 32.60251867890195
16 7 35.51677817595424
16 8 33.299680709537945
16 9 29.737449444503962
16 10 35.33612986885802
16 11 35.32945444026012
16 12 36.00661365835555
16 13 35.452093951173616
16 14 33.30078124999999
16 15 37.60161511189653
16 16 32.56723389246638
16 17 33.273531445462254
16 18 32.29215244584022
16 19 34.66747512958079
16 20 35.72428772290764
16 21 36.95051636450997
16 22 35.407595395839564
16 23 35.03496892524457
16 24 33.9061452396807
16 25 36.258533059216305
16 26 32.295626373873596
16 27 32.56274312024974
16 28 31.896132796202753
16 29 32.50650449923906
17 0 31.340342789622095
17 1 31.21146744060499
17 2 30.055867173427497
17 3 32.93631889424398
17 4 31.677991041943958
17 5 36.278415597370376
17 6 32.71699489233762
17 7 35.65036445145921
17 8 33.003219009526205
17 9 33.59426852285281
17 10 31.610662479041423
17 11 36.596825105346035
17 12 33.13163433842893
17 13 34.347473289757325
17 14 35.452093951173616
17 15 35.56910369131176
17 16 33.273531445462254
17 17 33.110598639393906
17 18 34.853986912506514
17 19 32.919761487840006
17 20 34.4290935678618
17 21 34.77875381753156
17 22 35.28477690494129
17 23 30.766867412667665
17 24 34.432014192401354
17 25 29.93853559219752
17 26 35.1409841658294
17 27 33.49477093676679
17 28 31.937940559145545
17 29 34.850308965535206
18 0 29.58560290020484
18 1 31.736149801837605
18 2 33.38103624971469
18 3 32.14692492967194
18 4 30.444299087312437
18 5 33.353492291651285
18 6 34.1458691293341
18 7 32.033013242718994
18 8 32.55368817465237
18 9 32.31911574679205
18 10 31.89525933382705
18 11 32.870802087640854
18 12 32.82433332798012
18 13 33.13163433842893
18 14 36.00661365835555
18 15 32.67034692186004
18 16 32.29215244584022
18 17 34.853986912506514
18 18 13.179393553065886
18 19 35.68174821761233
18 20 34.96651523009358
18 21 35.163503164357635
18 22 33.66717943648182
18 23 31.780423516315082
18 24 34.30844115279216
18 25 30.88752044040639
18 26 33.896202091441054
18 27 33.052527560883846
18 28 32.55934305745919
18 29 35.37667047293492
19 0 31.071962707899896
19 1 32.12693311186377
19 2 35.538678129588064
19 3 30.920693342908507
19 4 31.358845238018283
19 5 29.41699409305129
19 6 34.455313238673384
19 7 32.832290202399236
19 8 30.598302232523057
19 9 36.286824994057255
19 10 33.18502386971854
19 11 34.14987886729357
19 12 32.870802087640854
19 13 36.596825105346035
19 14 35.32945444026012
19 15 38.61181299199429
19 16 34.66747512958079
19 17 32.919761487840006
19 18 35.68174821761233
19 19 30.847012794096077
19 20 36.96801044498479
19 21 35.33690624862124
19 22 36.71604945369153
19 23 35.657843168540296
19 24 32.00418342270061
19 25 33.36284091666752
19 26 35.32525701138029
19 27 33.520951675634876
19 28 32.69663322085509
19 29 33.51683001421002
20 0 30.90731907673255
20 1 30.45390095690325
20 2 33.518531425895056
20 3 32.15946299737464
20 4 35.052295982342905
20 5 33.69202906013528
20 6 34.004487923221355
20 7 33.37959354415968
20 8 35.18137354141189
20 9 33.720781339326635
20 10 32.98475253679336
20 11 33.18502386971854
20 12 31.89525933382705
20 13 31.610662479041423
20 14 35.33612986885802
20 15 30.655548029424022
20 16 35.72428772290764
20 17 34.4290935678618
20 18 34.96651523009358
20 19 36.96801044498479
20 20 33.09981887313976
20 21 31.74367760470971
20 22 32.236817726375854
20 23 33.17946571318465
20 24 33.48484504534333
20 25 35.07958131621548
20 26 33.041369940455255
20 27 33.19476635803273
20 28 31.241293341533837
20 29 34.50390391854596
21 0 30.954232764417014
21 1 33.31313836729373
21 2 30.55484642624864
21 3 33.08989279853847
21 4 32.92064054511854
21 5 34.07295664534217
21 6 30.89763586284762
21 7 31.75323654332642
21 8 31.96348999692252
21 9 34.00759051240709
21 10 33.720781339326635
21 11 36.286824994057255
21 12 32.31911574679205
21 13 33.59426852285281
21 14 29.737449444503962
21 15 31.937439977682857
21 16 36.95051636450997
21 17 34.77875381753156
21 18 35.163503164357635
21 19 35.33690624862124
21 20 31.74367760470971
21 21 32.7519900999941
21 22 34.10313846087438
21 23 35.30698440900262
21 24 33.032507397949445
21 25 34.542943899527884
21 26 30.059300466787825
21 27 32.101446060201326
21 28 34.38365619697645
21 29 31.40097678944016
22 0 31.813663157716995
22 1 32.5095490608579
22 2 33.8616890985666
22 3 30.562073646639583
22 4 32.50824560877843
22 5 33.61842574627139
22 6 35.42433875963551
22 7 33.92371375823808
22 8 31.854344061538143
22 9 31.96348999692252
22 10 35.18137354141189
22 11 30.598302232523057
22 12 32.55368817465237
22 13 33.003219009526205
22 14 33.299680709537945
22 15 33.0879952882502
22 16 35.407595395839564
22 17 35.28477690494129
22 18 33.66717943648182
22 19 36.71604945369153
22 20 32.236817726375854
22 21 34.10313846087438
22 22 32.11229477289599
22 23 34.97402419178859
22 24 33.691586834601985
22 25 32.51244345306193
22 26 34.369082073105716
22 27 32.22306987985122
22 28 32.22295801118684
22 29 31.692992452262047
23 0 33.39429840293356
23 1 33.23233874228233
23 2 32.42999182762679
23 3 32.07761459264951
23 4 29.51843357034451
23 5 31.414278046841297
23 6 33.647105313670764
23 7 34.44631519907679
23 8 33.92371375823808
23 9 31.75323654332642
23 10 33.37959354415968
23 11 32.832290202399236
23 12 32.033013242718994
23 13 35.65036445145921
23 14 35.51677817595424
23 15 33.060779307353044
23 16 35.03496892524457
23 17 30.766867412667665
23 18 31.780423516315082
23 19 35.657843168540296
23 20 33.17946571318465
23 21 35.30698440900262
23 22 34.97402419178859
23 23 33.56053835416925
23 24 37.3435549804835
23 25 32.28199139928949
23 26 34.16513690189674
23 27 32.87438119619515
23 28 32.82108484636311
23 29 30.97806455566608
24 0 31.440899982585496
24 1 31.525098450283902
24 2 31.628717624097142
24 3 30.5863275989861
24 4 33.84795776956052
24 5 31.473962088868902
24 6 31.994894854596808
24 7 33.647105313670764
24 8 35.42433875963551
24 9 30.89763586284762
24 10 34.004487923221355
24 11 34.455313238673384
24 12 34.1458691293341
24 13 32.71699489233762
24 14 32.60251867890195
24 15 36.82034970395968
24 16 33.9061452396807
24 17 34.432014192401354
24 18 34.30844115279216
24 19 32.00418342270061
24 20 33.48484504534333
24 21 33.032507397949445
24 22 33.691586834601985
24 23 37.3435549804835
24 24 33.24620436689681
24 25 33.614919709746204
24 26 31.705234581896047
24 27 34.36191988903495
24 28 35.65079486891773
24 29 33.40491191601187
25 0 31.911806634289476
25 1 31.690116970664157
25 2 34.491676200128616
25 3 34.21653441586985
25 4 30.118697016984456
25 5 30.07029425083748
25 6 31.473962088868902
25 7 31.414278046841297
25 8 33.61842574627139
25 9 34.07295664534217
25 10 33.69202906013528
25 11 29.41699409305129
25 12 33.353492291651285
25 13 36.278415597370376
25 14 36.16308246950681
25 15 35.178338197994194
25 16 36.258533059216305
25 17 29.93853559219752
25 18 30.88752044040639
25 19 33.36284091666752
25 20 35.07958131621548
25 21 34.542943899527884
25 22 32.51244345306193
25 23 32.28199139928949
25 24 33.614919709746204
25 25 34.20622174748858
25 26 31.12944859021817
25 27 30.428680335570412
25 28 31.6273460061223
25 29 32.3748995829143
26 0 31.89855612226368
26 1 30.29572258071144
26 2 32.56866749661662
26 3 35.31741891236252
26 4 30.59722436230849
26 5 30.118697016984456
26 6 33.84795776956052
26 7 29.51843357034451
26 8 32.50824560877843
26 9 32.92064054511854
26 10 35.052295982342905
26 11 31.358845238018283
26 12 30.444299087312437
26 13 31.677991041943958
26 14 30.910230735116308
26 15 32.263144433302514
26 16 32.295626373873596
26 17 35.1409841658294
26 18 33.896202091441054
26 19 35.32525701138029
26 20 33.041369940455255
26 21 30.059300466787825
26 22 34.369082073105716
26 23 34.16513690189674
26 24 31.705234581896047
26 25 31.12944859021817
26 26 32.50838102691007
26 27 32.21634041729685
26 28 32.165320823724066
26 29 30.825188900568172
27 0 31.52226844635626
27 1 31.250644466193883
27 2 31.555769166956942
27 3 28.136442359588475
27 4 35.31741891236252
27 5 34.21653441586985
27 6 30.5863275989861
27 7 32.07761459264951
27 8 30.562073646639583
27 9 33.08989279853847
27 10 32.15946299737464
27 11 30.920693342908507
27 12 32.14692492967194
27 13 32.93631889424398
27 14 32.82363544769128
27 15 32.70685913871513
27 16 32.56274312024974
27 17 33.49477093676679
27 18 33.052527560883846
27 19 33.520951675634876
27 20 33.19476635803273
27 21 32.101446060201326
27 22 32.22306987985122
27 23 32.87438119619515
27 24 34.36191988903495
27 25 30.428680335570412
27 26 32.21634041729685
27 27 31.678761662677964
27 28 33.17881547348255
27 29 31.237836564607434
28 0 31.58784213600433
28 1 30.719476399666423
28 2 27.881565810774784
28 3 31.555769166956942
28 4 32.56866749661662
28 5 34.491676200128616
28 6 31.628717624097142
28 7 32.42999182762679
28 8 33.8616890985666
28 9 30.55484642624864
28 10 33.518531425895056
28 11 35.538678129588064
28 12 33.38103624971469
28 13 30.055867173427497
28 14 30.50690236843847
28 15 34.432351254225104
28 16 31.896132796202753
28 17 31.937940559145545
28 18 32.55934305745919
28 19 32.69663322085509
28 20 31.241293341533837
28 21 34.38365619697645
28 22 32.22295801118684
28 23 32.82108484636311
28 24 35.65079486891773
28 25 31.6273460061223
28 26 32.165320823724066
28 27 33.17881547348255
28 28 28.73181070223368
28 29 31.293166377138387
29 0 29.01778368237469
29 1 29.506007746758428
29 2 30.719476399666423
29 3 31.250644466193883
29 4 30.29572258071144
29 5 31.690116970664157
29 6 31.525098450283902
29 7 33.23233874228233
29 8 32.5095490608579
29 9 33.31313836729373
29 10 30.45390095690325
29 11 32.12693311186377
29 12 31.736149801837605
29 13 31.21146744060499
29 14 32.31754039251479
29 15 31.949272352506565
29 16 32.50650449923906
29 17 34.850308965535206
29 18 35.37667047293492
29 19 33.51683001421002
29 20 34.50390391854596
29 21 31.40097678944016
29 22 31.692992452262047
29 23 30.97806455566608
29 24 33.40491191601187
29 25 32.3748995829143
29 26 30.825188900568172
29 27 31.237836564607434
29 28 31.293166377138387
29 29 30.800009003515278
