0 0 30.961103094182956
0 1 28.632095420031312
0 2 30.520334200325404
0 3 30.40863778521074
0 4 27.35724077678924
0 5 32.766192994151666
0 6 31.057628044826867
0 7 31.340456571035883
0 8 32.994971372003896
0 9 33.27908311605643
0 10 32.99078865998597
0 11 30.78454414002311
0 12 32.32436353892366
0 13 33.015857595605134
0 14 33.63749648572157
0 15 31.706239356277422
0 16 32.256238995588504
0 17 31.973708575243833
0 18 34.300761850853654
0 19 30.4378207181456
0 20 32.52894403994239
0 21 30.86873665798244
0 22 34.5163971684691
0 23 30.924823219276945
0 24 31.690116970664157
0 25 27.70991157656033
0 26 30.03860065028029
0 27 28.53582517966854
0 28 31.980676263958365
0 29 29.337978641415873
1 0 28.632095420031312
1 1 29.36447163898142
1 2 29.54105958097097
1 3 31.526742622305658
1 4 31.826436429155503
1 5 34.28538671289354
1 6 32.95509129068987
1 7 32.5334506878343
1 8 32.11368162645169
1 9 31.302380803953007
1 10 31.391739912638702
1 11 33.58478349421103
1 12 34.27409803204425
1 13 34.307431320787565
1 14 33.73384321718084
1 15 34.989910164641536
1 16 32.48640145916581
1 17 34.33230932372204
1 18 33.2510177593147
1 19 31.444123542094925
1 20 33.758915783381156
1 21 36.063951134138755
1 22 32.24106345602802
1 23 31.628717624097142
1 24 33.18831383701651
1 25 33.14782220793079
1 26 31.760596070603594
1 27 29.837651432784522
1 28 29.851726828327394
1 29 30.1911587597761
2 0 30.520334200325404
2 1 29.54105958097097
2 2 31.424374956577783
2 3 31.038676670509933
2 4 33.130036551650164
2 5 31.122265701799133
2 6 31.054210001044154
2 7 32.6114028505595
2 8 32.049536674487335
2 9 33.528047344940454
2 10 31.329288260546317
2 11 33.65563645666561
2 12 30.362198831638484
2 13 35.36561614722815
2 14 35.58331502077617
2 15 33.74709567200956
2 16 30.920693342908507
2 17 34.106288180870166
2 18 33.91748252087797
2 19 35.42890351250077
2 20 32.912408965048556
2 21 33.537779760131045
2 22 32.07761459264951
2 23 33.83269663805016
2 24 29.542829846394397
2 25 32.9236173106371
2 26 32.53552632476107
2 27 31.70035665456745
2 28 29.335918151221023
2 29 29.851726828327394
3 0 30.40863778521074
3 1 31.526742622305658
3 2 31.038676670509933
3 3 33.23137980847693
3 4 32.82978032072492
3 5 33.1502010978664
3 6 30.18955127576669
3 7 31.565847415191417
3 8 32.805953582677624
3 9 30.50690236843847
3 10 35.00344897040438
3 11 34.009875509619924
3 12 33.26134680836434
3 13 33.73914677098858
3 14 35.72570282505795
3 15 33.60254025304919
3 16 33.13186779397864
3 17 33.00369231036617
3 18 32.31604520629565
3 19 34.0737404657322
3 20 30.819044965529095
3 21 32.50824560877843
3 22 31.284043028052295
3 23 30.778464529209945
3 24 32.253043210961614
3 25 31.855535600095543
3 26 34.76056706837149
3 27 32.798083998579386
3 28 31.70035665456745
3 29 29.837651432784522
4 0 27.35724077678924
4 1 31.826436429155503
4 2 33.130036551650164
4 3 32.82978032072492
4 4 33.171315285973414
4 5 31.36047376831046
4 6 32.61947620752987
4 7 33.262655495943264
4 8 32.05603514764267
4 9 32.358678287313
4 10 33.062971007629784
4 11 30.517433692539402
4 12 31.654235005015945
4 13 32.61797234148182
4 14 30.518249234403388
4 15 33.17879437079439
4 16 30.767532669917134
4 17 32.82975162061986
4 18 35.259180014156655
4 19 34.45302592071124
4 20 34.07295664534217
4 21 33.37273016458624
4 22 28.74352636741096
4 23 33.56105075164798
4 24 33.02284542528772
4 25 30.842810573088393
4 26 30.066192716781313
4 27 34.76056706837149
4 28 32.53552632476107
4 29 31.760596070603594
5 0 32.766192994151666
5 1 34.28538671289354
5 2 31.122265701799133
5 3 33.1502010978664
5 4 31.36047376831046
5 5 33.91945073301439
5 6 35.488500577411116
5 7 32.621572616550544
5 8 33.42960108806673
5 9 32.05606896183938
5 10 31.566051288458347
5 11 32.127229354719304
5 12 31.918685987153435
5 13 39.31603038905616
5 14 31.865318197080814
5 15 33.61548072531105
5 16 33.55118559843065
5 17 32.35114816980222
5 18 33.527837522996194
5 19 34.004487923221355
5 20 34.39145276896214
5 21 35.74031267727718
5 22 35.017793045388615
5 23 32.53737739415799
5 24 32.94572574858688
5 25 32.54512537909822
5 26 30.842810573088393
5 27 31.855535600095543
5 28 32.9236173106371
5 29 33.14782220793079
6 0 31.057628044826867
6 1 32.95509129068987
6 2 31.054210001044154
6 3 30.18955127576669
6 4 32.61947620752987
6 5 35.488500577411116
6 6 33.336139411632516
6 7 33.154362689442706
6 8 34.34474395075788
6 9 37.125250320544865
6 10 33.70998198879658
6 11 32.85379779983409
6 12 29.545244631600283
6 13 36.84957346284891
6 14 32.96005736158998
6 15 34.86081049331908
6 16 34.18889534061741
6 17 34.43873681058526
6 18 32.832290202399236
6 19 31.207031014971363
6 20 33.14740445402856
6 21 32.25713488621348
6 22 35.585735347990656
6 23 34.10633666408867
6 24 31.244511094866038
6 25 32.94572574858688
6 26 33.02284542528772
6 27 32.253043210961614
6 28 29.542829846394397
6 29 33.18831383701651
7 0 31.340456571035883
7 1 32.5334506878343
7 2 32.6114028505595
7 3 31.565847415191417
7 4 33.262655495943264
7 5 32.621572616550544
7 6 33.154362689442706
7 7 34.60461447865495
7 8 34.84015801430501
7 9 32.10157531644516
7 10 34.82959579122037
7 11 30.87571969117991
7 12 32.9699264322924
7 13 31.307609702451565
7 14 33.38313687134342
7 15 35.22988568127617
7 16 31.101249485059288
7 17 32.55368817465237
7 18 34.63569237449343
7 19 32.644678597169325
7 20 35.69323667878856
7 21 34.131352173290715
7 22 31.68764073541194
7 23 35.137505134975285
7 24 34.10633666408867
7 25 32.53737739415799
7 26 33.56105075164798
7 27 30.778464529209945
7 28 33.83269663805016
7 29 31.628717624097142
8 0 32.994971372003896
8 1 32.11368162645169
8 2 32.049536674487335
8 3 32.805953582677624
8 4 32.05603514764267
8 5 33.42960108806673
8 6 34.34474395075788
8 7 34.84015801430501
8 8 32.76096721989412
8 9 32.664110198229544
8 10 33.060779307353044
8 11 30.956275152801286
8 12 32.92626348817329
8 13 32.84858205389552
8 14 34.230300693774815
8 15 31.28912845496394
8 16 33.59426852285281
8 17 30.14215927413238
8 18 31.655159811126747
8 19 34.37439389565972
8 20 31.326703267507717
8 21 32.11921889338946
8 22 32.25760503126212
8 23 31.68764073541194
8 24 35.585735347990656
8 25 35.017793045388615
8 26 28.74352636741096
8 27 31.284043028052295
8 28 32.07761459264951
8 29 32.24106345602802
9 0 33.27908311605643
9 1 31.302380803953007
9 2 33.528047344940454
9 3 30.50690236843847
9 4 32.358678287313
9 5 32.05606896183938
9 6 37.125250320544865
9 7 32.10157531644516
9 8 32.664110198229544
9 9 31.02687084489249
9 10 35.36575545634533
9 11 33.99143246627617
9 12 33.959992382151675
9 13 33.5882129568977
9 14 34.773371482002815
9 15 35.33612986885802
9 16 33.93404178150234
9 17 31.818674892505076
9 18 33.897668474182815
9 19 31.328759664209052
9 20 33.45519606605281
9 21 32.52853993070883
9 22 32.11921889338946
9 23 34.131352173290715
9 24 32.25713488621348
9 25 35.74031267727718
9 26 33.37273016458624
9 27 32.50824560877843
9 28 33.537779760131045
9 29 36.063951134138755
10 0 32.99078865998597
10 1 31.391739912638702
10 2 31.329288260546317
10 3 35.00344897040438
10 4 33.062971007629784
10 5 31.566051288458347
10 6 33.70998198879658
10 7 34.82959579122037
10 8 33.060779307353044
10 9 35.36575545634533
10 10 34.69982960089788
10 11 33.04495128768148
10 12 32.17299272098965
10 13 36.83121396360854
10 14 38.61181299199429
10 15 35.191094806697855
10 16 33.04409590042126
10 17 33.32041439655118
10 18 29.82861967558
10 19 31.897397168005067
10 20 35.25889999029688
10 21 33.45519606605281
10 22 31.326703267507717
10 23 35.69323667878856
10 24 33.14740445402856
10 25 34.39145276896214
10 26 34.07295664534217
10 27 30.819044965529095
10 28 32.912408965048556
10 29 33.758915783381156
11 0 30.78454414002311
11 1 33.58478349421103
11 2 33.65563645666561
11 3 34.009875509619924
11 4 30.517433692539402
11 5 32.127229354719304
11 6 32.85379779983409
11 7 30.87571969117991
11 8 30.956275152801286
11 9 33.99143246627617
11 10 33.04495128768148
11 11 34.709710598708504
11 12 36.81263811039283
11 13 32.29215244584022
11 14 31.76914475347714
11 15 34.33319571673773
11 16 30.865558865713794
11 17 35.71690955489727
11 18 32.9356723093591
11 19 33.13790067784277
11 20 31.897397168005067
11 21 31.328759664209052
11 22 34.37439389565972
11 23 32.644678597169325
11 24 31.207031014971363
11 25 34.004487923221355
11 26 34.45302592071124
11 27 34.0737404657322
11 28 35.42890351250077
11 29 31.444123542094925
12 0 32.32436353892366
12 1 34.27409803204425
12 2 30.362198831638484
12 3 33.26134680836434
12 4 31.654235005015945
12 5 31.918685987153435
12 6 29.545244631600283
12 7 32.9699264322924
12 8 32.92626348817329
12 9 33.959992382151675
12 10 32.17299272098965
12 11 36.81263811039283
12 12 33.110598639393906
12 13 30.20353769638701
12 14 35.440411451498015
12 15 35.331840262943814
12 16 35.45930470846899
12 17 32.166820981086005
12 18 34.347473289757325
12 19 32.9356723093591
12 20 29.82861967558
12 21 33.897668474182815
12 22 31.655159811126747
12 23 34.63569237449343
12 24 32.832290202399236
12 25 33.527837522996194
12 26 35.259180014156655
12 27 32.31604520629565
12 28 33.91748252087797
12 29 33.2510177593147
13 0 33.015857595605134
13 1 34.307431320787565
13 2 35.36561614722815
13 3 33.73914677098858
13 4 32.61797234148182
13 5 39.31603038905616
13 6 36.84957346284891
13 7 31.307609702451565
13 8 32.84858205389552
13 9 33.5882129568977
13 10 36.83121396360854
13 11 32.29215244584022
13 12 30.20353769638701
13 13 14.515559920881334
13 14 30.753895446778305
13 15 34.12786364509942
13 16 32.75234259023376
13 17 33.50650017590004
13 18 32.166820981086005
13 19 35.71690955489727
13 20 33.32041439655118
13 21 31.818674892505076
13 22 30.14215927413238
13 23 32.55368817465237
13 24 34.43873681058526
13 25 32.35114816980222
13 26 32.82975162061986
13 27 33.00369231036617
13 28 34.106288180870166
13 29 34.33230932372204
14 0 33.63749648572157
14 1 33.73384321718084
14 2 35.58331502077617
14 3 35.72570282505795
14 4 30.518249234403388
14 5 31.865318197080814
14 6 32.96005736158998
14 7 33.38313687134342
14 8 34.230300693774815
14 9 34.773371482002815
14 10 38.61181299199429
14 11 31.76914475347714
14 12 35.440411451498015
14 13 30.753895446778305
14 14 34.20179064166138
14 15 35.41009037366957
14 16 33.92559622251344
14 17 32.75234259023376
14 18 35.45930470846899
14 19 30.865558865713794
14 20 33.04409590042126
14 21 33.93404178150234
14 22 33.59426852285281
14 23 31.101249485059288
14 24 34.18889534061741
14 25 33.55118559843065
14 26 30.767532669917134
14 27 33.13186779397864
14 28 30.920693342908507
14 29 32.48640145916581
15 0 31.706239356277422
15 1 34.989910164641536
15 2 33.74709567200956
15 3 33.60254025304919
15 4 33.17879437079439
15 5 33.61548072531105
15 6 34.86081049331908
15 7 35.22988568127617
15 8 31.28912845496394
15 9 35.33612986885802
15 10 35.191094806697855
15 11 34.33319571673773
15 12 35.331840262943814
15 13 34.12786364509942
15 14 35.41009037366957
15 15 33.39903387237975
15 16 35.41009037366957
15 17 34.12786364509942
15 18 35.331840262943814
15 19 34.33319571673773
15 20 35.191094806697855
15 21 35.33612986885802
15 22 31.28912845496394
15 23 35.22988568127617
15 24 34.86081049331908
15 25 33.61548072531105
15 26 33.17879437079439
15 27 33.60254025304919
15 28 33.74709567200956
15 29 34.989910164641536
16 0 32.256238995588504
16 1 32.48640145916581
16 2 30.920693342908507
16 3 33.13186779397864
16 4 30.767532669917134
16 5 33.55118559843065
16 6 34.18889534061741
16 7 31.101249485059288
16 8 33.59426852285281
16 9 33.93404178150234
16 10 33.04409590042126
16 11 30.865558865713794
16 12 35.45930470846899
16 13 32.75234259023376
16 14 33.92559622251344
16 15 35.41009037366957
16 16 34.20179064166138
16 17 30.753895446778305
16 18 35.440411451498015
16 19 31.76914475347714
16 20 38.61181299199429
16 21 34.773371482002815
16 22 34.230300693774815
16 23 33.38313687134342
16 24 32.96005736158998
16 25 31.865318197080814
16 26 30.518249234403388
16 27 35.72570282505795
16 28 35.58331502077617
16 29 33.73384321718084
17 0 31.973708575243833
17 1 34.33230932372204
17 2 34.106288180870166
17 3 33.00369231036617
17 4 32.82975162061986
17 5 32.35114816980222
17 6 34.43873681058526
17 7 32.55368817465237
17 8 30.14215927413238
17 9 31.818674892505076
17 10 33.32041439655118
17 11 35.71690955489727
17 12 32.166820981086005
17 13 33.50650017590004
17 14 32.75234259023376
17 15 34.12786364509942
17 16 30.753895446778305
17 17 14.515559920881334
17 18 30.20353769638701
17 19 32.29215244584022
17 20 36.83121396360854
17 21 33.5882129568977
17 22 32.84858205389552
17 23 31.307609702451565
17 24 36.84957346284891
17 25 39.31603038905616
17 26 32.61797234148182
17 27 33.73914677098858
17 28 35.36561614722815
17 29 34.307431320787565
18 0 34.300761850853654
18 1 33.2510177593147
18 2 33.91748252087797
18 3 32.31604520629565
18 4 35.259180014156655
18 5 33.527837522996194
18 6 32.832290202399236
18 7 34.63569237449343
18 8 31.655159811126747
18 9 33.897668474182815
18 10 29.82861967558
18 11 32.9356723093591
18 12 34.347473289757325
18 13 32.166820981086005
18 14 35.45930470846899
18 15 35.331840262943814
18 16 35.440411451498015
18 17 30.20353769638701
18 18 33.110598639393906
18 19 36.81263811039283
18 20 32.17299272098965
18 21 33.959992382151675
18 22 32.92626348817329
18 23 32.9699264322924
18 24 29.545244631600283
18 25 31.918685987153435
18 26 31.654235005015945
18 27 33.26134680836434
18 28 30.362198831638484
18 29 34.27409803204425
19 0 30.4378207181456
19 1 31.444123542094925
19 2 35.42890351250077
19 3 34.0737404657322
19 4 34.45302592071124
19 5 34.004487923221355
19 6 31.207031014971363
19 7 32.644678597169325
19 8 34.37439389565972
19 9 31.328759664209052
19 10 31.897397168005067
19 11 33.13790067784277
19 12 32.9356723093591
19 13 35.71690955489727
19 14 30.865558865713794
19 15 34.33319571673773
19 16 31.76914475347714
19 17 32.29215244584022
19 18 36.81263811039283
19 19 34.709710598708504
19 20 33.04495128768148
19 21 33.99143246627617
19 22 30.956275152801286
19 23 30.87571969117991
19 24 32.85379779983409
19 25 32.127229354719304
19 26 30.517433692539402
19 27 34.009875509619924
19 28 33.65563645666561
19 29 33.58478349421103
20 0 32.52894403994239
20 1 33.758915783381156
20 2 32.912408965048556
20 3 30.819044965529095
20 4 34.07295664534217
20 5 34.39145276896214
20 6 33.14740445402856
20 7 35.69323667878856
20 8 31.326703267507717
20 9 33.45519606605281
20 10 35.25889999029688
20 11 31.897397168005067
20 12 29.82861967558
20 13 33.32041439655118
20 14 33.04409590042126
20 15 35.191094806697855
20 16 38.61181299199429
20 17 36.83121396360854
20 18 32.17299272098965
20 19 33.04495128768148
20 20 34.69982960089788
20 21 35.36575545634533
20 22 33.060779307353044
20 23 34.82959579122037
20 24 33.70998198879658
20 25 31.566051288458347
20 26 33.062971007629784
20 27 35.00344897040438
20 28 31.329288260546317
20 29 31.391739912638702
21 0 30.86873665798244
21 1 36.063951134138755
21 2 33.537779760131045
21 3 32.50824560877843
21 4 33.37273016458624
21 5 35.74031267727718
21 6 32.25713488621348
21 7 34.131352173290715
21 8 32.11921889338946
21 9 32.52853993070883
21 10 33.45519606605281
21 11 31.328759664209052
21 12 33.897668474182815
21 13 31.818674892505076
21 14 33.93404178150234
21 15 35.33612986885802
21 16 34.773371482002815
21 17 33.5882129568977
21 18 33.959992382151675
21 19 33.99143246627617
21 20 35.36575545634533
21 21 31.02687084489249
21 22 32.664110198229544
21 23 32.10157531644516
21 24 37.125250320544865
21 25 32.05606896183938
21 26 32.358678287313
21 27 30.50690236843847
21 28 33.528047344940454
21 29 31.302380803953007
22 0 34.5163971684691
22 1 32.24106345602802
22 2 32.07761459264951
22 3 31.284043028052295
22 4 28.74352636741096
22 5 35.017793045388615
22 6 35.585735347990656
22 7 31.68764073541194
22 8 32.25760503126212
22 9 32.11921889338946
22 10 31.326703267507717
22 11 34.37439389565972
22 12 31.655159811126747
22 13 30.14215927413238
22 14 33.59426852285281
22 15 31.28912845496394
22 16 34.230300693774815
22 17 32.84858205389552
22 18 32.92626348817329
22 19 30.956275152801286
22 20 33.060779307353044
22 21 32.664110198229544
22 22 32.76096721989412
22 23 34.84015801430501
22 24 34.34474395075788
22 25 33.42960108806673
22 26 32.05603514764267
22 27 32.805953582677624
22 28 32.049536674487335
22 29 32.11368162645169
23 0 30.924823219276945
23 1 31.628717624097142
23 2 33.83269663805016
23 3 30.778464529209945
23 4 33.56105075164798
23 5 32.53737739415799
23 6 34.10633666408867
23 7 35.137505134975285
23 8 31.68764073541194
23 9 34.131352173290715
23 10 35.69323667878856
23 11 32.644678597169325
23 12 34.63569237449343
23 13 32.55368817465237
23 14 31.101249485059288
23 15 35.22988568127617
23 16 33.38313687134342
23 17 31.307609702451565
23 18 32.9699264322924
23 19 30.87571969117991
23 20 34.82959579122037
23 21 32.10157531644516
23 22 34.84015801430501
23 23 34.60461447865495
23 24 33.154362689442706
23 25 32.621572616550544
23 26 33.262655495943264
23 27 31.565847415191417
23 28 32.6114028505595
23 29 32.5334506878343
24 0 31.690116970664157
24 1 33.18831383701651
24 2 29.542829846394397
24 3 32.253043210961614
24 4 33.02284542528772
24 5 32.94572574858688
24 6 31.244511094866038
24 7 34.10633666408867
24 8 35.585735347990656
24 9 32.25713488621348
24 10 33.14740445402856
24 11 31.207031014971363
24 12 32.832290202399236
24 13 34.43873681058526
24 14 34.18889534061741
24 15 34.86081049331908
24 16 32.96005736158998
24 17 36.84957346284891
24 18 29.545244631600283
24 19 32.85379779983409
24 20 33.70998198879658
24 21 37.125250320544865
24 22 34.34474395075788
24 23 33.154362689442706
24 24 33.336139411632516
24 25 35.488500577411116
24 26 32.61947620752987
24 27 30.18955127576669
24 28 31.054210001044154
24 29 32.95509129068987
25 0 27.70991157656033
25 1 33.14782220793079
25 2 32.9236173106371
25 3 31.855535600095543
25 4 30.842810573088393
25 5 32.54512537909822
25 6 32.94572574858688
25 7 32.53737739415799
25 8 35.017793045388615
25 9 35.74031267727718
25 10 34.39145276896214
25 11 34.004487923221355
25 12 33.527837522996194
25 13 32.35114816980222
25 14 33.55118559843065
25 15 33.61548072531105
25 16 31.865318197080814
25 17 39.31603038905616
25 18 31.918685987153435
25 19 32.127229354719304
25 20 31.566051288458347
25 21 32.05606896183938
25 22 33.42960108806673
25 23 32.621572616550544
25 24 35.488500577411116
25 25 33.91945073301439
25 26 31.36047376831046
25 27 33.1502010978664
25 28 31.122265701799133
25 29 34.28538671289354
26 0 30.03860065028029
26 1 31.760596070603594
26 2 32.53552632476107
26 3 34.76056706837149
26 4 30.066192716781313
26 5 30.842810573088393
26 6 33.02284542528772
26 7 33.56105075164798
26 8 28.74352636741096
26 9 33.37273016458624
26 10 34.07295664534217
26 11 34.45302592071124
26 12 35.259180014156655
26 13 32.82975162061986
26 14 30.767532669917134
26 15 33.17879437079439
26 16 30.518249234403388
26 17 32.61797234148182
26 18 31.654235005015945
26 19 30.517433692539402
26 20 33.062971007629784
26 21 32.358678287313
26 22 32.05603514764267
26 23 33.262655495943264
26 24 32.61947620752987
26 25 31.36047376831046
26 26 33.171315285973414
26 27 32.82978032072492
26 28 33.130036551650164
26 29 31.826436429155503
27 0 28.53582517966854
27 1 29.837651432784522
27 2 31.70035665456745
27 3 32.798083998579386
27 4 34.76056706837149
27 5 31.855535600095543
27 6 32.253043210961614
27 7 30.778464529209945
27 8 31.284043028052295
27 9 32.50824560877843
27 10 30.819044965529095
27 11 34.0737404657322
27 12 32.31604520629565
27 13 33.00369231036617
27 14 33.13186779397864
27 15 33.60254025304919
27 16 35.72570282505795
27 17 33.73914677098858
27 18 33.26134680836434
27 19 34.009875509619924
27 20 35.00344897040438
27 21 30.50690236843847
27 22 32.805953582677624
27 23 31.565847415191417
27 24 30.18955127576669
27 25 33.1502010978664
27 26 32.82978032072492
27 27 33.23137980847693
27 28 31.038676670509933
27 29 31.526742622305658
28 0 31.980676263958365
28 1 29.851726828327394
28 2 29.335918151221023
28 3 31.70035665456745
28 4 32.53552632476107
28 5 32.9236173106371
28 6 29.542829846394397
28 7 33.83269663805016
28 8 32.07761459264951
28 9 33.537779760131045
28 10 32.912408965048556
28 11 35.42890351250077
28 12 33.91748252087797
28 13 34.106288180870166
28 14 30.920693342908507
28 15 33.74709567200956
28 16 35.58331502077617
28 17 35.36561614722815
28 18 30.362198831638484
28 19 33.65563645666561
28 20 31.329288260546317
28 21 33.528047344940454
28 22 32.049536674487335
28 23 32.6114028505595
28 24 31.054210001044154
28 25 31.122265701799133
28 26 33.130036551650164
28 27 31.038676670509933
28 28 31.424374956577783
28 29 29.54105958097097
29 0 29.337978641415873
29 1 30.1911587597761
29 2 29.851726828327394
29 3 29.837651432784522
29 4 31.760596070603594
29 5 33.14782220793079
29 6 33.18831383701651
29 7 31.628717624097142
29 8 32.24106345602802
29 9 36.063951134138755
29 10 33.758915783381156
29 11 31.444123542094925
29 12 33.2510177593147
29 13 34.33230932372204
29 14 32.48640145916581
29 15 34.989910164641536
29 16 33.73384321718084
29 17 34.307431320787565
29 18 34.27409803204425
29 19 33.58478349421103
29 20 31.391739912638702
29 21 31.302380803953007
29 22 32.11368162645169
29 23 32.5334506878343
29 24 32.95509129068987
29 25 34.28538671289354
29 26 31.826436429155503
29 27 31.526742622305658
29 28 29.54105958097097
29 29 29.36447163898142
