0 0 28.524764108284316
0 1 29.82519645458383
0 2 28.857475312902448
0 3 30.26517958063272
0 4 29.51634267939809
0 5 30.183838643186704
0 6 31.35054239069194
0 7 28.121459016148382
0 8 30.665865325536185
0 9 32.5095490608579
0 10 32.47832095051656
0 11 31.333506571344245
0 12 33.8616890985666
0 13 33.08950240971197
0 14 34.28346082798102
0 15 30.825254419212445
0 16 29.997706422913698
0 17 31.985732588711056
0 18 32.818298289294994
0 19 31.520631091262054
0 20 31.529153062770312
0 21 33.995454801234345
0 22 31.828631515597966
0 23 33.33928789635887
0 24 32.56866749661662
0 25 31.117619050467923
0 26 29.837651432784522
0 27 28.054518705768576
0 28 29.801888143120106
0 29 29.739566138438242
1 0 29.82519645458383
1 1 29.604982881363334
1 2 31.225998075948187
1 3 29.898270314370176
1 4 30.034501837976972
1 5 32.37140689761241
1 6 33.079517019307104
1 7 29.661279864437176
1 8 31.040076233568207
1 9 29.433564503714877
1 10 31.4945017034717
1 11 30.806719606358048
1 12 31.60237746953585
1 13 32.912408965048556
1 14 36.36188896483191
1 15 29.381212178677053
1 16 32.019197943138515
1 17 30.83823895086029
1 18 33.021573992386294
1 19 33.561020517766345
1 20 30.29474144498396
1 21 31.876070135624165
1 22 32.439970192958064
1 23 34.21653441586985
1 24 33.02455220288189
1 25 32.53552632476107
1 26 28.34459768109007
1 27 28.664196362542004
1 28 28.36975105113141
1 29 30.760981350201096
2 0 28.857475312902448
2 1 31.225998075948187
2 2 30.406612225368814
2 3 31.889790214361803
2 4 31.813663157716995
2 5 32.035167393410845
2 6 29.620233119369658
2 7 30.68542483289288
2 8 31.444123542094925
2 9 34.02562396561548
2 10 33.84946427822498
2 11 32.20950862399396
2 12 32.71318346336404
2 13 32.92064054511854
2 14 30.13324566697424
2 15 32.69516365364234
2 16 31.397963653029624
2 17 32.168110040153984
2 18 33.637578195464314
2 19 32.727876844795375
2 20 33.51773666634591
2 21 30.27835716848077
2 22 33.84795776956052
2 23 33.74002445162813
2 24 31.855535600095543
2 25 32.42978815088089
2 26 31.641947063393207
2 27 29.961273088963974
2 28 29.054860342326645
2 29 28.36975105113141
3 0 30.26517958063272
3 1 29.898270314370176
3 2 31.889790214361803
3 3 31.727954526604748
3 4 31.747552664220528
3 5 30.8005885496545
3 6 34.52877907208452
3 7 31.592997233015225
3 8 34.21252737544176
3 9 33.10297606888057
3 10 31.656639576304855
3 11 32.64563638796563
3 12 30.78163631796056
3 13 33.03453856003359
3 14 32.71873103469961
3 15 32.72357528409757
3 16 34.88061822651576
3 17 33.85260043733196
3 18 31.621589215965106
3 19 32.94960603837758
3 20 33.11057412846137
3 21 31.414278046841297
3 22 32.95499904496553
3 23 33.02284542528772
3 24 30.216157829140933
3 25 31.429982235053814
3 26 31.46916093333133
3 27 30.085973779229917
3 28 29.961273088963974
3 29 28.664196362542004
4 0 29.51634267939809
4 1 30.034501837976972
4 2 31.813663157716995
4 3 31.747552664220528
4 4 31.13877710040248
4 5 30.55484642624864
4 6 31.277840872436304
4 7 32.72546473490566
4 8 34.94045781851043
4 9 33.73984855433852
4 10 33.872140528451425
4 11 31.810053325086084
4 12 30.113212612840847
4 13 31.164031233796006
4 14 34.004487923221355
4 15 31.66336935375718
4 16 31.442372156706586
4 17 31.350492880136265
4 18 31.144334703345017
4 19 32.61219934485441
4 20 35.42433875963551
4 21 35.28138595962041
4 22 32.53737739415799
4 23 33.74087847222666
4 24 31.27087509050895
4 25 34.06784534741149
4 26 32.76214738442459
4 27 31.46916093333133
4 28 31.641947063393207
4 29 28.34459768109007
5 0 30.183838643186704
5 1 32.37140689761241
5 2 32.035167393410845
5 3 30.8005885496545
5 4 30.55484642624864
5 5 32.154564817029794
5 6 30.91199006884018
5 7 36.23743317010913
5 8 33.71730273187943
5 9 35.259180014156655
5 10 32.74305528981167
5 11 33.42015501813318
5 12 33.62832985143858
5 13 34.1942686555691
5 14 35.81080000557683
5 15 37.43955005908905
5 16 33.99480272635095
5 17 32.03517107174618
5 18 32.12880923741095
5 19 31.75323654332642
5 20 33.521145843938044
5 21 35.585735347990656
5 22 33.1096084105172
5 23 33.123851726446475
5 24 30.261300799114295
5 25 33.20214660489878
5 26 34.06784534741149
5 27 31.429982235053814
5 28 32.42978815088089
5 29 32.53552632476107
6 0 31.35054239069194
6 1 33.079517019307104
6 2 29.620233119369658
6 3 34.52877907208452
6 4 31.277840872436304
6 5 30.91199006884018
6 6 35.052295982342905
6 7 33.41140790199674
6 8 31.441602199353397
6 9 34.65839681316572
6 10 32.87228237043525
6 11 35.2313534370133
6 12 31.87458943395348
6 13 34.407053988731015
6 14 33.28774602996182
6 15 30.598302232523057
6 16 34.02204271387206
6 17 31.23044482409285
6 18 35.18137354141189
6 19 33.997221060089764
6 20 34.131352173290715
6 21 32.85133737317406
6 22 34.13360542020104
6 23 34.51947715931164
6 24 31.244268023913598
6 25 30.261300799114295
6 26 31.27087509050895
6 27 30.216157829140933
6 28 31.855535600095543
6 29 33.02455220288189
7 0 28.121459016148382
7 1 29.661279864437176
7 2 30.68542483289288
7 3 31.592997233015225
7 4 32.72546473490566
7 5 36.23743317010913
7 6 33.41140790199674
7 7 29.90665618563282
7 8 34.455313238673384
7 9 34.5216267922339
7 10 33.12971147433386
7 11 35.84330920089824
7 12 31.584278941508614
7 13 32.763212157539265
7 14 32.73529484771215
7 15 31.655159811126747
7 16 33.68429477074942
7 17 36.286824994057255
7 18 33.2849461993777
7 19 31.326703267507717
7 20 32.95423041521567
7 21 33.313932572565456
7 22 32.34875063804214
7 23 34.636984946257336
7 24 34.51947715931164
7 25 33.123851726446475
7 26 33.74087847222666
7 27 33.02284542528772
7 28 33.74002445162813
7 29 34.21653441586985
8 0 30.665865325536185
8 1 31.040076233568207
8 2 31.444123542094925
8 3 34.21252737544176
8 4 34.94045781851043
8 5 33.71730273187943
8 6 31.441602199353397
8 7 34.455313238673384
8 8 35.39282069936438
8 9 33.05301717222414
8 10 32.55368817465237
8 11 30.476438669702173
8 12 32.84052619991316
8 13 34.42647849389366
8 14 32.55403302329723
8 15 31.86188230173361
8 16 31.89525933382705
8 17 33.65963281940148
8 18 31.328759664209052
8 19 32.225263579607606
8 20 35.04157328160326
8 21 33.070317825437115
8 22 35.41783838228596
8 23 32.34875063804214
8 24 34.13360542020104
8 25 33.1096084105172
8 26 32.53737739415799
8 27 32.95499904496553
8 28 33.84795776956052
8 29 32.439970192958064
9 0 32.5095490608579
9 1 29.433564503714877
9 2 34.02562396561548
9 3 33.10297606888057
9 4 33.73984855433852
9 5 35.259180014156655
9 6 34.65839681316572
9 7 34.5216267922339
9 8 33.05301717222414
9 9 32.48788272782446
9 10 31.074107696189134
9 11 31.436491775561628
9 12 31.610662479041423
9 13 34.66356023515639
9 14 31.659979470344393
9 15 36.596825105346035
9 16 36.335594504685716
9 17 29.82861967558
9 18 32.158734178604924
9 19 35.85886223076344
9 20 32.67528124653239
9 21 32.49597341844729
9 22 33.070317825437115
9 23 33.313932572565456
9 24 32.85133737317406
9 25 35.585735347990656
9 26 35.28138595962041
9 27 31.414278046841297
9 28 30.27835716848077
9 29 31.876070135624165
10 0 32.47832095051656
10 1 31.4945017034717
10 2 33.84946427822498
10 3 31.656639576304855
10 4 33.872140528451425
10 5 32.74305528981167
10 6 32.87228237043525
10 7 33.12971147433386
10 8 32.55368817465237
10 9 31.074107696189134
10 10 34.42305344847824
10 11 35.633699873137
10 12 34.76070134119286
10 13 32.97878729106601
10 14 36.00661365835555
10 15 35.678600626669244
10 16 35.71690955489727
10 17 33.13163433842893
10 18 33.58512569589974
10 19 33.84924746580388
10 20 31.999331188248114
10 21 32.67528124653239
10 22 35.04157328160326
10 23 32.95423041521567
10 24 34.131352173290715
10 25 33.521145843938044
10 26 35.42433875963551
10 27 33.11057412846137
10 28 33.51773666634591
10 29 30.29474144498396
11 0 31.333506571344245
11 1 30.806719606358048
11 2 32.20950862399396
11 3 32.64563638796563
11 4 31.810053325086084
11 5 33.42015501813318
11 6 35.2313534370133
11 7 35.84330920089824
11 8 30.476438669702173
11 9 31.436491775561628
11 10 35.633699873137
11 11 33.04409590042126
11 12 31.858487494624324
11 13 35.56910369131176
11 14 33.70086661125486
11 15 35.45930470846899
11 16 37.60161511189653
11 17 34.49346311300335
11 18 33.171797436799096
11 19 31.810393454220296
11 20 33.84924746580388
11 21 35.85886223076344
11 22 32.225263579607606
11 23 31.326703267507717
11 24 33.997221060089764
11 25 31.75323654332642
11 26 32.61219934485441
11 27 32.94960603837758
11 28 32.727876844795375
11 29 33.561020517766345
12 0 33.8616890985666
12 1 31.60237746953585
12 2 32.71318346336404
12 3 30.78163631796056
12 4 30.113212612840847
12 5 33.62832985143858
12 6 31.87458943395348
12 7 31.584278941508614
12 8 32.84052619991316
12 9 31.610662479041423
12 10 34.76070134119286
12 11 31.858487494624324
12 12 32.56723389246638
12 13 35.885963178618546
12 14 34.12786364509942
12 15 35.59505739160648
12 16 34.275593649150785
12 17 36.11678226685021
12 18 33.30078124999999
12 19 33.171797436799096
12 20 33.58512569589974
12 21 32.158734178604924
12 22 31.328759664209052
12 23 33.2849461993777
12 24 35.18137354141189
12 25 32.12880923741095
12 26 31.144334703345017
12 27 31.621589215965106
12 28 33.637578195464314
12 29 33.021573992386294
13 0 33.08950240971197
13 1 32.912408965048556
13 2 32.92064054511854
13 3 33.03453856003359
13 4 31.164031233796006
13 5 34.1942686555691
13 6 34.407053988731015
13 7 32.763212157539265
13 8 34.42647849389366
13 9 34.66356023515639
13 10 32.97878729106601
13 11 35.56910369131176
13 12 35.885963178618546
13 13 34.20179064166138
13 14 33.87069256264275
13 15 33.30382578880904
13 16 32.05577977749481
13 17 33.92559622251344
13 18 36.11678226685021
13 19 34.49346311300335
13 20 33.13163433842893
13 21 29.82861967558
13 22 33.65963281940148
13 23 36.286824994057255
13 24 31.23044482409285
13 25 32.03517107174618
13 26 31.350492880136265
13 27 33.85260043733196
13 28 32.168110040153984
13 29 30.83823895086029
14 0 34.28346082798102
14 1 36.36188896483191
14 2 30.13324566697424
14 3 32.71873103469961
14 4 34.004487923221355
14 5 35.81080000557683
14 6 33.28774602996182
14 7 32.73529484771215
14 8 32.55403302329723
14 9 31.659979470344393
14 10 36.00661365835555
14 11 33.70086661125486
14 12 34.12786364509942
14 13 33.87069256264275
14 14 16.43635748975704
14 15 34.224257431390456
14 16 32.76980155442011
14 17 32.05577977749481
14 18 34.275593649150785
14 19 37.60161511189653
14 20 35.71690955489727
14 21 36.335594504685716
14 22 31.89525933382705
14 23 33.68429477074942
14 24 34.02204271387206
14 25 33.99480272635095
14 26 31.442372156706586
14 27 34.88061822651576
14 28 31.397963653029624
14 29 32.019197943138515
15 0 30.825254419212445
15 1 29.381212178677053
15 2 32.69516365364234
15 3 32.72357528409757
15 4 31.66336935375718
15 5 37.43955005908905
15 6 30.598302232523057
15 7 31.655159811126747
15 8 31.86188230173361
15 9 36.596825105346035
15 10 35.678600626669244
15 11 35.45930470846899
15 12 35.59505739160648
15 13 33.30382578880904
15 14 34.224257431390456
15 15 30.805664062499996
15 16 34.224257431390456
15 17 33.30382578880904
15 18 35.59505739160648
15 19 35.45930470846899
15 20 35.678600626669244
15 21 36.596825105346035
15 22 31.86188230173361
15 23 31.655159811126747
15 24 30.598302232523057
15 25 37.43955005908905
15 26 31.66336935375718
15 27 32.72357528409757
15 28 32.69516365364234
15 29 29.381212178677053
16 0 29.997706422913698
16 1 32.019197943138515
16 2 31.397963653029624
16 3 34.88061822651576
16 4 31.442372156706586
16 5 33.99480272635095
16 6 34.02204271387206
16 7 33.68429477074942
16 8 31.89525933382705
16 9 36.335594504685716
16 10 35.71690955489727
16 11 37.60161511189653
16 12 34.275593649150785
16 13 32.05577977749481
16 14 32.76980155442011
16 15 34.224257431390456
16 16 16.43635748975704
16 17 33.87069256264275
16 18 34.12786364509942
16 19 33.70086661125486
16 20 36.00661365835555
16 21 31.659979470344393
16 22 32.55403302329723
16 23 32.73529484771215
16 24 33.28774602996182
16 25 35.81080000557683
16 26 34.004487923221355
16 27 32.71873103469961
16 28 30.13324566697424
16 29 36.36188896483191
17 0 31.985732588711056
17 1 30.83823895086029
17 2 32.168110040153984
17 3 33.85260043733196
17 4 31.350492880136265
17 5 32.03517107174618
17 6 31.23044482409285
17 7 36.286824994057255
17 8 33.65963281940148
17 9 29.82861967558
17 10 33.13163433842893
17 11 34.49346311300335
17 12 36.11678226685021
17 13 33.92559622251344
17 14 32.05577977749481
17 15 33.30382578880904
17 16 33.87069256264275
17 17 34.20179064166138
17 18 35.885963178618546
17 19 35.56910369131176
17 20 32.97878729106601
17 21 34.66356023515639
17 22 34.42647849389366
17 23 32.763212157539265
17 24 34.407053988731015
17 25 34.1942686555691
17 26 31.164031233796006
17 27 33.03453856003359
17 28 32.92064054511854
17 29 32.912408965048556
18 0 32.818298289294994
18 1 33.021573992386294
18 2 33.637578195464314
18 3 31.621589215965106
18 4 31.144334703345017
18 5 32.12880923741095
18 6 35.18137354141189
18 7 33.2849461993777
18 8 31.328759664209052
18 9 32.158734178604924
18 10 33.58512569589974
18 11 33.171797436799096
18 12 33.30078124999999
18 13 36.11678226685021
18 14 34.275593649150785
18 15 35.59505739160648
18 16 34.12786364509942
18 17 35.885963178618546
18 18 32.56723389246638
18 19 31.858487494624324
18 20 34.76070134119286
18 21 31.610662479041423
18 22 32.84052619991316
18 23 31.584278941508614
18 24 31.87458943395348
18 25 33.62832985143858
18 26 30.113212612840847
18 27 30.78163631796056
18 28 32.71318346336404
18 29 31.60237746953585
19 0 31.520631091262054
19 1 33.561020517766345
19 2 32.727876844795375
19 3 32.94960603837758
19 4 32.61219934485441
19 5 31.75323654332642
19 6 33.997221060089764
19 7 31.326703267507717
19 8 32.225263579607606
19 9 35.85886223076344
19 10 33.84924746580388
19 11 31.810393454220296
19 12 33.171797436799096
19 13 34.49346311300335
19 14 37.60161511189653
19 15 35.45930470846899
19 16 33.70086661125486
19 17 35.56910369131176
19 18 31.858487494624324
19 19 33.04409590042126
19 20 35.633699873137
19 21 31.436491775561628
19 22 30.476438669702173
19 23 35.84330920089824
19 24 35.2313534370133
19 25 33.42015501813318
19 26 31.810053325086084
19 27 32.64563638796563
19 28 32.20950862399396
19 29 30.806719606358048
20 0 31.529153062770312
20 1 30.29474144498396
20 2 33.51773666634591
20 3 33.11057412846137
20 4 35.42433875963551
20 5 33.521145843938044
20 6 34.131352173290715
20 7 32.95423041521567
20 8 35.04157328160326
20 9 32.67528124653239
20 10 31.999331188248114
20 11 33.84924746580388
20 12 33.58512569589974
20 13 33.13163433842893
20 14 35.71690955489727
20 15 35.678600626669244
20 16 36.00661365835555
20 17 32.97878729106601
20 18 34.76070134119286
20 19 35.633699873137
20 20 34.42305344847824
20 21 31.074107696189134
20 22 32.55368817465237
20 23 33.12971147433386
20 24 32.87228237043525
20 25 32.74305528981167
20 26 33.872140528451425
20 27 31.656639576304855
20 28 33.84946427822498
20 29 31.4945017034717
21 0 33.995454801234345
21 1 31.876070135624165
21 2 30.27835716848077
21 3 31.414278046841297
21 4 35.28138595962041
21 5 35.585735347990656
21 6 32.85133737317406
21 7 33.313932572565456
21 8 33.070317825437115
21 9 32.49597341844729
21 10 32.67528124653239
21 11 35.85886223076344
21 12 32.158734178604924
21 13 29.82861967558
21 14 36.335594504685716
21 15 36.596825105346035
21 16 31.659979470344393
21 17 34.66356023515639
21 18 31.610662479041423
21 19 31.436491775561628
21 20 31.074107696189134
21 21 32.48788272782446
21 22 33.05301717222414
21 23 34.5216267922339
21 24 34.65839681316572
21 25 35.259180014156655
21 26 33.73984855433852
21 27 33.10297606888057
21 28 34.02562396561548
21 29 29.433564503714877
22 0 31.828631515597966
22 1 32.439970192958064
22 2 33.84795776956052
22 3 32.95499904496553
22 4 32.53737739415799
22 5 33.1096084105172
22 6 34.13360542020104
22 7 32.34875063804214
22 8 35.41783838228596
22 9 33.070317825437115
22 10 35.04157328160326
22 11 32.225263579607606
22 12 31.328759664209052
22 13 33.65963281940148
22 14 31.89525933382705
22 15 31.86188230173361
22 16 32.55403302329723
22 17 34.42647849389366
22 18 32.84052619991316
22 19 30.476438669702173
22 20 32.55368817465237
22 21 33.05301717222414
22 22 35.39282069936438
22 23 34.455313238673384
22 24 31.441602199353397
22 25 33.71730273187943
22 26 34.94045781851043
22 27 34.21252737544176
22 28 31.444123542094925
22 29 31.040076233568207
23 0 33.33928789635887
23 1 34.21653441586985
23 2 33.74002445162813
23 3 33.02284542528772
23 4 33.74087847222666
23 5 33.123851726446475
23 6 34.51947715931164
23 7 34.636984946257336
23 8 32.34875063804214
23 9 33.313932572565456
23 10 32.95423041521567
23 11 31.326703267507717
23 12 33.2849461993777
23 13 36.286824994057255
23 14 33.68429477074942
23 15 31.655159811126747
23 16 32.73529484771215
23 17 32.763212157539265
23 18 31.584278941508614
23 19 35.84330920089824
23 20 33.12971147433386
23 21 34.5216267922339
23 22 34.455313238673384
23 23 29.90665618563282
23 24 33.41140790199674
23 25 36.23743317010913
23 26 32.72546473490566
23 27 31.592997233015225
23 28 30.68542483289288
23 29 29.661279864437176
24 0 32.56866749661662
24 1 33.02455220288189
24 2 31.855535600095543
24 3 30.216157829140933
24 4 31.27087509050895
24 5 30.261300799114295
24 6 31.244268023913598
24 7 34.51947715931164
24 8 34.13360542020104
24 9 32.85133737317406
24 10 34.131352173290715
24 11 33.997221060089764
24 12 35.18137354141189
24 13 31.23044482409285
24 14 34.02204271387206
24 15 30.598302232523057
24 16 33.28774602996182
24 17 34.407053988731015
24 18 31.87458943395348
24 19 35.2313534370133
24 20 32.87228237043525
24 21 34.65839681316572
24 22 31.441602199353397
24 23 33.41140790199674
24 24 35.052295982342905
24 25 30.91199006884018
24 26 31.277840872436304
24 27 34.52877907208452
24 28 29.620233119369658
24 29 33.079517019307104
25 0 31.117619050467923
25 1 32.53552632476107
25 2 32.42978815088089
25 3 31.429982235053814
25 4 34.06784534741149
25 5 33.20214660489878
25 6 30.261300799114295
25 7 33.123851726446475
25 8 33.1096084105172
25 9 35.585735347990656
25 10 33.521145843938044
25 11 31.75323654332642
25 12 32.12880923741095
25 13 32.03517107174618
25 14 33.99480272635095
25 15 37.43955005908905
25 16 35.81080000557683
25 17 34.1942686555691
25 18 33.62832985143858
25 19 33.42015501813318
25 20 32.74305528981167
25 21 35.259180014156655
25 22 33.71730273187943
25 23 36.23743317010913
25 24 30.91199006884018
25 25 32.154564817029794
25 26 30.55484642624864
25 27 30.8005885496545
25 28 32.035167393410845
25 29 32.37140689761241
26 0 29.837651432784522
26 1 28.34459768109007
26 2 31.641947063393207
26 3 31.46916093333133
26 4 32.76214738442459
26 5 34.06784534741149
26 6 31.27087509050895
26 7 33.74087847222666
26 8 32.53737739415799
26 9 35.28138595962041
26 10 35.42433875963551
26 11 32.61219934485441
26 12 31.144334703345017
26 13 31.350492880136265
26 14 31.442372156706586
26 15 31.66336935375718
26 16 34.004487923221355
26 17 31.164031233796006
26 18 30.113212612840847
26 19 31.810053325086084
26 20 33.872140528451425
26 21 33.73984855433852
26 22 34.94045781851043
26 23 32.72546473490566
26 24 31.277840872436304
26 25 30.55484642624864
26 26 31.13877710040248
26 27 31.747552664220528
26 28 31.813663157716995
26 29 30.034501837976972
27 0 28.054518705768576
27 1 28.664196362542004
27 2 29.961273088963974
27 3 30.085973779229917
27 4 31.46916093333133
27 5 31.429982235053814
27 6 30.216157829140933
27 7 33.02284542528772
27 8 32.95499904496553
27 9 31.414278046841297
27 10 33.11057412846137
27 11 32.94960603837758
27 12 31.621589215965106
27 13 33.85260043733196
27 14 34.88061822651576
27 15 32.72357528409757
27 16 32.71873103469961
27 17 33.03453856003359
27 18 30.78163631796056
27 19 32.64563638796563
27 20 31.656639576304855
27 21 33.10297606888057
27 22 34.21252737544176
27 23 31.592997233015225
27 24 34.52877907208452
27 25 30.8005885496545
27 26 31.747552664220528
27 27 31.727954526604748
27 28 31.889790214361803
27 29 29.898270314370176
28 0 29.801888143120106
28 1 28.36975105113141
28 2 29.054860342326645
28 3 29.961273088963974
28 4 31.641947063393207
28 5 32.42978815088089
28 6 31.855535600095543
28 7 33.74002445162813
28 8 33.84795776956052
28 9 30.27835716848077
28 10 33.51773666634591
28 11 32.727876844795375
28 12 33.637578195464314
28 13 32.168110040153984
28 14 31.397963653029624
28 15 32.69516365364234
28 16 30.13324566697424
28 17 32.92064054511854
28 18 32.71318346336404
28 19 32.20950862399396
28 20 33.84946427822498
28 21 34.02562396561548
28 22 31.444123542094925
28 23 30.68542483289288
28 24 29.620233119369658
28 25 32.035167393410845
28 26 31.813663157716995
28 27 31.889790214361803
28 28 30.406612225368814
28 29 31.225998075948187
29 0 29.739566138438242
29 1 30.760981350201096
29 2 28.36975105113141
29 3 28.664196362542004
29 4 28.34459768109007
29 5 32.53552632476107
29 6 33.02455220288189
29 7 34.21653441586985
29 8 32.439970192958064
29 9 31.876070135624165
29 10 30.29474144498396
29 11 33.561020517766345
29 12 33.021573992386294
29 13 30.83823895086029
29 14 32.019197943138515
29 15 29.381212178677053
29 16 36.36188896483191
29 17 32.912408965048556
29 18 31.60237746953585
29 19 30.806719606358048
29 20 31.4945017034717
29 21 29.433564503714877
29 22 31.040076233568207
29 23 29.661279864437176
29 24 33.079517019307104
29 25 32.37140689761241
29 26 30.034501837976972
29 27 29.898270314370176
29 28 31.225998075948187
29 29 29.604982881363334
